init,     2026-04-09 12:12:24.940150
arguments,Namespace(PPO_epochs=5, alg='ppo', cuda=0, entropy=0.1, eps_clip=0.2, gamma=0.97, gymip_train_xml='inverted_pendulum_ChangeThk_0.050000.xml', hid_group_num=8, hid_group_size=8, hidden_num=64, ignore_checkpoint=True, lr=0.001, model='rwtaspk', monitor_time=False, optimizer='rmsprop', rep=11, response_window=40, road_scenario='highway', rwta_del_connection='none', skip_post_tests=True, snn_num_steps=15, task='gymip', thread=3, traffic_level='standard', train_num=2000)
model_dir,/root/autodl-tmp/SVPG2023/LANE/training_runs/baseline/highway_standard/models
log_dir,  /root/autodl-tmp/SVPG2023/LANE/training_runs/baseline/highway_standard/logs
train,    1, -7.416966,   27
train,    2, 7.783455,   16
train,    3, 20.848702,   29
train,    4, -3.261593,   14
train,    5, -0.348323,    7
train,    6, 1.951726,   11
train,    7, 3.234207,   11
train,    8, 11.651872,   20
train,    9, 1.219800,    9
train,    10, -4.385758,    6
train,    11, 16.606804,   20
train,    12, -0.063271,    9
train,    13, -0.590335,    6
train,    14, 5.157578,   13
train,    15, 2.576394,   13
train,    16, 8.962203,   15
train,    17, -3.120799,    5
train,    18, -6.268980,    3
train,    19, 4.648760,   12
train,    20, -0.820798,    6
train,    21, -2.466500,    5
train,    22, -1.587797,    6
train,    23, 7.258204,   13
train,    24, -3.150472,    6
train,    25, -4.980510,    3
train,    26, -5.261582,    3
train,    27, 3.174226,   10
train,    28, 8.275063,   14
train,    29, -4.733403,    3
train,    30, 7.077707,   15
train,    31, 8.469907,   14
train,    32, 3.125361,    9
train,    33, -3.409890,    5
train,    34, -1.134106,    7
train,    35, -2.044185,    5
train,    36, 14.604401,   18
train,    37, 0.300704,    7
train,    38, 0.131307,    8
train,    39, 13.708736,   19
train,    40, -3.244671,    5
train,    41, -1.319674,    6
train,    42, 0.398242,    9
train,    43, 15.884758,   20
train,    44, 5.020066,   14
train,    45, 6.264238,   13
train,    46, 3.422162,   10
train,    47, -0.079317,    8
train,    48, 0.190160,    9
train,    49, 0.525147,    9
train,    50, 0.238501,   11
train,    51, 7.597716,   13
train,    52, 28.597513,   33
train,    53, -2.035899,    6
train,    54, 9.507580,   16
train,    55, 6.477420,   14
train,    56, 8.390751,   17
train,    57, -3.617351,    5
train,    58, 6.305719,   14
train,    59, 15.625892,   27
train,    60, 27.305685,   46
train,    61, 4.398252,   14
train,    62, 40.389269,   58
train,    63, 3.276197,   12
train,    64, 22.045857,   32
train,    65, 21.233553,   34
train,    66, -0.755478,    7
train,    67, 66.001942,   98
train,    68, 18.917715,   36
train,    69, 14.506968,   27
train,    70, 83.512936,  135
train,    71, -2.740702,    6
train,    72, 13.745937,   27
train,    73, -5.039116,    3
train,    74, 91.620666,  132
train,    75, 102.228406,  150
train,    76, 48.253096,   83
train,    77, 95.197692,  150
train,    78, 104.044146,  150
train,    79, 89.723143,  150
train,    80, 91.281037,  150
train,    81, 100.965248,  150
train,    82, 49.724128,   82
train,    83, 6.336249,   16
train,    84, 7.841601,   19
train,    85, 21.247784,   37
train,    86, 26.306940,   32
train,    87, 3.630843,   15
train,    88, 14.770268,   29
train,    89, 0.895123,   12
train,    90, 115.067880,  150
train,    91, 43.058269,   74
train,    92, 16.842414,   32
train,    93, 34.748581,   50
train,    94, 97.728406,  150
train,    95, 105.830986,  150
train,    96, 42.024385,   70
train,    97, 97.489857,  150
train,    98, 42.513302,   73
train,    99, 92.307353,  150
val_save, 99,   93.307353,   150.0000
val,      99,   93.307353,   150.0000
train,    100, 93.623143,  150
train,    101, 101.649409,  150
train,    102, 79.375355,  125
train,    103, 94.639468,  150
train,    104, 92.647363,  150
train,    105, 32.295195,   54
train,    106, 9.784628,   26
train,    107, 18.366418,   35
train,    108, 42.389667,   67
train,    109, 2.520698,   16
train,    110, 3.776381,   16
train,    111, 2.940189,   16
train,    112, 106.717880,  150
train,    113, 90.938932,  150
train,    114, 101.307353,  150
train,    115, 95.438932,  150
train,    116, 100.965248,  150
train,    117, 89.560521,  150
train,    118, 83.702090,  150
train,    119, 98.846827,  150
train,    120, 20.200845,   38
train,    121, 101.596827,  150
train,    122, 89.902626,  150
train,    123, 83.359985,  150
train,    124, 83.702090,  150
train,    125, 95.438932,  150
train,    126, 99.938932,  150
train,    127, 36.918315,   68
train,    128, 83.359985,  150
train,    129, 95.096827,  150
train,    130, 45.608071,   67
train,    131, 115.675774,  150
train,    132, 96.465248,  150
train,    133, 103.017878,  150
train,    134, 99.938932,  150
train,    135, 100.281038,  150
train,    136, 3.132629,   19
train,    137, 94.412617,  150
train,    138, 99.938932,  150
train,    139, 89.912617,  150
train,    140, 101.307353,  150
train,    141, 84.728406,  150
train,    142, 94.754722,  150
train,    143, 100.965248,  150
train,    144, 99.938932,  150
train,    145, 94.754722,  150
train,    146, 94.412617,  150
train,    147, 95.781038,  150
train,    148, 113.953550,  150
train,    149, 2.389091,    9
train,    150, 20.620485,   31
train,    151, 8.487919,   22
train,    152, 5.604164,   12
train,    153, 4.362941,   15
train,    154, 17.477860,   31
train,    155, 98.859985,  150
train,    156, 94.412617,  150
train,    157, 95.781038,  150
train,    158, 89.570503,  150
train,    159, 103.359985,  150
train,    160, 100.965248,  150
train,    161, 99.938932,  150
train,    162, 95.781038,  150
train,    163, 91.281038,  150
train,    164, 15.003229,   34
train,    165, 53.193376,  102
train,    166, 6.203603,   22
train,    167, 103.649459,  150
train,    168, 96.123143,  150
train,    169, 83.359985,  150
train,    170, 96.807353,  150
train,    171, -2.650000,    6
train,    172, 84.386301,  150
train,    173, 95.096827,  150
train,    174, 95.096827,  150
train,    175, 95.096827,  150
train,    176, 83.702090,  150
train,    177, 101.590997,  150
train,    178, 99.938932,  150
train,    179, 83.702090,  150
train,    180, 89.228406,  150
train,    181, 100.965248,  150
train,    182, 94.412617,  150
train,    183, 88.886301,  150
train,    184, 100.965248,  150
train,    185, 83.702090,  150
train,    186, 89.570511,  150
train,    187, 100.281038,  150
train,    188, 100.965248,  150
train,    189, 83.702090,  150
train,    190, 84.386301,  150
train,    191, 89.228406,  150
train,    192, 100.623143,  150
train,    193, 100.281038,  150
train,    194, 95.096827,  150
train,    195, 83.359985,  150
train,    196, 84.386301,  150
train,    197, 89.570511,  150
train,    198, 83.359985,  150
train,    199, 94.412617,  150
val,      199,   13.389341,    24.2000
train,    200, 94.754722,  150
train,    201, 100.965240,  150
train,    202, 83.359985,  150
train,    203, 94.412617,  150
train,    204, 100.623143,  150
train,    205, 85.070511,  150
train,    206, 88.886301,  150
train,    207, 90.938932,  150
train,    208, 89.570511,  150
train,    209, 105.070511,  150
train,    210, 100.623143,  150
train,    211, 100.965248,  150
train,    212, 94.412617,  150
train,    213, 88.886301,  150
train,    214, 94.754722,  150
train,    215, 83.359985,  150
train,    216, 89.570511,  150
train,    217, 95.044196,  150
train,    218, 90.596827,  150
train,    219, 89.228406,  150
train,    220, 88.886301,  150
train,    221, 88.886301,  150
train,    222, 88.886301,  150
train,    223, 88.886301,  150
train,    224, 94.412617,  150
train,    225, 99.938932,  150
train,    226, 94.412617,  150
train,    227, 83.359985,  150
train,    228, 83.359985,  150
train,    229, 89.228406,  150
train,    230, 95.096827,  150
train,    231, 89.570511,  150
train,    232, 102.953549,  150
train,    233, 20.733162,   34
train,    234, 51.606792,   79
train,    235, 78.643434,  107
train,    236, 27.250953,   47
train,    237, 33.367651,   69
train,    238, 5.376867,   15
train,    239, 11.773682,   19
train,    240, 0.104913,    9
train,    241, 10.694764,   19
train,    242, 29.304249,   60
train,    243, 100.859985,  150
train,    244, 17.114347,   38
train,    245, 91.623143,  150
train,    246, 102.675774,  150
train,    247, 98.175774,  150
train,    248, 97.149459,  150
train,    249, 99.938932,  150
train,    250, 86.722566,  150
train,    251, 94.754722,  150
train,    252, 84.044196,  150
train,    253, 91.281038,  150
train,    254, 94.754722,  150
train,    255, 83.702090,  150
train,    256, 85.754722,  150
train,    257, 89.570511,  150
train,    258, 99.938932,  150
train,    259, 88.886301,  150
train,    260, 94.412617,  150
train,    261, 100.281038,  150
train,    262, 89.228406,  150
train,    263, 94.412617,  150
train,    264, -0.624166,   13
train,    265, 94.412617,  150
train,    266, 85.070511,  150
train,    267, 94.412617,  150
train,    268, 88.886301,  150
train,    269, 94.754722,  150
train,    270, 95.096827,  150
train,    271, 99.938932,  150
train,    272, 95.781038,  150
train,    273, 94.412617,  150
train,    274, 85.412617,  150
train,    275, 83.359985,  150
train,    276, 94.412617,  150
train,    277, 90.596827,  150
train,    278, 89.912617,  150
train,    279, 85.754722,  150
train,    280, 84.728406,  150
train,    281, 84.728406,  150
train,    282, 88.886301,  150
train,    283, 84.044196,  150
train,    284, 103.017880,  150
train,    285, 105.412617,  150
train,    286, 86.096827,  150
train,    287, 89.912617,  150
train,    288, 104.728406,  150
train,    289, 106.096825,  150
train,    290, 79.106123,  119
train,    291, 89.517880,  150
train,    292, 85.070511,  150
train,    293, 24.631787,   53
train,    294, 94.359985,  150
train,    295, 87.465248,  150
train,    296, 53.810252,   83
train,    297, 9.399553,   17
train,    298, 60.005748,   96
train,    299, 25.263299,   44
val,      299,   26.318433,    44.1000
train,    300, 9.804937,   22
train,    301, -6.209917,    3
train,    302, 37.464223,   62
train,    303, -3.669659,    5
train,    304, 3.953617,   10
train,    305, 17.560445,   24
train,    306, 1.980934,    9
train,    307, -6.088775,    3
train,    308, -4.413276,    5
train,    309, 18.628915,   24
train,    310, -4.873717,    3
train,    311, 7.288556,   13
train,    312, 9.639499,   15
train,    313, -0.672918,    9
train,    314, 27.790190,   40
train,    315, 9.261917,   15
train,    316, 10.756251,   15
train,    317, 5.968881,   13
train,    318, 12.023791,   22
train,    319, 21.993094,   37
train,    320, 21.496235,   34
train,    321, 14.254206,   33
train,    322, -2.426169,    8
train,    323, 17.591244,   27
train,    324, 1.530487,   11
train,    325, 3.587383,    9
train,    326, 22.967701,   30
train,    327, 61.442130,  103
train,    328, 3.072970,   11
train,    329, -4.707537,    3
train,    330, 0.340017,    7
train,    331, 59.369303,   97
train,    332, 14.413468,   22
train,    333, 16.182192,   32
train,    334, -3.390764,    7
train,    335, 28.307384,   50
resume,   2026-04-09 17:41:55.322572
train,    336, 21.096668,   32
train,    337, 3.184465,   10
train,    338, 2.445628,   12
train,    339, 22.822437,   31
train,    340, 2.404304,   11
train,    341, 12.052126,   21
train,    342, 20.730338,   41
train,    343, 90.815790,  150
train,    344, 12.407910,   21
train,    345, 20.874398,   31
train,    346, 4.513699,   11
train,    347, 13.332526,   29
train,    348, 91.570511,  150
train,    349, 47.384752,   76
train,    350, 9.179801,   19
train,    351, 3.196491,   13
train,    352, -4.643489,    4
train,    353, 3.865789,   14
train,    354, 13.103524,   19
train,    355, -5.107895,    4
train,    356, 94.991564,  150
train,    357, 101.538365,  150
train,    358, 24.934317,   36
train,    359, 50.959241,   88
train,    360, 110.816141,  150
train,    361, 106.438932,  150
train,    362, 84.044196,  150
train,    363, 89.228406,  150
train,    364, 83.359985,  150
train,    365, 89.570511,  150
train,    366, 84.044196,  150
train,    367, 95.428942,  150
train,    368, 95.438932,  150
train,    369, 88.886301,  150
train,    370, 90.938932,  150
train,    371, 94.412617,  150
train,    372, 83.702090,  150
train,    373, 89.228406,  150
train,    374, 88.886301,  150
train,    375, 94.754722,  150
train,    376, 88.886301,  150
train,    377, 94.412617,  150
train,    378, 83.359985,  150
train,    379, 83.359985,  150
train,    380, 83.359985,  150
train,    381, 100.564681,  150
train,    382, 99.938932,  150
train,    383, 94.754722,  150
train,    384, 88.886301,  150
train,    385, 94.412617,  150
train,    386, 89.228406,  150
train,    387, 88.886301,  150
train,    388, 83.359985,  150
train,    389, 6.314929,   23
train,    390, 101.307353,  150
train,    391, 83.359985,  150
train,    392, 83.359985,  150
train,    393, 83.359985,  150
train,    394, 99.938932,  150
train,    395, 88.886301,  150
train,    396, 83.702090,  150
train,    397, 94.412617,  150
train,    398, -2.340334,   10
train,    399, 83.359985,  150
val_save, 399,   92.202090,   150.0000
val,      399,   92.202090,   150.0000
train,    400, 94.412617,  150
train,    401, 88.886301,  150
train,    402, 83.359985,  150
train,    403, 83.359985,  150
train,    404, 99.938932,  150
train,    405, 94.412617,  150
train,    406, 83.359985,  150
train,    407, 99.938932,  150
train,    408, 88.886301,  150
train,    409, 83.359985,  150
train,    410, 100.281038,  150
train,    411, 94.412617,  150
train,    412, 88.886301,  150
train,    413, 83.359985,  150
train,    414, 88.886301,  150
train,    415, 83.702090,  150
train,    416, 88.886301,  150
train,    417, 98.447370,  150
train,    418, 90.596827,  150
train,    419, 88.886301,  150
train,    420, 83.359985,  150
train,    421, 83.359985,  150
train,    422, 88.886301,  150
train,    423, 83.359985,  150
train,    424, 100.965248,  150
train,    425, 88.886301,  150
train,    426, 89.228406,  150
train,    427, 110.202090,  150
train,    428, 106.096827,  150
train,    429, 7.273795,   29
train,    430, 96.070511,  150
train,    431, -3.876356,    6
train,    432, 98.175483,  150
train,    433, 95.781038,  150
train,    434, 83.359985,  150
train,    435, 94.412617,  150
train,    436, 83.359985,  150
train,    437, 94.754722,  150
train,    438, 84.386301,  150
train,    439, 96.807353,  150
train,    440, 89.570511,  150
train,    441, 88.886301,  150
train,    442, 103.359985,  150
train,    443, 83.359985,  150
train,    444, 96.807353,  150
train,    445, 89.228406,  150
train,    446, 84.044196,  150
train,    447, 83.359985,  150
train,    448, 88.886301,  150
train,    449, 100.623143,  150
train,    450, 100.281038,  150
train,    451, 88.886301,  150
train,    452, 100.281038,  150
train,    453, 84.044196,  150
train,    454, 100.281038,  150
train,    455, 88.886301,  150
train,    456, 83.359985,  150
train,    457, 100.281038,  150
train,    458, 88.886301,  150
train,    459, 89.228406,  150
train,    460, 89.228406,  150
train,    461, 100.965248,  150
train,    462, 95.781038,  150
train,    463, 99.886301,  150
train,    464, 85.400919,  150
train,    465, 106.368773,  150
train,    466, 100.912617,  150
train,    467, 97.781038,  150
train,    468, 46.782958,   78
train,    469, 83.702090,  150
train,    470, 84.044196,  150
train,    471, 89.228406,  150
train,    472, 83.005323,  129
train,    473, 103.359985,  150
train,    474, 94.412617,  150
train,    475, 83.359985,  150
train,    476, 95.086837,  150
train,    477, 95.096827,  150
train,    478, 90.938932,  150
train,    479, 84.044196,  150
train,    480, 100.965248,  150
train,    481, 89.570511,  150
train,    482, 89.912617,  150
train,    483, 89.570511,  150
train,    484, 90.596827,  150
train,    485, 85.000352,  150
train,    486, 102.675774,  150
train,    487, 110.190092,  150
train,    488, 91.281028,  150
train,    489, 73.906670,  132
train,    490, 32.130409,   60
train,    491, 15.122290,   27
train,    492, 92.649450,  150
train,    493, 97.491562,  150
train,    494, 91.623143,  150
train,    495, 93.333669,  150
train,    496, 96.807353,  150
train,    497, 100.965248,  150
train,    498, 92.991564,  150
train,    499, 96.070511,  150
val,      499,   43.071845,    69.2000
train,    500, 58.061915,  107
train,    501, -5.661217,    3
train,    502, 70.232374,  102
train,    503, 67.008203,  108
train,    504, 107.465248,  150
train,    505, 38.090016,   68
train,    506, 30.288535,   55
train,    507, 30.822109,   54
train,    508, 14.798328,   27
train,    509, 21.615600,   45
train,    510, 19.584908,   35
train,    511, 32.640632,   50
train,    512, 38.258773,   65
train,    513, 5.485143,   16
train,    514, 9.585265,   22
train,    515, 11.368141,   24
train,    516, 49.841834,   83
train,    517, 14.575299,   29
train,    518, 39.932170,   63
