init,     2026-04-10 17:04:32.201540
arguments,Namespace(PPO_epochs=4, adv_norm=1, alg='ppo', cuda=0, curriculum_clean_ratio=0.8, curriculum_entropy_decay=0.9, curriculum_mode='adaptive', curriculum_noise_step=0.02, curriculum_patience=2, entropy=2.0, entropy_min=0.1, eps_clip=0.15, gae_lambda=0.97, gamma=0.995, grad_clip=0.5, gymip_train_xml='inverted_pendulum_ChangeThk_0.050000.xml', hid_group_num=8, hid_group_size=8, hidden_num=64, ignore_checkpoint=False, lane_profile='auto', lr=0.0005, max_noise=0.08, mini_batch_size=128, model='rwtaspk', monitor_time=False, optimizer='rmsprop', rep=11, response_window=40, reward_scale=1.0, road_scenario='highway', rollout_steps=512, rwta_del_connection='none', seed=10051, snn_num_steps=15, task='gymip', thread=-1, traffic_level='standard', train_num=120, warm_start_kind='ours', warm_start_prefix='')
seed,     10051
model_dir,/root/autodl-tmp/SVPG2023/LANE/training_runs/ours/highway_standard/models
log_dir,  /root/autodl-tmp/SVPG2023/LANE/training_runs/ours/highway_standard/logs
profile,  lane auto-stabilize: lr->0.0005, gamma->0.995, PPO_epochs->4, eps_clip->0.15, rollout_steps->512, mini_batch_size->128, gae_lambda->0.97, grad_clip->0.5, curriculum_clean_ratio->0.8, max_noise->0.08, curriculum_noise_step->0.02
warm_start,/root/autodl-tmp/SVPG2023/LANE/training_runs/ours/highway_standard/models/ppo_gymip_rwtaspk_h8-8-40_none_rmsprop_0.000500_2.00_0.99500_4_0.1500_ro512_mb128_lam0.97_rs1.00_gc0.50_adaptive_roadhighway_tfstandard_seed10021_best
warm_critic,/root/autodl-tmp/SVPG2023/LANE/training_runs/ours/highway_standard/models/ppo_gymip_rwtaspk_h8-8-40_none_rmsprop_0.000500_2.00_0.99500_4_0.1500_ro512_mb128_lam0.97_rs1.00_gc0.50_adaptive_roadhighway_tfstandard_seed10021critic_best
train,    1, -2.755001,    8, 1.00,    3, 0.000, 0.000, 2.000, 32
train,    2, -1.932751,   10, 1.00,    2, 0.000, 0.000, 2.000, 32
train,    3, 17.824249,   13, 1.00,    5, 0.000, 0.000, 2.000, 32
train,    4, -0.182101,   14, 1.00,    7, 0.000, 0.000, 2.000, 32
train,    5, -8.946938,    4, 1.00,    2, 0.000, 0.000, 2.000, 32
train,    6, -45.146986,  103, 0.00,   33, 0.000, 0.000, 2.000, 32
train,    7, 3.918263,    9, 1.00,    2, 0.000, 0.000, 2.000, 32
train,    8, 2.323832,    9, 1.00,    3, 0.000, 0.000, 2.000, 32
train,    9, -13.640181,    8, 1.00,    4, 0.000, 0.000, 2.000, 32
train,    10, -7.772104,    8, 1.00,    3, 0.000, 0.000, 2.000, 32
train,    11, -12.394687,    2, 1.00,    1, 0.000, 0.000, 2.000, 33
train,    12, -4.641394,   11, 1.00,    4, 0.000, 0.000, 2.000, 33
train,    13, -2.876330,    8, 1.00,    3, 0.000, 0.000, 2.000, 33
train,    14, -11.286958,   10, 1.00,    4, 0.000, 0.000, 2.000, 33
train,    15, -1.171679,    5, 1.00,    0, 0.000, 0.000, 2.000, 33
train,    16, -10.874192,    3, 1.00,    2, 0.000, 0.000, 2.000, 33
train,    17, 12.117984,   19, 1.00,   10, 0.000, 0.000, 2.000, 33
train,    18, 11.691660,   26, 1.00,    6, 0.000, 0.000, 2.000, 33
train,    19, -8.228109,    7, 1.00,    2, 0.000, 0.000, 2.000, 33
train,    20, -10.535861,    5, 1.00,    4, 0.000, 0.000, 2.000, 33
train,    21, -5.203958,    6, 1.00,    3, 0.000, 0.000, 2.000, 33
train,    22, -14.137463,    4, 1.00,    4, 0.000, 0.000, 2.000, 33
train,    23, 0.923882,    8, 1.00,    3, 0.000, 0.000, 2.000, 33
train,    24, -2.406306,    6, 1.00,    3, 0.000, 0.000, 2.000, 33
val_save, 24, -79.258736, 0.0000,  60.0000,   0.0000, 0.0000,  20.1166
val,      24, -79.258736, 0.0000,  60.0000,   0.0000, 0.0000,  20.1166
train,    25, -12.379028,    2, 1.00,    1, 0.000, 0.000, 2.000, 33
train,    26, -9.011080,    4, 1.00,    3, 0.000, 0.000, 2.000, 33
train,    27, -11.724229,    5, 1.00,    2, 0.000, 0.000, 2.000, 33
train,    28, 6.131525,   48, 1.00,   18, 0.000, 0.000, 2.000, 33
train,    29, 32.389704,   24, 1.00,    4, 0.000, 0.000, 2.000, 33
train,    30, 0.338449,    9, 1.00,    6, 0.000, 0.000, 2.000, 34
train,    31, -3.399548,   12, 1.00,    6, 0.000, 0.000, 2.000, 34
train,    32, -5.741142,    6, 1.00,    3, 0.000, 0.000, 2.000, 34
train,    33, 4.471096,   28, 1.00,   10, 0.000, 0.000, 2.000, 34
train,    34, -9.191113,   35, 1.00,   13, 0.000, 0.000, 2.000, 34
train,    35, -9.803050,    3, 1.00,    1, 0.000, 0.000, 2.000, 34
train,    36, -12.914914,    3, 1.00,    2, 0.000, 0.000, 2.000, 34
train,    37, -13.379606,    3, 1.00,    1, 0.000, 0.000, 2.000, 34
train,    38, -23.707803,  150, 0.00,   60, 0.000, 0.000, 2.000, 34
update,   38,    1,  638, -6.517494, 0.000000
train,    39, 42.300254,   24, 1.00,    6, 0.000, 0.000, 2.000, 34
train,    40, -12.691482,    3, 1.00,    2, 0.000, 0.000, 2.000, 34
train,    41, 5.974855,   14, 1.00,    8, 0.000, 0.000, 2.000, 34
train,    42, 21.804708,   15, 1.00,    4, 0.000, 0.000, 2.000, 34
train,    43, -11.166451,    7, 1.00,    4, 0.000, 0.000, 2.000, 34
train,    44, -13.651107,    3, 1.00,    2, 0.000, 0.000, 2.000, 34
train,    45, -11.510123,    3, 1.00,    1, 0.000, 0.000, 2.000, 34
train,    46, -1.916051,   16, 1.00,    5, 0.000, 0.000, 2.000, 34
train,    47, -13.599861,    2, 1.00,    2, 0.000, 0.000, 2.000, 34
train,    48, -23.818641,   30, 1.00,   13, 0.000, 0.000, 2.000, 34
train,    49, -9.662069,    4, 1.00,    1, 0.000, 0.000, 2.000, 34
val,      49, 20.109664, 1.0000,  12.4000,   0.0000, 0.0000,  29.0689
train,    50, -19.357749,    9, 1.00,    2, 0.000, 0.000, 2.000, 34
train,    51, -12.987500,    3, 1.00,    3, 0.000, 0.000, 2.000, 35
train,    52, 0.811211,   44, 1.00,   16, 0.000, 0.000, 2.000, 35
train,    53, 28.721439,   18, 1.00,    4, 0.000, 0.000, 2.000, 35
train,    54, -10.670762,   12, 1.00,    7, 0.000, 0.000, 2.000, 35
train,    55, 3.073358,   11, 1.00,    5, 0.000, 0.000, 2.000, 35
train,    56, -4.611691,    6, 1.00,    4, 0.000, 0.000, 2.000, 35
train,    57, 4.351485,   13, 1.00,    6, 0.000, 0.000, 2.000, 35
train,    58, 1.704351,   24, 1.00,    5, 0.000, 0.000, 2.000, 35
train,    59, -2.370601,    8, 1.00,    3, 0.000, 0.000, 2.000, 35
train,    60, 8.203909,   18, 1.00,    4, 0.000, 0.000, 2.000, 35
train,    61, -3.015658,    7, 1.00,    3, 0.000, 0.000, 2.000, 35
train,    62, 9.336539,   53, 1.00,   21, 0.000, 0.000, 2.000, 35
train,    63, -10.838110,    2, 1.00,    1, 0.000, 0.000, 2.000, 35
train,    64, -12.021761,    3, 1.00,    1, 0.000, 0.000, 2.000, 35
train,    65, 35.076992,   30, 1.00,    7, 0.000, 0.000, 2.000, 35
train,    66, -10.826042,    2, 1.00,    1, 0.000, 0.000, 2.000, 35
train,    67, 12.878021,   50, 1.00,   19, 0.000, 0.000, 2.000, 35
train,    68, -4.313050,    5, 1.00,    2, 0.000, 0.000, 2.000, 35
train,    69, -32.315712,   20, 1.00,    8, 0.000, 0.000, 2.000, 35
train,    70, -10.911864,    3, 1.00,    2, 0.000, 0.000, 2.000, 36
train,    71, 16.078984,   65, 1.00,   25, 0.000, 0.000, 2.000, 36
update,   71,    2,  527, -4.331411, 0.000000
train,    72, 19.838691,   97, 1.00,   32, 0.000, 0.000, 2.000, 36
train,    73, -13.297455,    2, 1.00,    0, 0.000, 0.000, 2.000, 36
train,    74, -7.184090,   14, 1.00,    6, 0.000, 0.000, 2.000, 36
val,      74, 27.414977, 1.0000,  15.2000,   0.0000, 0.0000,  29.2258
train,    75, -12.552913,    3, 1.00,    0, 0.000, 0.000, 2.000, 36
train,    76, 19.937486,   18, 1.00,    4, 0.000, 0.000, 2.000, 36
train,    77, 1.921702,   10, 1.00,    4, 0.000, 0.000, 2.000, 36
train,    78, 50.571102,   24, 1.00,    4, 0.000, 0.000, 2.000, 36
train,    79, -15.288108,    5, 1.00,    1, 0.000, 0.000, 2.000, 36
train,    80, 4.025802,   23, 1.00,    8, 0.000, 0.000, 2.000, 36
train,    81, 19.340673,   14, 1.00,    7, 0.000, 0.000, 2.000, 36
train,    82, -11.985983,    3, 1.00,    2, 0.000, 0.000, 2.000, 36
train,    83, -4.739109,    5, 1.00,    2, 0.000, 0.000, 2.000, 36
train,    84, -11.402553,    2, 1.00,    1, 0.000, 0.000, 2.000, 36
train,    85, 55.929593,   51, 1.00,   18, 0.000, 0.000, 2.000, 36
train,    86, -15.700992,    3, 1.00,    0, 0.000, 0.000, 2.000, 36
train,    87, -11.330644,    3, 1.00,    1, 0.000, 0.000, 2.000, 36
