init,     2026-04-09 13:35:39.842102
arguments,Namespace(PPO_epochs=4, adv_norm=1, alg='ppo', cuda=0, curriculum_clean_ratio=0.8, curriculum_entropy_decay=0.9, curriculum_mode='adaptive', curriculum_noise_step=0.02, curriculum_patience=2, entropy=2.0, entropy_min=0.1, eps_clip=0.15, gae_lambda=0.97, gamma=0.995, grad_clip=0.5, gymip_train_xml='inverted_pendulum_ChangeThk_0.050000.xml', hid_group_num=8, hid_group_size=8, hidden_num=64, ignore_checkpoint=True, lane_profile='auto', lr=0.0005, max_noise=0.08, mini_batch_size=128, model='rwtaspk', monitor_time=False, optimizer='rmsprop', rep=11, response_window=40, reward_scale=1.0, road_scenario='highway', rollout_steps=512, rwta_del_connection='none', seed=32, snn_num_steps=15, task='gymip', thread=1, traffic_level='dense', train_num=2000, warm_start_kind='none', warm_start_prefix='')
seed,     32
model_dir,/root/autodl-tmp/SVPG2023/LANE/training_runs/ours/highway_dense/models
log_dir,  /root/autodl-tmp/SVPG2023/LANE/training_runs/ours/highway_dense/logs
profile,  lane auto-stabilize: lr->0.0005, gamma->0.995, PPO_epochs->4, eps_clip->0.15, rollout_steps->512, mini_batch_size->128, gae_lambda->0.97, grad_clip->0.5, curriculum_clean_ratio->0.8, max_noise->0.08, curriculum_noise_step->0.02
train,    1, -10.050356,    4, 1.00,    3, 0.000, 0.000, 2.000, 52
train,    2, -3.637188,   25, 1.00,    9, 0.000, 0.000, 2.000, 52
train,    3, -0.276225,   33, 1.00,   10, 0.000, 0.000, 2.000, 52
train,    4, -5.835221,   11, 1.00,    5, 0.000, 0.000, 2.000, 52
train,    5, -2.670230,   36, 1.00,   16, 0.000, 0.000, 2.000, 52
train,    6, -2.950162,   18, 1.00,    6, 0.000, 0.000, 2.000, 53
train,    7, 2.504926,   33, 1.00,   11, 0.000, 0.000, 2.000, 53
train,    8, -12.076060,   46, 1.00,   22, 0.000, 0.000, 2.000, 53
train,    9, -10.570953,   34, 1.00,   17, 0.000, 0.000, 2.000, 53
train,    10, 5.803604,   33, 1.00,    9, 0.000, 0.000, 2.000, 53
train,    11, -9.993306,    9, 1.00,    6, 0.000, 0.000, 2.000, 53
train,    12, -8.993778,    7, 1.00,    4, 0.000, 0.000, 2.000, 53
train,    13, -0.898361,   10, 1.00,    3, 0.000, 0.000, 2.000, 53
train,    14, -11.322547,    3, 1.00,    3, 0.000, 0.000, 2.000, 53
train,    15, -2.914936,   14, 1.00,    4, 0.000, 0.000, 2.000, 54
train,    16, 6.280742,   15, 1.00,    1, 0.000, 0.000, 2.000, 54
train,    17, 5.599930,   32, 1.00,   11, 0.000, 0.000, 2.000, 54
train,    18, -6.256265,    9, 1.00,    5, 0.000, 0.000, 2.000, 54
train,    19, -5.090652,    8, 1.00,    3, 0.000, 0.000, 2.000, 54
train,    20, -3.269971,   12, 1.00,    5, 0.000, 0.000, 2.000, 54
train,    21, -11.425178,    3, 1.00,    3, 0.000, 0.000, 2.000, 54
train,    22, -8.046516,    7, 1.00,    4, 0.000, 0.000, 2.000, 54
train,    23, -5.488879,    5, 1.00,    2, 0.000, 0.000, 2.000, 54
train,    24, -4.662352,    4, 1.00,    0, 0.000, 0.000, 2.000, 54
val_save, 24, -22.917164, 1.0000,  15.4000,  15.4000, 0.0000,  23.9086
val,      24, -22.917164, 1.0000,  15.4000,  15.4000, 0.0000,  23.9086
train,    25, -2.007105,    9, 1.00,    2, 0.000, 0.000, 2.000, 54
train,    26, -14.148932,   20, 1.00,   12, 0.000, 0.000, 2.000, 55
train,    27, -11.959674,    4, 1.00,    4, 0.000, 0.000, 2.000, 55
train,    28, -9.540418,    4, 1.00,    3, 0.000, 0.000, 2.000, 55
train,    29, -1.606068,   16, 1.00,    4, 0.000, 0.000, 2.000, 55
train,    30, -11.941725,    7, 1.00,    5, 0.000, 0.000, 2.000, 55
train,    31, -7.641603,    4, 1.00,    1, 0.000, 0.000, 2.000, 55
train,    32, -8.868536,    7, 1.00,    3, 0.000, 0.000, 2.000, 55
train,    33, -7.635582,    7, 1.00,    3, 0.000, 0.000, 2.000, 55
train,    34, -5.000031,    4, 1.00,    1, 0.000, 0.000, 2.000, 55
train,    35, -5.751941,    8, 1.00,    3, 0.000, 0.000, 2.000, 56
train,    36, -9.548322,    4, 1.00,    3, 0.000, 0.000, 2.000, 56
train,    37, -2.491406,   16, 1.00,    5, 0.000, 0.000, 2.000, 56
update,   37,    1,  521, -4.700209, 0.000000
train,    38, -4.328224,   18, 1.00,    7, 0.000, 0.000, 2.000, 56
train,    39, -0.507387,   17, 1.00,    6, 0.000, 0.000, 2.000, 56
train,    40, -5.189917,   14, 1.00,    5, 0.000, 0.000, 2.000, 56
train,    41, -7.331421,   11, 1.00,    5, 0.000, 0.000, 2.000, 56
train,    42, -5.219525,   25, 1.00,   12, 0.000, 0.000, 2.000, 56
train,    43, -0.544972,   23, 1.00,   11, 0.000, 0.000, 2.000, 56
train,    44, -17.192713,   44, 1.00,   23, 0.000, 0.000, 2.000, 56
train,    45, -3.955411,    5, 1.00,    1, 0.000, 0.000, 2.000, 56
train,    46, -5.072702,    7, 1.00,    2, 0.000, 0.000, 2.000, 57
train,    47, -5.511961,    5, 1.00,    1, 0.000, 0.000, 2.000, 57
train,    48, -4.614861,   12, 1.00,    6, 0.000, 0.000, 2.000, 57
train,    49, -7.060986,    7, 1.00,    3, 0.000, 0.000, 2.000, 57
val_save, 49, 11.127827, 1.0000,  21.6000,   0.0000, 0.0000,  24.0966
val,      49, 11.127827, 1.0000,  21.6000,   0.0000, 0.0000,  24.0966
curriculum,noise_cap 0.0000 -> 0.0200, entropy 2.0000 -> 1.8000
train,    50, -11.514175,    6, 1.00,    5, 0.000, 0.020, 1.800, 57
train,    51, 0.444476,   10, 1.00,    2, 0.000, 0.020, 1.800, 57
train,    52, 26.197456,   48, 1.00,    8, 0.000, 0.020, 1.800, 57
train,    53, -4.953964,   20, 1.00,    9, 0.020, 0.020, 1.800, 57
train,    54, -1.092338,    8, 1.00,    2, 0.000, 0.020, 1.800, 57
train,    55, -8.221225,    5, 1.00,    3, 0.000, 0.020, 1.800, 58
train,    56, -4.453389,    6, 1.00,    2, 0.000, 0.020, 1.800, 58
train,    57, -2.184852,   24, 1.00,    9, 0.000, 0.020, 1.800, 58
train,    58, -5.959523,   15, 1.00,    5, 0.020, 0.020, 1.800, 58
train,    59, -6.333850,   11, 1.00,    3, 0.000, 0.020, 1.800, 58
train,    60, -4.121698,   26, 1.00,   10, 0.020, 0.020, 1.800, 58
train,    61, -9.948102,   11, 1.00,    7, 0.020, 0.020, 1.800, 58
train,    62, 11.968761,   46, 1.00,   14, 0.000, 0.020, 1.800, 58
train,    63, -3.918090,   14, 1.00,    4, 0.000, 0.020, 1.800, 58
train,    64, -2.936669,   38, 1.00,   18, 0.000, 0.020, 1.800, 58
train,    65, -3.359702,   11, 1.00,    4, 0.000, 0.020, 1.800, 58
train,    66, -0.509052,   31, 1.00,   10, 0.000, 0.020, 1.800, 59
update,   66,    2,  518, -2.370710, 0.000000
train,    67, -2.718654,   50, 1.00,   22, 0.000, 0.020, 1.800, 59
train,    68, -10.331734,   35, 1.00,   16, 0.020, 0.020, 1.800, 59
train,    69, -5.862416,    4, 1.00,    1, 0.020, 0.020, 1.800, 59
train,    70, -0.237919,   10, 1.00,    1, 0.020, 0.020, 1.800, 59
train,    71, -4.965279,    6, 1.00,    1, 0.000, 0.020, 1.800, 59
train,    72, -4.824614,   19, 1.00,    9, 0.000, 0.020, 1.800, 59
train,    73, 5.608397,   19, 1.00,    2, 0.000, 0.020, 1.800, 59
train,    74, -6.193811,    5, 1.00,    2, 0.020, 0.020, 1.800, 59
val_save, 74, -19.206512, 1.0000,  13.2000,  13.2000, 0.0000,  24.2639
val,      74, -19.206512, 1.0000,  13.2000,  13.2000, 0.0000,  24.2639
train,    75, -9.366225,   25, 1.00,   11, 0.000, 0.020, 1.800, 60
train,    76, -6.783007,   35, 1.00,   15, 0.000, 0.020, 1.800, 60
train,    77, -4.642809,    7, 1.00,    3, 0.000, 0.020, 1.800, 60
train,    78, -2.423275,    9, 1.00,    2, 0.000, 0.020, 1.800, 60
train,    79, -10.393127,    7, 1.00,    5, 0.000, 0.020, 1.800, 60
train,    80, -7.435957,   12, 1.00,    5, 0.000, 0.020, 1.800, 60
train,    81, -8.673358,    3, 1.00,    2, 0.000, 0.020, 1.800, 60
train,    82, -7.057227,    7, 1.00,    3, 0.000, 0.020, 1.800, 60
train,    83, -4.799312,    9, 1.00,    4, 0.020, 0.020, 1.800, 60
train,    84, -5.116220,   46, 1.00,   22, 0.000, 0.020, 1.800, 60
train,    85, -7.347935,    2, 1.00,    1, 0.020, 0.020, 1.800, 60
train,    86, -6.914361,    6, 1.00,    3, 0.000, 0.020, 1.800, 60
train,    87, -3.691287,    5, 1.00,    1, 0.000, 0.020, 1.800, 60
train,    88, -1.349435,   10, 1.00,    3, 0.000, 0.020, 1.800, 60
train,    89, -6.639242,    3, 1.00,    1, 0.000, 0.020, 1.800, 60
train,    90, -5.627475,   13, 1.00,    4, 0.000, 0.020, 1.800, 60
train,    91, 11.067985,   51, 1.00,   15, 0.000, 0.020, 1.800, 60
train,    92, 0.315102,    8, 1.00,    0, 0.000, 0.020, 1.800, 60
train,    93, -9.689246,    8, 1.00,    4, 0.000, 0.020, 1.800, 60
train,    94, 11.623731,   41, 1.00,   15, 0.000, 0.020, 1.800, 60
train,    95, -8.385175,   29, 1.00,   13, 0.020, 0.020, 1.800, 60
train,    96, -5.710449,   10, 1.00,    4, 0.000, 0.020, 1.800, 60
train,    97, -0.704079,    8, 1.00,    0, 0.000, 0.020, 1.800, 60
train,    98, -5.764575,    7, 1.00,    3, 0.000, 0.020, 1.800, 60
train,    99, -1.306973,    9, 1.00,    2, 0.020, 0.020, 1.800, 60
update,   99,    3,  518, -3.451030, 0.000000
val,      99, -15.147022, 1.0000,   8.6000,   8.6000, 0.0000,  23.9462
train,    100, -10.501838,   14, 1.00,    7, 0.000, 0.020, 1.800, 60
train,    101, -12.372799,   34, 1.00,   15, 0.000, 0.020, 1.800, 60
train,    102, -10.070067,    5, 1.00,    3, 0.000, 0.020, 1.800, 60
train,    103, -0.205255,   16, 1.00,    6, 0.000, 0.020, 1.800, 60
train,    104, -10.424869,   11, 1.00,    7, 0.000, 0.020, 1.800, 60
train,    105, -10.095875,    6, 1.00,    5, 0.000, 0.020, 1.800, 60
train,    106, -5.771026,   22, 1.00,    9, 0.000, 0.020, 1.800, 60
train,    107, -6.764567,   43, 1.00,   19, 0.000, 0.020, 1.800, 60
train,    108, -6.164964,    3, 1.00,    1, 0.000, 0.020, 1.800, 60
train,    109, -6.369508,   50, 1.00,   21, 0.000, 0.020, 1.800, 60
train,    110, -9.409439,   38, 1.00,   17, 0.000, 0.020, 1.800, 60
train,    111, -7.592865,   27, 1.00,   14, 0.020, 0.020, 1.800, 60
train,    112, -2.743040,   38, 1.00,   15, 0.000, 0.020, 1.800, 60
train,    113, -7.200948,   10, 1.00,    6, 0.020, 0.020, 1.800, 60
train,    114, -8.175581,    7, 1.00,    3, 0.000, 0.020, 1.800, 60
train,    115, -7.493604,   16, 1.00,    7, 0.020, 0.020, 1.800, 60
train,    116, -6.494576,    3, 1.00,    1, 0.020, 0.020, 1.800, 60
train,    117, -5.452665,    5, 1.00,    2, 0.000, 0.020, 1.800, 60
train,    118, -8.992136,    4, 1.00,    3, 0.000, 0.020, 1.800, 60
train,    119, -3.132976,   10, 1.00,    3, 0.000, 0.020, 1.800, 60
train,    120, -2.199414,   10, 1.00,    3, 0.000, 0.020, 1.800, 60
train,    121, 2.600849,   49, 1.00,   18, 0.000, 0.020, 1.800, 60
train,    122, 4.743432,   30, 1.00,    8, 0.000, 0.020, 1.800, 60
train,    123, -8.547657,    3, 1.00,    2, 0.000, 0.020, 1.800, 60
train,    124, -5.069005,    7, 1.00,    2, 0.020, 0.020, 1.800, 60
val_save, 124, -22.397327, 1.0000,  17.0000,  17.0000, 0.0000,  24.3576
val,      124, -22.397327, 1.0000,  17.0000,  17.0000, 0.0000,  24.3576
train,    125, -8.533544,   28, 1.00,   12, 0.000, 0.020, 1.800, 60
train,    126, -7.250793,    5, 1.00,    3, 0.000, 0.020, 1.800, 60
train,    127, -6.211439,    9, 1.00,    4, 0.020, 0.020, 1.800, 60
train,    128, -2.887821,    6, 1.00,    1, 0.000, 0.020, 1.800, 60
train,    129, -9.340175,    9, 1.00,    5, 0.000, 0.020, 1.800, 60
update,   129,    4,  518, -4.915493, -0.000000
train,    130, -3.681276,   25, 1.00,   11, 0.000, 0.020, 1.800, 60
train,    131, -3.177608,   10, 1.00,    2, 0.000, 0.020, 1.800, 60
train,    132, 13.108142,   29, 1.00,    6, 0.000, 0.020, 1.800, 60
train,    133, -3.405687,   10, 1.00,    3, 0.020, 0.020, 1.800, 60
train,    134, -8.136646,    6, 1.00,    3, 0.000, 0.020, 1.800, 60
train,    135, 4.660461,   28, 1.00,    8, 0.020, 0.020, 1.800, 60
train,    136, -6.993297,   12, 1.00,    5, 0.000, 0.020, 1.800, 60
train,    137, -3.491750,   16, 1.00,    6, 0.000, 0.020, 1.800, 60
train,    138, 9.424609,   23, 1.00,    7, 0.020, 0.020, 1.800, 60
train,    139, -7.228833,   20, 1.00,    9, 0.020, 0.020, 1.800, 60
train,    140, -8.479218,    4, 1.00,    2, 0.000, 0.020, 1.800, 60
train,    141, 1.295380,   17, 1.00,    5, 0.000, 0.020, 1.800, 60
train,    142, 7.239699,   32, 1.00,   11, 0.000, 0.020, 1.800, 60
train,    143, -2.200373,    5, 1.00,    0, 0.000, 0.020, 1.800, 60
train,    144, 1.378879,   16, 1.00,    4, 0.000, 0.020, 1.800, 60
train,    145, 3.951139,   33, 1.00,   11, 0.000, 0.020, 1.800, 60
train,    146, -8.260333,    7, 1.00,    4, 0.000, 0.020, 1.800, 60
train,    147, -6.827100,   11, 1.00,    6, 0.020, 0.020, 1.800, 60
train,    148, -5.592181,    8, 1.00,    3, 0.000, 0.020, 1.800, 60
train,    149, -11.807089,   22, 1.00,   13, 0.000, 0.020, 1.800, 60
val_save, 149, 5.871360, 1.0000,  11.8000,   0.0000, 0.0000,  27.9632
val,      149, 5.871360, 1.0000,  11.8000,   0.0000, 0.0000,  27.9632
train,    150, -1.322289,   18, 1.00,    5, 0.000, 0.020, 1.800, 60
train,    151, -8.069254,    5, 1.00,    3, 0.000, 0.020, 1.800, 60
train,    152, 25.643340,   68, 1.00,   18, 0.020, 0.020, 1.800, 60
train,    153, -0.797738,   22, 1.00,   10, 0.000, 0.020, 1.800, 60
train,    154, -1.617201,    6, 1.00,    1, 0.020, 0.020, 1.800, 60
train,    155, -3.500122,   13, 1.00,    5, 0.000, 0.020, 1.800, 60
train,    156, -9.068811,    3, 1.00,    2, 0.020, 0.020, 1.800, 60
train,    157, -4.052214,    9, 1.00,    3, 0.000, 0.020, 1.800, 60
train,    158, -0.828320,   28, 1.00,   11, 0.000, 0.020, 1.800, 60
train,    159, -4.232273,   12, 1.00,    5, 0.020, 0.020, 1.800, 60
update,   159,    5,  518, -2.348633, 0.000000
train,    160, 3.101520,   19, 1.00,    4, 0.000, 0.020, 1.800, 60
train,    161, -5.917637,   20, 1.00,    7, 0.000, 0.020, 1.800, 60
train,    162, -6.394077,   31, 1.00,   14, 0.000, 0.020, 1.800, 60
train,    163, -7.812123,    8, 1.00,    4, 0.000, 0.020, 1.800, 60
train,    164, -12.988428,   16, 1.00,    9, 0.000, 0.020, 1.800, 60
train,    165, 0.164095,   67, 1.00,   28, 0.000, 0.020, 1.800, 60
train,    166, -10.491717,   19, 1.00,   11, 0.020, 0.020, 1.800, 60
train,    167, -7.933679,    4, 1.00,    2, 0.020, 0.020, 1.800, 60
train,    168, -1.382803,   26, 1.00,    8, 0.000, 0.020, 1.800, 60
train,    169, 0.325763,   18, 1.00,    7, 0.000, 0.020, 1.800, 60
train,    170, 1.107316,   38, 1.00,   12, 0.000, 0.020, 1.800, 60
train,    171, -9.793496,    6, 1.00,    4, 0.020, 0.020, 1.800, 60
train,    172, -2.376791,   25, 1.00,   10, 0.000, 0.020, 1.800, 60
train,    173, -2.251246,    7, 1.00,    2, 0.020, 0.020, 1.800, 60
train,    174, -4.495933,   15, 1.00,    4, 0.000, 0.020, 1.800, 60
val_save, 174, 87.781038, 0.0000, 150.0000,   0.0000, 1.0000,  20.0069
val,      174, 87.781038, 0.0000, 150.0000,   0.0000, 1.0000,  20.0069
curriculum,noise_cap 0.0200 -> 0.0400, entropy 1.8000 -> 1.6200
train,    175, -9.070152,    3, 1.00,    2, 0.000, 0.040, 1.620, 60
train,    176, -6.968897,   16, 1.00,    7, 0.000, 0.040, 1.620, 60
train,    177, -3.365058,    8, 1.00,    2, 0.000, 0.040, 1.620, 60
train,    178, -4.228993,   10, 1.00,    4, 0.040, 0.040, 1.620, 60
train,    179, -2.505839,   12, 1.00,    4, 0.000, 0.040, 1.620, 60
train,    180, -8.395585,    4, 1.00,    3, 0.040, 0.040, 1.620, 60
train,    181, -6.744541,    7, 1.00,    3, 0.040, 0.040, 1.620, 60
train,    182, -6.178004,    5, 1.00,    2, 0.000, 0.040, 1.620, 60
train,    183, 2.125043,   35, 1.00,   14, 0.000, 0.040, 1.620, 60
train,    184, -8.287319,   21, 1.00,    9, 0.000, 0.040, 1.620, 60
train,    185, -3.978783,    9, 1.00,    4, 0.040, 0.040, 1.620, 60
train,    186, -6.091978,    8, 1.00,    3, 0.000, 0.040, 1.620, 60
train,    187, -13.771032,    6, 1.00,    6, 0.000, 0.040, 1.620, 60
train,    188, 5.601391,   15, 1.00,    3, 0.000, 0.040, 1.620, 60
train,    189, 0.136953,   23, 1.00,    7, 0.040, 0.040, 1.620, 60
train,    190, 0.596325,   28, 1.00,   12, 0.040, 0.040, 1.620, 60
update,   190,    6,  529, -4.324812, 0.000000
train,    191, 1.971327,   27, 1.00,    8, 0.000, 0.040, 1.620, 60
train,    192, -6.262985,    3, 1.00,    1, 0.000, 0.040, 1.620, 60
train,    193, -5.411268,   41, 1.00,   17, 0.000, 0.040, 1.620, 60
train,    194, -2.240248,   14, 1.00,    6, 0.000, 0.040, 1.620, 60
train,    195, 2.919669,   32, 1.00,   12, 0.000, 0.040, 1.620, 60
train,    196, -0.757577,   48, 1.00,   19, 0.040, 0.040, 1.620, 60
train,    197, -7.051618,   11, 1.00,    5, 0.000, 0.040, 1.620, 60
train,    198, -3.752656,    5, 1.00,    1, 0.000, 0.040, 1.620, 60
train,    199, -2.809439,    7, 1.00,    1, 0.000, 0.040, 1.620, 60
val_save, 199, 91.096827, 0.0000, 150.0000,   0.0000, 1.0000,  20.0069
val,      199, 91.096827, 0.0000, 150.0000,   0.0000, 1.0000,  20.0069
train,    200, -5.329310,    9, 1.00,    4, 0.000, 0.040, 1.620, 60
train,    201, -11.216341,  148, 1.00,   65, 0.000, 0.040, 1.620, 60
train,    202, -3.809482,    6, 1.00,    1, 0.000, 0.040, 1.620, 60
train,    203, -4.002663,    4, 1.00,    0, 0.000, 0.040, 1.620, 60
train,    204, -8.178342,   14, 1.00,    7, 0.000, 0.040, 1.620, 60
train,    205, -5.155313,   35, 1.00,   13, 0.040, 0.040, 1.620, 60
train,    206, -2.643638,   14, 1.00,    4, 0.000, 0.040, 1.620, 60
train,    207, 3.565174,   22, 1.00,    5, 0.000, 0.040, 1.620, 60
train,    208, -7.454592,   12, 1.00,    6, 0.000, 0.040, 1.620, 60
train,    209, -1.540459,   14, 1.00,    6, 0.000, 0.040, 1.620, 60
train,    210, -10.878589,   20, 1.00,   10, 0.000, 0.040, 1.620, 60
train,    211, -5.538904,    9, 1.00,    4, 0.000, 0.040, 1.620, 60
train,    212, -6.565519,    4, 1.00,    1, 0.000, 0.040, 1.620, 60
train,    213, 3.391732,   15, 1.00,    4, 0.000, 0.040, 1.620, 60
update,   213,    7,  514, -4.291613, 0.000000
train,    214, -7.016200,    3, 1.00,    1, 0.000, 0.040, 1.620, 60
train,    215, -6.078212,   60, 1.00,   25, 0.000, 0.040, 1.620, 60
train,    216, -3.200413,    9, 1.00,    3, 0.000, 0.040, 1.620, 60
train,    217, 2.869147,   26, 1.00,    7, 0.040, 0.040, 1.620, 60
train,    218, -6.757569,    3, 1.00,    1, 0.000, 0.040, 1.620, 60
train,    219, -3.584103,   14, 1.00,    4, 0.040, 0.040, 1.620, 60
train,    220, 9.488935,   33, 1.00,   11, 0.040, 0.040, 1.620, 60
train,    221, 6.748011,   45, 1.00,   15, 0.000, 0.040, 1.620, 60
train,    222, -4.523972,    8, 1.00,    3, 0.000, 0.040, 1.620, 60
train,    223, 1.318127,   13, 1.00,    4, 0.000, 0.040, 1.620, 60
train,    224, -7.872263,    6, 1.00,    3, 0.000, 0.040, 1.620, 60
val,      224, 3.765451, 1.0000,  10.2000,   0.0000, 0.0000,  28.2416
train,    225, -5.636017,   14, 1.00,    7, 0.000, 0.040, 1.620, 60
train,    226, -6.862834,    7, 1.00,    4, 0.000, 0.040, 1.620, 60
train,    227, 0.820594,   17, 1.00,    4, 0.000, 0.040, 1.620, 60
train,    228, -4.093132,   13, 1.00,    3, 0.000, 0.040, 1.620, 60
train,    229, -3.854722,    9, 1.00,    4, 0.000, 0.040, 1.620, 60
train,    230, -6.222737,    6, 1.00,    2, 0.000, 0.040, 1.620, 60
train,    231, -7.242268,    6, 1.00,    3, 0.040, 0.040, 1.620, 60
train,    232, -8.706617,    6, 1.00,    3, 0.000, 0.040, 1.620, 60
train,    233, -6.051161,    3, 1.00,    1, 0.040, 0.040, 1.620, 60
train,    234, -6.620580,    6, 1.00,    3, 0.000, 0.040, 1.620, 60
train,    235, 0.465218,   18, 1.00,    5, 0.000, 0.040, 1.620, 60
train,    236, -3.718711,    7, 1.00,    2, 0.000, 0.040, 1.620, 60
train,    237, -5.000355,   12, 1.00,    5, 0.000, 0.040, 1.620, 60
train,    238, -0.780003,   10, 1.00,    2, 0.000, 0.040, 1.620, 60
train,    239, -1.654160,    8, 1.00,    2, 0.000, 0.040, 1.620, 60
train,    240, -3.594409,    9, 1.00,    3, 0.000, 0.040, 1.620, 60
train,    241, -8.215569,   14, 1.00,    7, 0.040, 0.040, 1.620, 60
train,    242, -8.715806,    9, 1.00,    4, 0.000, 0.040, 1.620, 60
train,    243, -13.884284,   18, 1.00,   11, 0.000, 0.040, 1.620, 60
train,    244, -7.141099,    5, 1.00,    2, 0.000, 0.040, 1.620, 60
train,    245, -4.983301,    4, 1.00,    1, 0.000, 0.040, 1.620, 60
train,    246, 8.937580,   24, 1.00,    5, 0.040, 0.040, 1.620, 60
train,    247, 8.042189,   33, 1.00,   12, 0.000, 0.040, 1.620, 60
train,    248, -8.640833,   12, 1.00,    7, 0.000, 0.040, 1.620, 60
train,    249, -7.181418,    7, 1.00,    3, 0.000, 0.040, 1.620, 60
val,      249, 5.702857, 1.0000,  12.0000,   0.0000, 0.0000,  27.3973
train,    250, 1.109544,   14, 1.00,    4, 0.000, 0.040, 1.620, 60
train,    251, -1.608334,    8, 1.00,    2, 0.000, 0.040, 1.620, 60
update,   251,    8,  519, -4.070726, 0.000000
train,    252, -7.300304,    9, 1.00,    5, 0.040, 0.040, 1.620, 60
train,    253, -6.609997,   12, 1.00,    5, 0.000, 0.040, 1.620, 60
train,    254, -8.075631,    3, 1.00,    2, 0.000, 0.040, 1.620, 60
train,    255, 0.805733,   21, 1.00,    8, 0.040, 0.040, 1.620, 60
train,    256, 5.892339,   27, 1.00,    7, 0.040, 0.040, 1.620, 60
train,    257, -5.180184,   16, 1.00,    7, 0.000, 0.040, 1.620, 60
train,    258, -2.765048,   20, 1.00,    7, 0.040, 0.040, 1.620, 60
train,    259, 7.054239,   23, 1.00,    6, 0.000, 0.040, 1.620, 60
train,    260, -9.867404,   15, 1.00,    7, 0.000, 0.040, 1.620, 60
train,    261, -7.902096,    5, 1.00,    2, 0.000, 0.040, 1.620, 60
train,    262, -2.801180,   13, 1.00,    4, 0.000, 0.040, 1.620, 60
train,    263, -6.856217,    7, 1.00,    4, 0.000, 0.040, 1.620, 60
train,    264, 4.483197,   22, 1.00,    7, 0.000, 0.040, 1.620, 60
train,    265, -6.962836,    7, 1.00,    3, 0.000, 0.040, 1.620, 60
train,    266, -13.265478,    5, 1.00,    5, 0.000, 0.040, 1.620, 60
train,    267, 2.959052,   11, 1.00,    1, 0.000, 0.040, 1.620, 60
train,    268, -8.323356,   15, 1.00,    8, 0.000, 0.040, 1.620, 60
train,    269, -10.277235,    5, 1.00,    3, 0.000, 0.040, 1.620, 60
train,    270, -5.227515,    5, 1.00,    1, 0.000, 0.040, 1.620, 60
train,    271, -7.192397,    5, 1.00,    2, 0.000, 0.040, 1.620, 60
train,    272, -6.643277,    4, 1.00,    2, 0.000, 0.040, 1.620, 60
train,    273, -11.952826,    9, 1.00,    7, 0.000, 0.040, 1.620, 60
train,    274, -6.602122,   18, 1.00,    7, 0.040, 0.040, 1.620, 60
val,      274, 3.156868, 1.0000,   9.6000,   0.0000, 0.0000,  27.2644
train,    275, -5.820506,   16, 1.00,    8, 0.000, 0.040, 1.620, 60
train,    276, -13.826119,   13, 1.00,    8, 0.000, 0.040, 1.620, 60
train,    277, 3.394944,   22, 1.00,    7, 0.000, 0.040, 1.620, 60
train,    278, -2.262048,    9, 1.00,    2, 0.000, 0.040, 1.620, 60
train,    279, -2.927275,   11, 1.00,    5, 0.040, 0.040, 1.620, 60
train,    280, -6.215229,    3, 1.00,    1, 0.000, 0.040, 1.620, 60
train,    281, -2.098631,   11, 1.00,    4, 0.000, 0.040, 1.620, 60
train,    282, 3.079448,   36, 1.00,   11, 0.000, 0.040, 1.620, 60
train,    283, 3.461839,   18, 1.00,    2, 0.000, 0.040, 1.620, 60
train,    284, -1.496060,   13, 1.00,    3, 0.000, 0.040, 1.620, 60
train,    285, -3.818528,   10, 1.00,    4, 0.000, 0.040, 1.620, 60
train,    286, -5.800130,    7, 1.00,    2, 0.000, 0.040, 1.620, 60
train,    287, -0.988879,   38, 1.00,   15, 0.000, 0.040, 1.620, 60
train,    288, -5.031175,   12, 1.00,    3, 0.040, 0.040, 1.620, 60
train,    289, -3.868688,    8, 1.00,    2, 0.000, 0.040, 1.620, 60
train,    290, -8.324579,    5, 1.00,    3, 0.040, 0.040, 1.620, 60
train,    291, -8.323883,   14, 1.00,    6, 0.000, 0.040, 1.620, 60
update,   291,    9,  523, -4.774567, 0.000000
train,    292, -1.987731,   12, 1.00,    3, 0.000, 0.040, 1.620, 60
train,    293, -1.495031,   17, 1.00,    4, 0.000, 0.040, 1.620, 60
train,    294, 1.248997,   17, 1.00,    6, 0.000, 0.040, 1.620, 60
train,    295, -9.161781,   26, 1.00,   11, 0.000, 0.040, 1.620, 60
train,    296, -6.018915,    8, 1.00,    4, 0.040, 0.040, 1.620, 60
train,    297, -7.431532,   11, 1.00,    7, 0.000, 0.040, 1.620, 60
train,    298, -4.716608,    7, 1.00,    2, 0.000, 0.040, 1.620, 60
train,    299, -3.835611,   11, 1.00,    4, 0.000, 0.040, 1.620, 60
val,      299, 7.134638, 1.0000,  12.6000,   0.0000, 0.0000,  29.0578
train,    300, -6.898507,    4, 1.00,    2, 0.000, 0.040, 1.620, 60
train,    301, -7.734710,   13, 1.00,    5, 0.000, 0.040, 1.620, 60
train,    302, -4.121073,   11, 1.00,    3, 0.040, 0.040, 1.620, 60
train,    303, 7.648007,   41, 1.00,   11, 0.000, 0.040, 1.620, 60
train,    304, -3.786803,    5, 1.00,    1, 0.000, 0.040, 1.620, 60
train,    305, -9.234089,    5, 1.00,    3, 0.000, 0.040, 1.620, 60
train,    306, -5.689778,    4, 1.00,    1, 0.000, 0.040, 1.620, 60
train,    307, -7.710871,    3, 1.00,    2, 0.040, 0.040, 1.620, 60
train,    308, -7.991376,    6, 1.00,    4, 0.000, 0.040, 1.620, 60
train,    309, -3.685670,   12, 1.00,    3, 0.040, 0.040, 1.620, 60
train,    310, -3.863911,    7, 1.00,    3, 0.000, 0.040, 1.620, 60
train,    311, -8.070976,    6, 1.00,    3, 0.000, 0.040, 1.620, 60
train,    312, -6.266548,    7, 1.00,    3, 0.000, 0.040, 1.620, 60
train,    313, -2.612144,    7, 1.00,    1, 0.000, 0.040, 1.620, 60
train,    314, 2.265639,   14, 1.00,    3, 0.040, 0.040, 1.620, 60
train,    315, -5.559556,    9, 1.00,    3, 0.000, 0.040, 1.620, 60
train,    316, -4.739762,   13, 1.00,    4, 0.000, 0.040, 1.620, 60
train,    317, 2.384260,   24, 1.00,    8, 0.000, 0.040, 1.620, 60
train,    318, -11.371560,    8, 1.00,    5, 0.000, 0.040, 1.620, 60
train,    319, -4.232300,    8, 1.00,    2, 0.000, 0.040, 1.620, 60
train,    320, -8.002258,    4, 1.00,    2, 0.000, 0.040, 1.620, 60
train,    321, -8.274709,    3, 1.00,    2, 0.000, 0.040, 1.620, 60
train,    322, -0.827721,   12, 1.00,    4, 0.000, 0.040, 1.620, 60
train,    323, -7.226883,    2, 1.00,    1, 0.000, 0.040, 1.620, 60
train,    324, -13.135492,   30, 1.00,   16, 0.000, 0.040, 1.620, 60
val,      324, -0.475959, 1.0000,   7.0000,   0.0000, 0.0000,  27.5869
train,    325, 7.980029,   29, 1.00,   10, 0.000, 0.040, 1.620, 60
train,    326, 0.786463,   21, 1.00,    7, 0.000, 0.040, 1.620, 60
train,    327, 0.129990,   26, 1.00,   11, 0.000, 0.040, 1.620, 60
train,    328, -4.521719,    8, 1.00,    3, 0.000, 0.040, 1.620, 60
train,    329, -1.684900,   10, 1.00,    2, 0.000, 0.040, 1.620, 60
train,    330, -8.955125,    3, 1.00,    2, 0.000, 0.040, 1.620, 60
train,    331, -6.200206,   22, 1.00,   10, 0.000, 0.040, 1.620, 60
train,    332, -2.254938,   13, 1.00,    4, 0.000, 0.040, 1.620, 60
train,    333, -3.597698,   11, 1.00,    3, 0.000, 0.040, 1.620, 60
train,    334, -6.537525,   25, 1.00,    8, 0.000, 0.040, 1.620, 60
update,   334,   10,  535, -4.924659, 0.000000
train,    335, -6.087317,    8, 1.00,    3, 0.000, 0.040, 1.620, 60
train,    336, -4.488851,    6, 1.00,    2, 0.000, 0.040, 1.620, 60
train,    337, -4.870814,    3, 1.00,    0, 0.000, 0.040, 1.620, 60
train,    338, 1.849506,   18, 1.00,    6, 0.000, 0.040, 1.620, 60
train,    339, -4.006055,    9, 1.00,    2, 0.000, 0.040, 1.620, 60
train,    340, -0.064344,   14, 1.00,    3, 0.000, 0.040, 1.620, 60
train,    341, -7.037401,    4, 1.00,    2, 0.000, 0.040, 1.620, 60
train,    342, 2.433851,   13, 1.00,    2, 0.000, 0.040, 1.620, 60
train,    343, -5.634871,    4, 1.00,    1, 0.000, 0.040, 1.620, 60
train,    344, -6.437399,    6, 1.00,    3, 0.000, 0.040, 1.620, 60
train,    345, 3.095576,   28, 1.00,   10, 0.000, 0.040, 1.620, 60
train,    346, -6.961420,    4, 1.00,    2, 0.040, 0.040, 1.620, 60
train,    347, -5.393243,    8, 1.00,    3, 0.000, 0.040, 1.620, 60
train,    348, 4.155990,   48, 1.00,   18, 0.000, 0.040, 1.620, 60
train,    349, -6.912806,    4, 1.00,    2, 0.040, 0.040, 1.620, 60
val,      349, 5.765926, 1.0000,  11.6000,   0.0000, 0.0000,  28.7989
train,    350, -9.971613,   10, 1.00,    5, 0.040, 0.040, 1.620, 60
train,    351, -6.548759,    4, 1.00,    2, 0.040, 0.040, 1.620, 60
train,    352, 3.012109,   18, 1.00,    5, 0.040, 0.040, 1.620, 60
train,    353, -6.087764,   18, 1.00,    8, 0.000, 0.040, 1.620, 60
train,    354, 8.640535,   29, 1.00,    6, 0.040, 0.040, 1.620, 60
train,    355, -0.347352,   25, 1.00,    7, 0.000, 0.040, 1.620, 60
train,    356, -6.615751,    5, 1.00,    2, 0.000, 0.040, 1.620, 60
train,    357, -2.934255,   14, 1.00,    5, 0.000, 0.040, 1.620, 60
train,    358, -3.452819,   11, 1.00,    4, 0.000, 0.040, 1.620, 60
train,    359, -0.345882,   24, 1.00,    7, 0.000, 0.040, 1.620, 60
train,    360, -1.763605,   12, 1.00,    4, 0.000, 0.040, 1.620, 60
train,    361, 0.206500,   28, 1.00,   11, 0.000, 0.040, 1.620, 60
train,    362, -3.436176,    9, 1.00,    3, 0.000, 0.040, 1.620, 60
train,    363, 6.737148,   17, 1.00,    4, 0.000, 0.040, 1.620, 60
train,    364, 5.756564,   16, 1.00,    3, 0.000, 0.040, 1.620, 60
train,    365, -0.742491,    8, 1.00,    1, 0.040, 0.040, 1.620, 60
train,    366, 0.286181,   36, 1.00,   11, 0.000, 0.040, 1.620, 60
train,    367, -6.845096,    6, 1.00,    2, 0.000, 0.040, 1.620, 60
train,    368, -14.692890,    8, 1.00,    7, 0.000, 0.040, 1.620, 60
train,    369, 1.121838,   15, 1.00,    5, 0.040, 0.040, 1.620, 60
train,    370, -6.058740,    4, 1.00,    2, 0.000, 0.040, 1.620, 60
train,    371, -2.228301,   15, 1.00,    5, 0.000, 0.040, 1.620, 60
train,    372, 10.959451,   28, 1.00,    5, 0.000, 0.040, 1.620, 60
update,   372,   11,  537, -3.578258, -0.000000
train,    373, -6.009982,   18, 1.00,    8, 0.000, 0.040, 1.620, 60
train,    374, -2.629029,   12, 1.00,    3, 0.000, 0.040, 1.620, 60
val,      374, 2.475107, 1.0000,   9.2000,   0.0000, 0.0000,  27.7763
train,    375, -6.693058,    6, 1.00,    3, 0.000, 0.040, 1.620, 60
train,    376, -5.203687,    4, 1.00,    1, 0.000, 0.040, 1.620, 60
train,    377, 0.707637,   41, 1.00,   16, 0.000, 0.040, 1.620, 60
train,    378, -7.941003,    4, 1.00,    2, 0.000, 0.040, 1.620, 60
train,    379, -6.426649,   10, 1.00,    5, 0.000, 0.040, 1.620, 60
train,    380, -8.972241,    7, 1.00,    5, 0.000, 0.040, 1.620, 60
train,    381, -3.258820,   22, 1.00,   10, 0.000, 0.040, 1.620, 60
train,    382, -6.712926,    3, 1.00,    1, 0.000, 0.040, 1.620, 60
train,    383, -2.380941,    7, 1.00,    1, 0.000, 0.040, 1.620, 60
train,    384, -1.712503,   10, 1.00,    2, 0.000, 0.040, 1.620, 60
train,    385, 2.487728,   33, 1.00,   12, 0.000, 0.040, 1.620, 60
train,    386, 9.687250,   42, 1.00,   12, 0.000, 0.040, 1.620, 60
train,    387, -7.049403,    9, 1.00,    4, 0.000, 0.040, 1.620, 60
train,    388, -5.151726,    8, 1.00,    3, 0.040, 0.040, 1.620, 60
train,    389, -6.029590,    8, 1.00,    4, 0.040, 0.040, 1.620, 60
train,    390, -4.615648,    8, 1.00,    3, 0.040, 0.040, 1.620, 60
train,    391, 0.030732,   17, 1.00,    6, 0.000, 0.040, 1.620, 60
train,    392, -7.288794,    2, 1.00,    1, 0.000, 0.040, 1.620, 60
train,    393, -4.112301,   13, 1.00,    4, 0.000, 0.040, 1.620, 60
train,    394, -2.245389,   10, 1.00,    4, 0.000, 0.040, 1.620, 60
train,    395, -6.638941,    6, 1.00,    3, 0.000, 0.040, 1.620, 60
train,    396, -6.604231,    9, 1.00,    4, 0.000, 0.040, 1.620, 60
train,    397, -8.109381,    6, 1.00,    4, 0.040, 0.040, 1.620, 60
train,    398, -10.147441,   58, 1.00,   27, 0.000, 0.040, 1.620, 60
train,    399, -5.265123,   19, 1.00,    7, 0.000, 0.040, 1.620, 60
val,      399, -0.778386, 1.0000,   6.4000,   0.0000, 0.0000,  28.1763
train,    400, -6.879865,   27, 1.00,   12, 0.000, 0.040, 1.620, 60
train,    401, -11.429753,    5, 1.00,    4, 0.000, 0.040, 1.620, 60
train,    402, -8.894485,    9, 1.00,    5, 0.000, 0.040, 1.620, 60
train,    403, -5.572870,   15, 1.00,    7, 0.000, 0.040, 1.620, 60
train,    404, -2.381385,   11, 1.00,    2, 0.000, 0.040, 1.620, 60
train,    405, -4.829219,    6, 1.00,    1, 0.000, 0.040, 1.620, 60
train,    406, -5.283558,    6, 1.00,    2, 0.000, 0.040, 1.620, 60
train,    407, -5.853655,    6, 1.00,    2, 0.040, 0.040, 1.620, 60
train,    408, -4.875704,   17, 1.00,    6, 0.000, 0.040, 1.620, 60
train,    409, -0.357667,   48, 1.00,   15, 0.000, 0.040, 1.620, 60
update,   409,   12,  542, -4.418405, -0.000000
train,    410, -9.947790,    4, 1.00,    3, 0.000, 0.040, 1.620, 60
train,    411, -4.177216,   15, 1.00,    7, 0.000, 0.040, 1.620, 60
train,    412, -1.402366,   25, 1.00,    9, 0.000, 0.040, 1.620, 60
train,    413, -3.622813,   18, 1.00,    6, 0.040, 0.040, 1.620, 60
train,    414, -4.372006,   11, 1.00,    4, 0.000, 0.040, 1.620, 60
train,    415, -3.759018,   24, 1.00,    8, 0.000, 0.040, 1.620, 60
train,    416, -1.078856,   35, 1.00,   15, 0.040, 0.040, 1.620, 60
train,    417, 1.391663,   25, 1.00,    8, 0.000, 0.040, 1.620, 60
train,    418, -3.632881,   11, 1.00,    3, 0.000, 0.040, 1.620, 60
train,    419, -8.430494,    8, 1.00,    3, 0.000, 0.040, 1.620, 60
train,    420, -6.787573,    5, 1.00,    2, 0.000, 0.040, 1.620, 60
train,    421, -1.732024,    9, 1.00,    3, 0.000, 0.040, 1.620, 60
train,    422, -19.628617,   42, 1.00,   23, 0.000, 0.040, 1.620, 60
train,    423, -1.542315,   20, 1.00,    9, 0.000, 0.040, 1.620, 60
train,    424, -6.926740,   13, 1.00,    5, 0.000, 0.040, 1.620, 60
val,      424, 14.857876, 1.0000,  25.8000,   0.0000, 0.0000,  24.1321
train,    425, -0.720103,    8, 1.00,    1, 0.000, 0.040, 1.620, 60
train,    426, 4.873138,   21, 1.00,    6, 0.000, 0.040, 1.620, 60
train,    427, -5.511060,    4, 1.00,    1, 0.000, 0.040, 1.620, 60
train,    428, 8.135159,   33, 1.00,    8, 0.000, 0.040, 1.620, 60
train,    429, 0.163999,   10, 1.00,    2, 0.000, 0.040, 1.620, 60
train,    430, -5.179108,   20, 1.00,    8, 0.000, 0.040, 1.620, 60
train,    431, 5.601955,   44, 1.00,   13, 0.000, 0.040, 1.620, 60
train,    432, -8.804363,    3, 1.00,    2, 0.000, 0.040, 1.620, 60
train,    433, 6.302285,   32, 1.00,   10, 0.000, 0.040, 1.620, 60
train,    434, -2.965452,   23, 1.00,   10, 0.000, 0.040, 1.620, 60
train,    435, 8.620224,   46, 1.00,   14, 0.000, 0.040, 1.620, 60
train,    436, -6.272298,   12, 1.00,    6, 0.000, 0.040, 1.620, 60
update,   436,   13,  521, -3.870611, 0.000000
train,    437, -1.476342,    8, 1.00,    1, 0.000, 0.040, 1.620, 60
train,    438, -11.359549,    3, 1.00,    3, 0.000, 0.040, 1.620, 60
train,    439, -8.950778,   25, 1.00,   11, 0.000, 0.040, 1.620, 60
train,    440, 8.808803,   33, 1.00,    7, 0.000, 0.040, 1.620, 60
train,    441, 7.848217,   30, 1.00,   10, 0.000, 0.040, 1.620, 60
train,    442, -5.082020,    6, 1.00,    2, 0.000, 0.040, 1.620, 60
train,    443, -6.411211,    6, 1.00,    3, 0.000, 0.040, 1.620, 60
train,    444, -0.942428,    7, 1.00,    0, 0.000, 0.040, 1.620, 60
train,    445, -7.241549,    6, 1.00,    2, 0.000, 0.040, 1.620, 60
train,    446, -11.337535,    8, 1.00,    5, 0.000, 0.040, 1.620, 60
train,    447, -2.943912,    7, 1.00,    2, 0.000, 0.040, 1.620, 60
train,    448, -1.339877,   49, 1.00,   18, 0.000, 0.040, 1.620, 60
train,    449, 8.579785,   41, 1.00,    8, 0.000, 0.040, 1.620, 60
val_save, 449, 95.517880, 0.0000, 150.0000,   0.0000, 1.0000,  20.0069
val,      449, 95.517880, 0.0000, 150.0000,   0.0000, 1.0000,  20.0069
train,    450, -4.804761,    6, 1.00,    2, 0.000, 0.040, 1.620, 60
train,    451, 0.605422,   18, 1.00,    5, 0.000, 0.040, 1.620, 60
train,    452, -8.143627,   16, 1.00,    7, 0.040, 0.040, 1.620, 60
train,    453, -7.476493,   20, 1.00,    9, 0.000, 0.040, 1.620, 60
train,    454, -2.588411,    6, 1.00,    1, 0.000, 0.040, 1.620, 60
train,    455, -1.149093,   12, 1.00,    5, 0.040, 0.040, 1.620, 60
train,    456, -11.839944,   29, 1.00,   16, 0.000, 0.040, 1.620, 60
train,    457, 1.653721,   22, 1.00,    7, 0.000, 0.040, 1.620, 60
train,    458, -8.848858,    7, 1.00,    4, 0.000, 0.040, 1.620, 60
train,    459, -8.050300,   39, 1.00,   17, 0.000, 0.040, 1.620, 60
train,    460, 5.173983,   18, 1.00,    3, 0.000, 0.040, 1.620, 60
train,    461, -3.620940,   23, 1.00,    8, 0.000, 0.040, 1.620, 60
train,    462, 6.923893,   20, 1.00,    4, 0.000, 0.040, 1.620, 60
train,    463, -1.658139,    9, 1.00,    1, 0.000, 0.040, 1.620, 60
train,    464, -4.435581,   48, 1.00,   18, 0.000, 0.040, 1.620, 60
update,   464,   14,  522, -3.987558, -0.000000
train,    465, -9.953499,   15, 1.00,    8, 0.000, 0.040, 1.620, 60
train,    466, -8.494378,    9, 1.00,    5, 0.000, 0.040, 1.620, 60
train,    467, -2.947013,    9, 1.00,    2, 0.040, 0.040, 1.620, 60
train,    468, -3.398108,    9, 1.00,    2, 0.000, 0.040, 1.620, 60
train,    469, 7.714206,   40, 1.00,   11, 0.000, 0.040, 1.620, 60
train,    470, -0.222483,   10, 1.00,    3, 0.000, 0.040, 1.620, 60
train,    471, -1.882517,    7, 1.00,    1, 0.040, 0.040, 1.620, 60
train,    472, -8.395885,    5, 1.00,    3, 0.040, 0.040, 1.620, 60
train,    473, -0.938149,   15, 1.00,    3, 0.040, 0.040, 1.620, 60
train,    474, 13.774815,   63, 1.00,   19, 0.000, 0.040, 1.620, 60
val,      474, 92.202090, 0.0000, 150.0000,   0.0000, 1.0000,  20.0069
train,    475, -8.736582,    4, 1.00,    3, 0.000, 0.040, 1.620, 60
train,    476, 1.085668,   24, 1.00,    7, 0.000, 0.040, 1.620, 60
train,    477, -9.879343,    4, 1.00,    3, 0.040, 0.040, 1.620, 60
train,    478, 3.911138,   14, 1.00,    2, 0.000, 0.040, 1.620, 60
train,    479, -3.999212,   17, 1.00,    5, 0.000, 0.040, 1.620, 60
train,    480, 15.123402,   36, 1.00,    8, 0.000, 0.040, 1.620, 60
train,    481, -2.475727,    7, 1.00,    1, 0.000, 0.040, 1.620, 60
train,    482, 4.184531,   17, 1.00,    3, 0.000, 0.040, 1.620, 60
train,    483, -3.395105,   13, 1.00,    4, 0.000, 0.040, 1.620, 60
train,    484, 6.711542,   28, 1.00,    7, 0.040, 0.040, 1.620, 60
train,    485, -8.864662,   33, 1.00,   16, 0.000, 0.040, 1.620, 60
train,    486, -9.406740,    6, 1.00,    4, 0.040, 0.040, 1.620, 60
train,    487, 15.634224,   28, 1.00,    5, 0.040, 0.040, 1.620, 60
train,    488, -0.333403,   10, 1.00,    2, 0.000, 0.040, 1.620, 60
train,    489, -7.868050,    4, 1.00,    2, 0.000, 0.040, 1.620, 60
train,    490, 1.562069,   33, 1.00,   10, 0.000, 0.040, 1.620, 60
train,    491, -6.898829,   14, 1.00,    5, 0.000, 0.040, 1.620, 60
train,    492, 2.571175,   17, 1.00,    3, 0.000, 0.040, 1.620, 60
train,    493, -11.707856,    8, 1.00,    5, 0.000, 0.040, 1.620, 60
train,    494, -0.577311,   17, 1.00,    5, 0.000, 0.040, 1.620, 60
update,   494,   15,  516, -3.008107, 0.000000
train,    495, -1.941617,    6, 1.00,    1, 0.000, 0.040, 1.620, 60
train,    496, -8.477578,    8, 1.00,    4, 0.000, 0.040, 1.620, 60
train,    497, -9.322484,    5, 1.00,    2, 0.000, 0.040, 1.620, 60
train,    498, 3.807463,   14, 1.00,    3, 0.040, 0.040, 1.620, 60
train,    499, -2.625341,   15, 1.00,    7, 0.000, 0.040, 1.620, 60
val,      499, 6.097556, 1.0000,  16.2000,   0.0000, 0.0000,  24.0980
train,    500, 0.695720,   15, 1.00,    4, 0.000, 0.040, 1.620, 60
train,    501, -6.216819,   16, 1.00,    5, 0.000, 0.040, 1.620, 60
train,    502, -3.021347,   12, 1.00,    4, 0.040, 0.040, 1.620, 60
train,    503, 2.971186,   22, 1.00,    8, 0.000, 0.040, 1.620, 60
train,    504, -9.151152,    4, 1.00,    3, 0.000, 0.040, 1.620, 60
train,    505, -4.526786,    9, 1.00,    3, 0.000, 0.040, 1.620, 60
train,    506, -5.490456,    7, 1.00,    3, 0.000, 0.040, 1.620, 60
train,    507, -2.421966,   20, 1.00,    6, 0.000, 0.040, 1.620, 60
train,    508, -1.502995,    9, 1.00,    1, 0.000, 0.040, 1.620, 60
train,    509, -1.677948,   20, 1.00,    7, 0.000, 0.040, 1.620, 60
train,    510, 0.384438,   14, 1.00,    4, 0.000, 0.040, 1.620, 60
train,    511, -10.464091,    3, 1.00,    3, 0.040, 0.040, 1.620, 60
train,    512, 7.669515,   20, 1.00,    4, 0.000, 0.040, 1.620, 60
train,    513, -8.120543,   10, 1.00,    5, 0.040, 0.040, 1.620, 60
train,    514, 1.895670,   25, 1.00,    9, 0.000, 0.040, 1.620, 60
train,    515, -0.372887,   13, 1.00,    2, 0.040, 0.040, 1.620, 60
train,    516, -1.688762,   11, 1.00,    2, 0.040, 0.040, 1.620, 60
train,    517, -1.177715,   15, 1.00,    4, 0.040, 0.040, 1.620, 60
train,    518, -5.491145,    8, 1.00,    4, 0.040, 0.040, 1.620, 60
train,    519, -10.387864,   32, 1.00,   15, 0.000, 0.040, 1.620, 60
train,    520, -5.016078,    5, 1.00,    1, 0.000, 0.040, 1.620, 60
train,    521, -1.256329,   11, 1.00,    3, 0.040, 0.040, 1.620, 60
train,    522, -6.242039,    3, 1.00,    1, 0.040, 0.040, 1.620, 60
train,    523, -6.220705,   16, 1.00,    7, 0.000, 0.040, 1.620, 60
train,    524, -5.836147,    7, 1.00,    3, 0.000, 0.040, 1.620, 60
val,      524, 3.353251, 1.0000,  13.2000,   0.0000, 0.0000,  24.1923
train,    525, -13.807538,   16, 1.00,    9, 0.000, 0.040, 1.620, 60
train,    526, -1.007249,   16, 1.00,    3, 0.000, 0.040, 1.620, 60
train,    527, -3.241239,   18, 1.00,    6, 0.040, 0.040, 1.620, 60
train,    528, -4.640159,    3, 1.00,    0, 0.000, 0.040, 1.620, 60
train,    529, -2.542425,   19, 1.00,    7, 0.000, 0.040, 1.620, 60
train,    530, -0.379362,   16, 1.00,    4, 0.000, 0.040, 1.620, 60
train,    531, -2.060387,   16, 1.00,    7, 0.000, 0.040, 1.620, 60
train,    532, -1.961883,    9, 1.00,    1, 0.000, 0.040, 1.620, 60
train,    533, 2.290873,   18, 1.00,    6, 0.000, 0.040, 1.620, 60
train,    534, 5.609513,   15, 1.00,    3, 0.000, 0.040, 1.620, 60
update,   534,   16,  521, -4.753150, 0.000000
train,    535, -6.880151,    7, 1.00,    3, 0.000, 0.040, 1.620, 60
train,    536, -0.895277,   15, 1.00,    5, 0.000, 0.040, 1.620, 60
train,    537, -3.473105,    7, 1.00,    1, 0.000, 0.040, 1.620, 60
train,    538, 2.784102,   13, 1.00,    3, 0.000, 0.040, 1.620, 60
train,    539, -5.485707,    9, 1.00,    3, 0.000, 0.040, 1.620, 60
train,    540, -3.629359,    9, 1.00,    2, 0.000, 0.040, 1.620, 60
train,    541, -0.570579,   20, 1.00,    8, 0.000, 0.040, 1.620, 60
train,    542, -2.214921,   14, 1.00,    4, 0.040, 0.040, 1.620, 60
train,    543, -4.675429,    6, 1.00,    2, 0.000, 0.040, 1.620, 60
train,    544, 1.273713,   65, 1.00,   25, 0.000, 0.040, 1.620, 60
train,    545, 0.972311,   13, 1.00,    3, 0.000, 0.040, 1.620, 60
train,    546, -7.344995,   14, 1.00,    5, 0.000, 0.040, 1.620, 60
train,    547, 1.806787,   11, 1.00,    2, 0.000, 0.040, 1.620, 60
train,    548, 6.814395,   20, 1.00,    4, 0.000, 0.040, 1.620, 60
train,    549, -6.864658,    5, 1.00,    2, 0.000, 0.040, 1.620, 60
val,      549, 16.224515, 1.0000,  26.4000,   0.0000, 0.0000,  24.4010
train,    550, 3.825612,   17, 1.00,    3, 0.000, 0.040, 1.620, 60
train,    551, -2.782729,   11, 1.00,    3, 0.000, 0.040, 1.620, 60
train,    552, -10.231750,    4, 1.00,    3, 0.000, 0.040, 1.620, 60
train,    553, -6.207215,    3, 1.00,    1, 0.000, 0.040, 1.620, 60
train,    554, 2.206226,   22, 1.00,    6, 0.040, 0.040, 1.620, 60
train,    555, -5.002977,   19, 1.00,    8, 0.040, 0.040, 1.620, 60
train,    556, 3.085916,   18, 1.00,    5, 0.000, 0.040, 1.620, 60
train,    557, -5.381961,   14, 1.00,    4, 0.000, 0.040, 1.620, 60
train,    558, 3.748500,   22, 1.00,    7, 0.000, 0.040, 1.620, 60
train,    559, -3.464354,    7, 1.00,    2, 0.000, 0.040, 1.620, 60
train,    560, -6.008425,    2, 1.00,    0, 0.000, 0.040, 1.620, 60
train,    561, -1.408916,   10, 1.00,    1, 0.040, 0.040, 1.620, 60
train,    562, -3.300380,   25, 1.00,   10, 0.000, 0.040, 1.620, 60
train,    563, 7.588454,   49, 1.00,   15, 0.040, 0.040, 1.620, 60
train,    564, -4.651099,    8, 1.00,    2, 0.040, 0.040, 1.620, 60
train,    565, -6.179554,   11, 1.00,    6, 0.000, 0.040, 1.620, 60
train,    566, -8.021512,    3, 1.00,    2, 0.040, 0.040, 1.620, 60
train,    567, -6.058741,    4, 1.00,    2, 0.000, 0.040, 1.620, 60
train,    568, -11.087772,    8, 1.00,    5, 0.000, 0.040, 1.620, 60
train,    569, 8.922990,   20, 1.00,    3, 0.000, 0.040, 1.620, 60
train,    570, -1.868587,   11, 1.00,    3, 0.040, 0.040, 1.620, 60
update,   570,   17,  516, -3.536233, -0.000000
train,    571, -1.593376,   13, 1.00,    3, 0.000, 0.040, 1.620, 60
train,    572, 0.941864,   19, 1.00,    5, 0.000, 0.040, 1.620, 60
train,    573, -4.704225,   14, 1.00,    4, 0.000, 0.040, 1.620, 60
train,    574, -2.358776,   32, 1.00,   13, 0.000, 0.040, 1.620, 60
val,      574, 6.655115, 1.0000,  17.0000,   0.0000, 0.0000,  24.5410
train,    575, -4.232081,    5, 1.00,    1, 0.000, 0.040, 1.620, 60
train,    576, 5.393758,   34, 1.00,    9, 0.000, 0.040, 1.620, 60
train,    577, -9.799653,   42, 1.00,   21, 0.000, 0.040, 1.620, 60
train,    578, -4.407704,    8, 1.00,    3, 0.000, 0.040, 1.620, 60
train,    579, -7.130056,    5, 1.00,    2, 0.000, 0.040, 1.620, 60
train,    580, 4.816328,   45, 1.00,   14, 0.000, 0.040, 1.620, 60
train,    581, -8.341299,    5, 1.00,    3, 0.000, 0.040, 1.620, 60
train,    582, 12.872480,   74, 1.00,   22, 0.000, 0.040, 1.620, 60
train,    583, -1.930805,   16, 1.00,    5, 0.000, 0.040, 1.620, 60
train,    584, 0.576000,   27, 1.00,    9, 0.000, 0.040, 1.620, 60
train,    585, 3.698796,   41, 1.00,   15, 0.000, 0.040, 1.620, 60
train,    586, -13.782307,   17, 1.00,    9, 0.000, 0.040, 1.620, 60
train,    587, -0.862007,   19, 1.00,    7, 0.000, 0.040, 1.620, 60
train,    588, -2.008391,   23, 1.00,    7, 0.000, 0.040, 1.620, 60
train,    589, -4.638216,   11, 1.00,    4, 0.000, 0.040, 1.620, 60
train,    590, -4.490797,   19, 1.00,    7, 0.000, 0.040, 1.620, 60
train,    591, -3.039783,   37, 1.00,   14, 0.000, 0.040, 1.620, 60
train,    592, -0.152335,   10, 1.00,    3, 0.000, 0.040, 1.620, 60
update,   592,   18,  516, -3.120955, 0.000000
train,    593, 6.323332,   45, 1.00,   17, 0.040, 0.040, 1.620, 60
train,    594, 3.440015,   10, 1.00,    1, 0.000, 0.040, 1.620, 60
train,    595, -5.494152,    4, 1.00,    1, 0.000, 0.040, 1.620, 60
train,    596, -7.148932,    4, 1.00,    2, 0.000, 0.040, 1.620, 60
train,    597, -8.128477,    6, 1.00,    4, 0.040, 0.040, 1.620, 60
train,    598, -4.535520,    6, 1.00,    1, 0.000, 0.040, 1.620, 60
train,    599, 1.755356,   11, 1.00,    2, 0.000, 0.040, 1.620, 60
val,      599, 7.188234, 1.0000,  16.8000,   0.0000, 0.0000,  24.4052
train,    600, -6.647020,    8, 1.00,    3, 0.000, 0.040, 1.620, 60
train,    601, 6.896913,   36, 1.00,   11, 0.000, 0.040, 1.620, 60
train,    602, -5.592872,    5, 1.00,    2, 0.040, 0.040, 1.620, 60
train,    603, -4.338052,    6, 1.00,    2, 0.000, 0.040, 1.620, 60
train,    604, 14.588811,   63, 1.00,   20, 0.000, 0.040, 1.620, 60
train,    605, 1.097251,   40, 1.00,   14, 0.000, 0.040, 1.620, 60
train,    606, -6.883837,   11, 1.00,    4, 0.040, 0.040, 1.620, 60
train,    607, -6.615518,   29, 1.00,   13, 0.000, 0.040, 1.620, 60
train,    608, -4.695075,    4, 1.00,    1, 0.000, 0.040, 1.620, 60
train,    609, -6.484620,    4, 1.00,    2, 0.000, 0.040, 1.620, 60
train,    610, -0.976013,   11, 1.00,    3, 0.000, 0.040, 1.620, 60
train,    611, -14.217058,   34, 1.00,   18, 0.000, 0.040, 1.620, 60
train,    612, -6.847627,    3, 1.00,    1, 0.000, 0.040, 1.620, 60
train,    613, -8.622675,    4, 1.00,    2, 0.000, 0.040, 1.620, 60
train,    614, 1.863487,   31, 1.00,   14, 0.000, 0.040, 1.620, 60
train,    615, -10.284554,   18, 1.00,    8, 0.000, 0.040, 1.620, 60
train,    616, -5.450163,    9, 1.00,    4, 0.000, 0.040, 1.620, 60
train,    617, -14.866379,   76, 1.00,   34, 0.000, 0.040, 1.620, 60
train,    618, -7.160988,    4, 1.00,    2, 0.000, 0.040, 1.620, 60
train,    619, -3.998616,   10, 1.00,    4, 0.040, 0.040, 1.620, 60
train,    620, -6.666402,   11, 1.00,    5, 0.000, 0.040, 1.620, 60
train,    621, -4.209861,   20, 1.00,    9, 0.040, 0.040, 1.620, 60
update,   621,   19,  523, -3.769683, 0.000000
train,    622, 3.101515,   39, 1.00,   17, 0.000, 0.040, 1.620, 60
train,    623, -12.581974,    7, 1.00,    6, 0.000, 0.040, 1.620, 60
train,    624, -6.891942,   16, 1.00,    6, 0.000, 0.040, 1.620, 60
val_save, 624, 94.538932, 0.0000, 150.0000,   0.0000, 1.0000,  20.1269
val,      624, 94.538932, 0.0000, 150.0000,   0.0000, 1.0000,  20.1269
train,    625, -6.011871,   11, 1.00,    6, 0.000, 0.040, 1.620, 60
train,    626, 7.705909,   28, 1.00,    5, 0.040, 0.040, 1.620, 60
train,    627, -4.166176,    6, 1.00,    1, 0.000, 0.040, 1.620, 60
train,    628, -6.213511,   13, 1.00,    4, 0.000, 0.040, 1.620, 60
train,    629, -5.025090,    8, 1.00,    3, 0.000, 0.040, 1.620, 60
train,    630, -6.187269,   15, 1.00,    8, 0.040, 0.040, 1.620, 60
train,    631, -6.757122,    4, 1.00,    1, 0.000, 0.040, 1.620, 60
train,    632, -4.248655,    8, 1.00,    3, 0.000, 0.040, 1.620, 60
train,    633, -5.737085,    3, 1.00,    0, 0.040, 0.040, 1.620, 60
train,    634, 2.421377,   23, 1.00,    7, 0.000, 0.040, 1.620, 60
train,    635, 8.623851,   43, 1.00,   14, 0.000, 0.040, 1.620, 60
train,    636, -6.754534,    3, 1.00,    1, 0.000, 0.040, 1.620, 60
train,    637, -5.039020,    6, 1.00,    1, 0.000, 0.040, 1.620, 60
train,    638, -11.609557,    3, 1.00,    3, 0.040, 0.040, 1.620, 60
train,    639, -5.440865,   12, 1.00,    5, 0.000, 0.040, 1.620, 60
train,    640, -2.153153,    7, 1.00,    1, 0.000, 0.040, 1.620, 60
train,    641, 12.748665,   30, 1.00,    6, 0.000, 0.040, 1.620, 60
train,    642, -5.438608,   27, 1.00,   13, 0.000, 0.040, 1.620, 60
train,    643, 2.225294,   12, 1.00,    1, 0.000, 0.040, 1.620, 60
train,    644, -2.305485,   21, 1.00,    8, 0.000, 0.040, 1.620, 60
train,    645, 1.206938,   13, 1.00,    3, 0.040, 0.040, 1.620, 60
train,    646, -1.191791,   25, 1.00,    7, 0.000, 0.040, 1.620, 60
train,    647, 11.395665,   43, 1.00,   10, 0.000, 0.040, 1.620, 60
train,    648, -1.134397,   13, 1.00,    4, 0.000, 0.040, 1.620, 60
train,    649, -4.280154,   12, 1.00,    5, 0.000, 0.040, 1.620, 60
val,      649, 92.817880, 0.0000, 150.0000,   0.0000, 1.0000,  20.0669
train,    650, -4.111643,   69, 1.00,   28, 0.000, 0.040, 1.620, 60
update,   650,   20,  520, -3.543333, 0.000000
train,    651, 0.278956,   16, 1.00,    5, 0.000, 0.040, 1.620, 60
train,    652, 17.022482,   44, 1.00,    8, 0.000, 0.040, 1.620, 60
train,    653, -6.553411,    6, 1.00,    3, 0.000, 0.040, 1.620, 60
train,    654, -6.934331,    5, 1.00,    2, 0.040, 0.040, 1.620, 60
train,    655, -5.887331,   11, 1.00,    5, 0.040, 0.040, 1.620, 60
train,    656, -4.879633,   13, 1.00,    5, 0.040, 0.040, 1.620, 60
train,    657, 1.273734,   18, 1.00,    4, 0.000, 0.040, 1.620, 60
train,    658, -3.417164,   46, 1.00,   16, 0.000, 0.040, 1.620, 60
train,    659, -6.429583,    7, 1.00,    2, 0.000, 0.040, 1.620, 60
train,    660, -0.812938,   33, 1.00,   14, 0.000, 0.040, 1.620, 60
train,    661, -10.723943,    3, 1.00,    3, 0.000, 0.040, 1.620, 60
train,    662, -7.479558,    8, 1.00,    4, 0.040, 0.040, 1.620, 60
train,    663, -9.015642,    4, 1.00,    3, 0.000, 0.040, 1.620, 60
train,    664, -7.528171,    9, 1.00,    4, 0.000, 0.040, 1.620, 60
train,    665, -7.477465,   17, 1.00,    8, 0.000, 0.040, 1.620, 60
train,    666, 2.628544,   13, 1.00,    2, 0.000, 0.040, 1.620, 60
train,    667, -6.631986,    7, 1.00,    3, 0.000, 0.040, 1.620, 60
train,    668, -5.020187,   22, 1.00,    9, 0.000, 0.040, 1.620, 60
train,    669, 5.782351,   19, 1.00,    5, 0.000, 0.040, 1.620, 60
train,    670, -8.259350,   10, 1.00,    5, 0.040, 0.040, 1.620, 60
train,    671, -1.405849,   18, 1.00,    5, 0.040, 0.040, 1.620, 60
train,    672, -5.137192,   31, 1.00,   13, 0.000, 0.040, 1.620, 60
train,    673, -3.710245,    8, 1.00,    2, 0.040, 0.040, 1.620, 60
train,    674, -5.358051,    7, 1.00,    3, 0.000, 0.040, 1.620, 60
val,      674, 2.407930, 1.0000,  12.0000,   0.0000, 0.0000,  23.7504
train,    675, 4.485854,   24, 1.00,    6, 0.000, 0.040, 1.620, 60
train,    676, -5.198389,   10, 1.00,    4, 0.000, 0.040, 1.620, 60
train,    677, 1.478541,   16, 1.00,    5, 0.000, 0.040, 1.620, 60
train,    678, -4.228475,   15, 1.00,    6, 0.000, 0.040, 1.620, 60
train,    679, -4.645653,   10, 1.00,    3, 0.000, 0.040, 1.620, 60
train,    680, -1.217775,   12, 1.00,    4, 0.000, 0.040, 1.620, 60
train,    681, -4.229120,   14, 1.00,    7, 0.000, 0.040, 1.620, 60
train,    682, -3.410231,   24, 1.00,    9, 0.000, 0.040, 1.620, 60
train,    683, -5.957868,   21, 1.00,    8, 0.000, 0.040, 1.620, 60
update,   683,   21,  521, -4.249744, 0.000000
train,    684, -5.664325,   17, 1.00,    7, 0.000, 0.040, 1.620, 60
train,    685, -10.554738,   12, 1.00,    6, 0.000, 0.040, 1.620, 60
train,    686, -7.174724,   14, 1.00,    6, 0.000, 0.040, 1.620, 60
train,    687, -2.040067,   16, 1.00,    4, 0.000, 0.040, 1.620, 60
train,    688, -5.069036,   27, 1.00,   11, 0.000, 0.040, 1.620, 60
train,    689, -4.533914,    6, 1.00,    2, 0.000, 0.040, 1.620, 60
train,    690, -3.368461,   14, 1.00,    4, 0.000, 0.040, 1.620, 60
train,    691, -6.717695,    7, 1.00,    3, 0.000, 0.040, 1.620, 60
train,    692, 1.824681,   31, 1.00,   13, 0.000, 0.040, 1.620, 60
train,    693, -11.739869,    6, 1.00,    5, 0.000, 0.040, 1.620, 60
train,    694, -0.879335,   25, 1.00,    9, 0.000, 0.040, 1.620, 60
train,    695, -4.264456,    7, 1.00,    3, 0.040, 0.040, 1.620, 60
train,    696, -4.677007,    6, 1.00,    1, 0.040, 0.040, 1.620, 60
train,    697, 4.470322,   21, 1.00,    4, 0.000, 0.040, 1.620, 60
train,    698, -1.228382,   11, 1.00,    2, 0.000, 0.040, 1.620, 60
train,    699, -2.755396,   21, 1.00,    6, 0.000, 0.040, 1.620, 60
val,      699, 12.145315, 1.0000,  21.8000,   0.0000, 0.0000,  24.6473
train,    700, 2.679944,   68, 1.00,   26, 0.000, 0.040, 1.620, 60
train,    701, -0.557695,    9, 1.00,    1, 0.000, 0.040, 1.620, 60
train,    702, 3.557500,   28, 1.00,    9, 0.000, 0.040, 1.620, 60
train,    703, -5.693524,    7, 1.00,    2, 0.000, 0.040, 1.620, 60
train,    704, -2.977381,   28, 1.00,   13, 0.000, 0.040, 1.620, 60
train,    705, -6.732041,    8, 1.00,    3, 0.000, 0.040, 1.620, 60
train,    706, 4.411289,   12, 1.00,    2, 0.000, 0.040, 1.620, 60
train,    707, -6.062699,    7, 1.00,    2, 0.000, 0.040, 1.620, 60
train,    708, 3.285644,   11, 1.00,    1, 0.040, 0.040, 1.620, 60
train,    709, -2.917074,   10, 1.00,    4, 0.000, 0.040, 1.620, 60
train,    710, 1.222538,   12, 1.00,    3, 0.000, 0.040, 1.620, 60
train,    711, -4.712477,   17, 1.00,    8, 0.000, 0.040, 1.620, 60
train,    712, -1.531221,   18, 1.00,    4, 0.000, 0.040, 1.620, 60
train,    713, -3.872430,   39, 1.00,   15, 0.000, 0.040, 1.620, 60
update,   713,   22,  515, -4.555831, -0.000000
train,    714, -7.084328,    3, 1.00,    1, 0.000, 0.040, 1.620, 60
train,    715, 10.340837,   34, 1.00,    7, 0.040, 0.040, 1.620, 60
train,    716, 1.184937,   29, 1.00,   11, 0.000, 0.040, 1.620, 60
train,    717, -1.853887,   12, 1.00,    2, 0.000, 0.040, 1.620, 60
train,    718, -2.940433,   11, 1.00,    4, 0.000, 0.040, 1.620, 60
train,    719, -7.429260,   11, 1.00,    4, 0.040, 0.040, 1.620, 60
train,    720, -8.554775,    3, 1.00,    2, 0.000, 0.040, 1.620, 60
train,    721, 12.228266,   38, 1.00,   11, 0.000, 0.040, 1.620, 60
train,    722, -1.513062,   21, 1.00,    8, 0.000, 0.040, 1.620, 60
train,    723, 3.357271,   17, 1.00,    2, 0.040, 0.040, 1.620, 60
train,    724, -4.936784,    5, 1.00,    2, 0.000, 0.040, 1.620, 60
val,      724, 8.918222, 1.0000,  19.0000,   0.0000, 0.0000,  23.8620
train,    725, -5.699740,    4, 1.00,    1, 0.000, 0.040, 1.620, 60
train,    726, -1.354648,   20, 1.00,    8, 0.000, 0.040, 1.620, 60
train,    727, -5.182374,    7, 1.00,    2, 0.040, 0.040, 1.620, 60
train,    728, -4.571596,    9, 1.00,    4, 0.040, 0.040, 1.620, 60
train,    729, -8.657828,    6, 1.00,    4, 0.000, 0.040, 1.620, 60
train,    730, -0.267094,   29, 1.00,   11, 0.000, 0.040, 1.620, 60
train,    731, -8.026795,   31, 1.00,   13, 0.000, 0.040, 1.620, 60
train,    732, 2.709460,   16, 1.00,    3, 0.000, 0.040, 1.620, 60
train,    733, -2.391399,   36, 1.00,   12, 0.040, 0.040, 1.620, 60
train,    734, 2.641738,   21, 1.00,    7, 0.000, 0.040, 1.620, 60
train,    735, -11.548985,    6, 1.00,    5, 0.000, 0.040, 1.620, 60
train,    736, -2.518339,    7, 1.00,    1, 0.000, 0.040, 1.620, 60
train,    737, -0.564697,   40, 1.00,   15, 0.040, 0.040, 1.620, 60
train,    738, 3.957085,   20, 1.00,    4, 0.000, 0.040, 1.620, 60
train,    739, -9.619523,   11, 1.00,    6, 0.000, 0.040, 1.620, 60
train,    740, 5.156274,   41, 1.00,   14, 0.040, 0.040, 1.620, 60
train,    741, 0.294409,    8, 1.00,    1, 0.000, 0.040, 1.620, 60
train,    742, -13.717800,   45, 1.00,   20, 0.000, 0.040, 1.620, 60
update,   742,   23,  541, -3.645902, -0.000000
train,    743, -4.812701,   11, 1.00,    3, 0.040, 0.040, 1.620, 60
train,    744, -7.050581,    7, 1.00,    4, 0.000, 0.040, 1.620, 60
train,    745, -3.691046,   10, 1.00,    4, 0.000, 0.040, 1.620, 60
train,    746, -6.264237,    6, 1.00,    3, 0.000, 0.040, 1.620, 60
train,    747, -5.680237,    3, 1.00,    0, 0.040, 0.040, 1.620, 60
train,    748, -9.105653,    3, 1.00,    2, 0.000, 0.040, 1.620, 60
train,    749, -4.027150,   11, 1.00,    4, 0.000, 0.040, 1.620, 60
val,      749, 19.935934, 1.0000,  30.2000,   0.0000, 0.0000,  24.5851
train,    750, 0.167317,   13, 1.00,    3, 0.000, 0.040, 1.620, 60
train,    751, -2.877708,    9, 1.00,    2, 0.000, 0.040, 1.620, 60
train,    752, 5.243929,   26, 1.00,    7, 0.000, 0.040, 1.620, 60
train,    753, -6.037110,   21, 1.00,    8, 0.000, 0.040, 1.620, 60
train,    754, -12.125505,    3, 1.00,    3, 0.000, 0.040, 1.620, 60
train,    755, -2.323798,   10, 1.00,    2, 0.000, 0.040, 1.620, 60
train,    756, 17.611312,   49, 1.00,   14, 0.000, 0.040, 1.620, 60
train,    757, -2.762373,    6, 1.00,    1, 0.000, 0.040, 1.620, 60
train,    758, 0.873781,   20, 1.00,    7, 0.000, 0.040, 1.620, 60
train,    759, -1.485543,   14, 1.00,    3, 0.000, 0.040, 1.620, 60
train,    760, 1.650404,   18, 1.00,    6, 0.000, 0.040, 1.620, 60
train,    761, -9.839323,   10, 1.00,    5, 0.000, 0.040, 1.620, 60
train,    762, 0.056035,   15, 1.00,    3, 0.000, 0.040, 1.620, 60
train,    763, -5.306338,    3, 1.00,    0, 0.040, 0.040, 1.620, 60
train,    764, -5.166048,    8, 1.00,    3, 0.040, 0.040, 1.620, 60
train,    765, -2.471362,   24, 1.00,    8, 0.000, 0.040, 1.620, 60
train,    766, -0.470607,   22, 1.00,    7, 0.000, 0.040, 1.620, 60
train,    767, 6.515535,   35, 1.00,   10, 0.000, 0.040, 1.620, 60
train,    768, -0.915429,   25, 1.00,    9, 0.000, 0.040, 1.620, 60
train,    769, -4.014320,    9, 1.00,    3, 0.000, 0.040, 1.620, 60
train,    770, -8.718913,    9, 1.00,    5, 0.000, 0.040, 1.620, 60
train,    771, -5.486316,    8, 1.00,    4, 0.000, 0.040, 1.620, 60
train,    772, -0.521467,   31, 1.00,   11, 0.000, 0.040, 1.620, 60
train,    773, -2.468429,   19, 1.00,    9, 0.000, 0.040, 1.620, 60
train,    774, -3.951312,    5, 1.00,    1, 0.000, 0.040, 1.620, 60
val,      774, 7.796418, 1.0000,  17.4000,   0.0000, 0.0000,  23.8231
train,    775, -3.386791,    5, 1.00,    1, 0.000, 0.040, 1.620, 60
train,    776, 1.370960,   10, 1.00,    2, 0.000, 0.040, 1.620, 60
train,    777, 1.530872,   28, 1.00,   12, 0.000, 0.040, 1.620, 60
train,    778, -7.066092,   14, 1.00,    6, 0.040, 0.040, 1.620, 60
update,   778,   24,  520, -3.904796, -0.000000
train,    779, -4.114245,   11, 1.00,    4, 0.000, 0.040, 1.620, 60
train,    780, -7.550049,    2, 1.00,    1, 0.000, 0.040, 1.620, 60
train,    781, -18.671521,   25, 1.00,   15, 0.000, 0.040, 1.620, 60
train,    782, -1.762684,    9, 1.00,    2, 0.000, 0.040, 1.620, 60
train,    783, 8.409463,   64, 1.00,   22, 0.000, 0.040, 1.620, 60
train,    784, -4.136228,   24, 1.00,   10, 0.000, 0.040, 1.620, 60
train,    785, -5.977393,    4, 1.00,    1, 0.000, 0.040, 1.620, 60
train,    786, -7.482855,   58, 1.00,   23, 0.000, 0.040, 1.620, 60
train,    787, 4.286098,   24, 1.00,    6, 0.040, 0.040, 1.620, 60
train,    788, -4.397007,    8, 1.00,    3, 0.000, 0.040, 1.620, 60
train,    789, -2.481280,    7, 1.00,    2, 0.040, 0.040, 1.620, 60
train,    790, -7.703661,    7, 1.00,    4, 0.000, 0.040, 1.620, 60
train,    791, -7.204155,    6, 1.00,    2, 0.000, 0.040, 1.620, 60
train,    792, 14.551142,   41, 1.00,    9, 0.000, 0.040, 1.620, 60
train,    793, -8.346518,    5, 1.00,    3, 0.040, 0.040, 1.620, 60
train,    794, -2.494127,    9, 1.00,    3, 0.040, 0.040, 1.620, 60
train,    795, -3.593568,    5, 1.00,    1, 0.000, 0.040, 1.620, 60
train,    796, -1.784554,   29, 1.00,   10, 0.000, 0.040, 1.620, 60
train,    797, -4.480725,    5, 1.00,    1, 0.000, 0.040, 1.620, 60
train,    798, -6.380143,   30, 1.00,   12, 0.040, 0.040, 1.620, 60
train,    799, -1.443850,   34, 1.00,   13, 0.000, 0.040, 1.620, 60
val,      799, 11.651207, 1.0000,  21.8000,   0.0000, 0.0000,  24.4329
train,    800, -4.991212,    4, 1.00,    1, 0.000, 0.040, 1.620, 60
train,    801, -6.693916,   14, 1.00,    7, 0.000, 0.040, 1.620, 60
train,    802, -6.873861,    4, 1.00,    2, 0.000, 0.040, 1.620, 60
train,    803, -7.373420,    8, 1.00,    4, 0.040, 0.040, 1.620, 60
train,    804, 3.029143,   38, 1.00,   10, 0.000, 0.040, 1.620, 60
train,    805, -0.363477,   20, 1.00,    7, 0.000, 0.040, 1.620, 60
train,    806, -3.816087,    8, 1.00,    3, 0.000, 0.040, 1.620, 60
train,    807, -8.679915,    4, 1.00,    3, 0.000, 0.040, 1.620, 60
train,    808, -0.793218,    8, 1.00,    1, 0.000, 0.040, 1.620, 60
update,   808,   25,  515, -4.031201, -0.000000
train,    809, -7.937748,    9, 1.00,    4, 0.000, 0.040, 1.620, 60
train,    810, -7.768352,   10, 1.00,    6, 0.000, 0.040, 1.620, 60
train,    811, -5.777512,   13, 1.00,    4, 0.000, 0.040, 1.620, 60
train,    812, -10.040008,   27, 1.00,   12, 0.040, 0.040, 1.620, 60
train,    813, -3.984866,    7, 1.00,    2, 0.000, 0.040, 1.620, 60
train,    814, -6.613158,    3, 1.00,    1, 0.000, 0.040, 1.620, 60
train,    815, -11.267608,    7, 1.00,    5, 0.000, 0.040, 1.620, 60
train,    816, -2.984171,    5, 1.00,    0, 0.000, 0.040, 1.620, 60
train,    817, -4.550384,   17, 1.00,    5, 0.000, 0.040, 1.620, 60
train,    818, -7.544548,    6, 1.00,    3, 0.000, 0.040, 1.620, 60
train,    819, 1.785982,   19, 1.00,    5, 0.000, 0.040, 1.620, 60
train,    820, -4.113971,   46, 1.00,   17, 0.000, 0.040, 1.620, 60
train,    821, -9.671150,   12, 1.00,    6, 0.000, 0.040, 1.620, 60
train,    822, 0.355400,   10, 1.00,    2, 0.000, 0.040, 1.620, 60
train,    823, -9.451664,   23, 1.00,   12, 0.000, 0.040, 1.620, 60
train,    824, 0.177811,   10, 1.00,    2, 0.000, 0.040, 1.620, 60
val,      824, 94.412617, 0.0000, 150.0000,   0.0000, 1.0000,  20.0069
train,    825, 8.043056,   48, 1.00,   13, 0.000, 0.040, 1.620, 60
train,    826, -5.450896,    9, 1.00,    4, 0.000, 0.040, 1.620, 60
train,    827, -5.112615,    6, 1.00,    3, 0.000, 0.040, 1.620, 60
train,    828, -3.407789,   11, 1.00,    4, 0.040, 0.040, 1.620, 60
train,    829, 4.847015,   28, 1.00,    9, 0.000, 0.040, 1.620, 60
train,    830, -9.325721,    6, 1.00,    3, 0.000, 0.040, 1.620, 60
train,    831, -5.305091,    9, 1.00,    2, 0.000, 0.040, 1.620, 60
train,    832, -13.858174,   13, 1.00,    9, 0.040, 0.040, 1.620, 60
train,    833, -5.937807,   13, 1.00,    6, 0.040, 0.040, 1.620, 60
train,    834, -7.033728,    4, 1.00,    2, 0.040, 0.040, 1.620, 60
train,    835, -6.044768,    3, 1.00,    1, 0.000, 0.040, 1.620, 60
train,    836, -4.738433,    7, 1.00,    1, 0.000, 0.040, 1.620, 60
train,    837, -5.967525,    7, 1.00,    3, 0.000, 0.040, 1.620, 60
train,    838, -5.635182,   59, 1.00,   23, 0.000, 0.040, 1.620, 60
train,    839, -6.041756,   25, 1.00,   10, 0.040, 0.040, 1.620, 60
train,    840, -1.044624,   18, 1.00,    5, 0.000, 0.040, 1.620, 60
train,    841, -12.134817,    9, 1.00,    7, 0.000, 0.040, 1.620, 60
train,    842, 4.185180,   17, 1.00,    5, 0.000, 0.040, 1.620, 60
update,   842,   26,  516, -5.139467, -0.000000
train,    843, -4.352076,   33, 1.00,   12, 0.000, 0.040, 1.620, 60
train,    844, -1.957459,    6, 1.00,    1, 0.000, 0.040, 1.620, 60
train,    845, 1.900806,   13, 1.00,    3, 0.000, 0.040, 1.620, 60
train,    846, -10.170467,   20, 1.00,   11, 0.000, 0.040, 1.620, 60
train,    847, -1.467199,   15, 1.00,    4, 0.000, 0.040, 1.620, 60
train,    848, 1.201313,   44, 1.00,   13, 0.000, 0.040, 1.620, 60
train,    849, -9.049724,    3, 1.00,    2, 0.000, 0.040, 1.620, 60
val,      849, 6.523280, 1.0000,  16.2000,   0.0000, 0.0000,  24.6738
train,    850, -2.214386,   10, 1.00,    4, 0.000, 0.040, 1.620, 60
train,    851, 1.451466,   23, 1.00,    5, 0.040, 0.040, 1.620, 60
train,    852, -1.026314,   25, 1.00,    8, 0.000, 0.040, 1.620, 60
train,    853, 1.947128,   24, 1.00,    8, 0.000, 0.040, 1.620, 60
train,    854, -3.833175,   20, 1.00,    9, 0.000, 0.040, 1.620, 60
train,    855, 1.302719,   34, 1.00,   11, 0.000, 0.040, 1.620, 60
train,    856, -6.477225,   12, 1.00,    6, 0.000, 0.040, 1.620, 60
train,    857, -0.811709,   18, 1.00,    5, 0.000, 0.040, 1.620, 60
train,    858, -5.714426,   40, 1.00,   16, 0.000, 0.040, 1.620, 60
train,    859, -7.124876,    6, 1.00,    3, 0.000, 0.040, 1.620, 60
train,    860, -2.088688,    7, 1.00,    1, 0.000, 0.040, 1.620, 60
train,    861, -6.047905,   15, 1.00,    5, 0.000, 0.040, 1.620, 60
train,    862, 2.295274,   10, 1.00,    1, 0.000, 0.040, 1.620, 60
train,    863, 2.276537,   31, 1.00,    9, 0.040, 0.040, 1.620, 60
train,    864, -1.074214,   18, 1.00,    6, 0.000, 0.040, 1.620, 60
train,    865, -6.045342,    4, 1.00,    1, 0.040, 0.040, 1.620, 60
train,    866, -12.813443,   17, 1.00,    9, 0.000, 0.040, 1.620, 60
train,    867, -10.165381,    5, 1.00,    4, 0.040, 0.040, 1.620, 60
train,    868, -2.000755,    9, 1.00,    2, 0.000, 0.040, 1.620, 60
train,    869, -6.108452,    5, 1.00,    2, 0.040, 0.040, 1.620, 60
train,    870, -1.318829,   12, 1.00,    3, 0.000, 0.040, 1.620, 60
train,    871, -2.006392,   13, 1.00,    3, 0.000, 0.040, 1.620, 60
train,    872, 0.166711,   33, 1.00,   11, 0.040, 0.040, 1.620, 60
update,   872,   27,  525, -4.602130, 0.000000
train,    873, -0.566442,   21, 1.00,    6, 0.000, 0.040, 1.620, 60
train,    874, -0.566383,   13, 1.00,    3, 0.040, 0.040, 1.620, 60
val,      874, 5.598194, 1.0000,  15.6000,   0.0000, 0.0000,  23.8339
train,    875, -8.571185,    6, 1.00,    4, 0.000, 0.040, 1.620, 60
train,    876, -4.406969,    7, 1.00,    2, 0.040, 0.040, 1.620, 60
train,    877, 0.052760,   20, 1.00,    6, 0.000, 0.040, 1.620, 60
train,    878, 2.319324,   11, 1.00,    0, 0.040, 0.040, 1.620, 60
train,    879, -6.194845,    5, 1.00,    1, 0.000, 0.040, 1.620, 60
train,    880, 4.528511,   28, 1.00,    7, 0.000, 0.040, 1.620, 60
train,    881, -3.624659,    4, 1.00,    0, 0.000, 0.040, 1.620, 60
train,    882, -5.138931,    8, 1.00,    4, 0.000, 0.040, 1.620, 60
train,    883, -5.845216,    7, 1.00,    3, 0.000, 0.040, 1.620, 60
train,    884, -6.455031,    3, 1.00,    1, 0.040, 0.040, 1.620, 60
train,    885, -1.814302,   34, 1.00,   11, 0.040, 0.040, 1.620, 60
train,    886, -1.004673,   14, 1.00,    3, 0.040, 0.040, 1.620, 60
train,    887, -9.928951,   13, 1.00,    7, 0.000, 0.040, 1.620, 60
train,    888, -2.597919,    9, 1.00,    2, 0.040, 0.040, 1.620, 60
train,    889, -3.823117,   12, 1.00,    4, 0.000, 0.040, 1.620, 60
train,    890, 9.650524,   37, 1.00,    7, 0.040, 0.040, 1.620, 60
train,    891, -10.750033,   12, 1.00,    7, 0.000, 0.040, 1.620, 60
train,    892, 4.849449,   16, 1.00,    2, 0.000, 0.040, 1.620, 60
train,    893, -7.463940,   10, 1.00,    5, 0.000, 0.040, 1.620, 60
train,    894, -7.021230,    4, 1.00,    2, 0.000, 0.040, 1.620, 60
train,    895, 3.493890,   44, 1.00,   14, 0.000, 0.040, 1.620, 60
train,    896, -9.299015,    4, 1.00,    3, 0.000, 0.040, 1.620, 60
train,    897, -6.874884,   12, 1.00,    5, 0.000, 0.040, 1.620, 60
train,    898, -5.571568,    5, 1.00,    2, 0.040, 0.040, 1.620, 60
train,    899, 1.070633,   24, 1.00,    9, 0.000, 0.040, 1.620, 60
val,      899, 13.871051, 1.0000,  22.8000,   0.0000, 0.0000,  24.6203
train,    900, -5.067880,   10, 1.00,    5, 0.040, 0.040, 1.620, 60
train,    901, -1.628947,    8, 1.00,    2, 0.000, 0.040, 1.620, 60
train,    902, -4.032996,   10, 1.00,    3, 0.000, 0.040, 1.620, 60
train,    903, 3.753317,   24, 1.00,    5, 0.000, 0.040, 1.620, 60
train,    904, -3.346538,   12, 1.00,    2, 0.000, 0.040, 1.620, 60
train,    905, -3.408456,   23, 1.00,    9, 0.000, 0.040, 1.620, 60
train,    906, -3.795300,    8, 1.00,    3, 0.000, 0.040, 1.620, 60
train,    907, 1.657805,   38, 1.00,   13, 0.000, 0.040, 1.620, 60
update,   907,   28,  516, -4.273335, 0.000000
train,    908, -0.586792,   11, 1.00,    1, 0.040, 0.040, 1.620, 60
train,    909, 1.591769,   30, 1.00,    6, 0.000, 0.040, 1.620, 60
train,    910, -4.919098,   14, 1.00,    5, 0.000, 0.040, 1.620, 60
train,    911, 3.971061,   25, 1.00,    5, 0.000, 0.040, 1.620, 60
train,    912, -4.873865,   11, 1.00,    4, 0.040, 0.040, 1.620, 60
train,    913, 3.299750,   15, 1.00,    3, 0.000, 0.040, 1.620, 60
train,    914, -5.789980,    5, 1.00,    2, 0.000, 0.040, 1.620, 60
train,    915, -2.916747,   17, 1.00,    7, 0.000, 0.040, 1.620, 60
train,    916, -0.593957,   20, 1.00,    6, 0.000, 0.040, 1.620, 60
train,    917, -8.777537,    6, 1.00,    3, 0.000, 0.040, 1.620, 60
train,    918, -6.358950,    3, 1.00,    1, 0.000, 0.040, 1.620, 60
train,    919, 9.384526,   36, 1.00,   10, 0.000, 0.040, 1.620, 60
train,    920, 3.105666,   17, 1.00,    3, 0.040, 0.040, 1.620, 60
train,    921, -3.641022,   11, 1.00,    4, 0.000, 0.040, 1.620, 60
train,    922, -4.843931,   21, 1.00,    8, 0.000, 0.040, 1.620, 60
train,    923, -6.209521,    7, 1.00,    3, 0.000, 0.040, 1.620, 60
train,    924, -5.655221,   10, 1.00,    5, 0.000, 0.040, 1.620, 60
val,      924, 14.180307, 1.0000,  23.6000,   0.0000, 0.0000,  24.4749
train,    925, -3.745361,    6, 1.00,    0, 0.000, 0.040, 1.620, 60
train,    926, 0.237177,   27, 1.00,    9, 0.000, 0.040, 1.620, 60
train,    927, 4.574407,   19, 1.00,    4, 0.000, 0.040, 1.620, 60
train,    928, -2.628823,   15, 1.00,    5, 0.000, 0.040, 1.620, 60
train,    929, -1.792305,   31, 1.00,   10, 0.000, 0.040, 1.620, 60
train,    930, -3.306310,   10, 1.00,    3, 0.040, 0.040, 1.620, 60
train,    931, 10.798373,   55, 1.00,   15, 0.000, 0.040, 1.620, 60
train,    932, -11.411365,   16, 1.00,    9, 0.000, 0.040, 1.620, 60
train,    933, -6.136669,    2, 1.00,    0, 0.040, 0.040, 1.620, 60
train,    934, -9.972513,   12, 1.00,    7, 0.000, 0.040, 1.620, 60
train,    935, 0.562328,   13, 1.00,    2, 0.000, 0.040, 1.620, 60
train,    936, -4.087497,   11, 1.00,    3, 0.000, 0.040, 1.620, 60
train,    937, -3.495842,    9, 1.00,    4, 0.040, 0.040, 1.620, 60
train,    938, 7.873375,   45, 1.00,   13, 0.000, 0.040, 1.620, 60
update,   938,   29,  530, -3.362655, -0.000000
train,    939, -2.704028,   11, 1.00,    3, 0.000, 0.040, 1.620, 60
train,    940, -6.111200,    7, 1.00,    2, 0.000, 0.040, 1.620, 60
train,    941, -5.431451,   15, 1.00,    5, 0.000, 0.040, 1.620, 60
train,    942, -0.495502,   15, 1.00,    6, 0.000, 0.040, 1.620, 60
train,    943, 6.165813,   28, 1.00,    7, 0.000, 0.040, 1.620, 60
train,    944, -6.708822,   18, 1.00,    9, 0.040, 0.040, 1.620, 60
train,    945, -6.882049,   11, 1.00,    5, 0.000, 0.040, 1.620, 60
train,    946, -8.266680,    6, 1.00,    3, 0.000, 0.040, 1.620, 60
train,    947, 4.691768,   22, 1.00,    5, 0.000, 0.040, 1.620, 60
train,    948, 2.573903,   10, 1.00,    1, 0.000, 0.040, 1.620, 60
train,    949, -7.401122,    4, 1.00,    2, 0.040, 0.040, 1.620, 60
val,      949, 13.482105, 1.0000,  23.8000,   0.0000, 0.0000,  24.1680
train,    950, -4.735950,   16, 1.00,    5, 0.000, 0.040, 1.620, 60
train,    951, 7.728147,   23, 1.00,    5, 0.000, 0.040, 1.620, 60
train,    952, 3.165028,   15, 1.00,    2, 0.000, 0.040, 1.620, 60
train,    953, -7.131898,   11, 1.00,    6, 0.000, 0.040, 1.620, 60
train,    954, -11.306637,    6, 1.00,    4, 0.000, 0.040, 1.620, 60
train,    955, -3.557100,    7, 1.00,    2, 0.000, 0.040, 1.620, 60
train,    956, -6.196936,    6, 1.00,    3, 0.000, 0.040, 1.620, 60
train,    957, -6.968233,   15, 1.00,    5, 0.000, 0.040, 1.620, 60
train,    958, -6.430090,   10, 1.00,    3, 0.040, 0.040, 1.620, 60
train,    959, -1.885843,   26, 1.00,   10, 0.040, 0.040, 1.620, 60
train,    960, -2.714384,   41, 1.00,   16, 0.000, 0.040, 1.620, 60
train,    961, -4.569651,   18, 1.00,    8, 0.000, 0.040, 1.620, 60
train,    962, -6.295269,    7, 1.00,    3, 0.000, 0.040, 1.620, 60
train,    963, 1.234590,   24, 1.00,    8, 0.040, 0.040, 1.620, 60
train,    964, 1.837883,   24, 1.00,    9, 0.040, 0.040, 1.620, 60
train,    965, -8.635360,    5, 1.00,    3, 0.000, 0.040, 1.620, 60
train,    966, -6.711506,   14, 1.00,    5, 0.000, 0.040, 1.620, 60
train,    967, -8.276195,   30, 1.00,   13, 0.000, 0.040, 1.620, 60
train,    968, -5.421515,   11, 1.00,    4, 0.000, 0.040, 1.620, 60
train,    969, -7.692343,    8, 1.00,    4, 0.000, 0.040, 1.620, 60
train,    970, 7.401369,   28, 1.00,    9, 0.000, 0.040, 1.620, 60
train,    971, -6.004075,   17, 1.00,    9, 0.000, 0.040, 1.620, 60
train,    972, -10.143482,    5, 1.00,    3, 0.000, 0.040, 1.620, 60
update,   972,   30,  514, -4.884764, 0.000000
train,    973, -0.802573,   31, 1.00,    9, 0.000, 0.040, 1.620, 60
train,    974, -2.583674,   13, 1.00,    4, 0.000, 0.040, 1.620, 60
val,      974, 91.096827, 0.0000, 150.0000,   0.0000, 1.0000,  20.0069
train,    975, -7.101988,    2, 1.00,    1, 0.000, 0.040, 1.620, 60
train,    976, 5.132756,   44, 1.00,   12, 0.000, 0.040, 1.620, 60
train,    977, -1.578040,   10, 1.00,    3, 0.000, 0.040, 1.620, 60
train,    978, -6.036548,   21, 1.00,    8, 0.000, 0.040, 1.620, 60
train,    979, 0.156948,   29, 1.00,    9, 0.040, 0.040, 1.620, 60
train,    980, 8.555643,   30, 1.00,    6, 0.000, 0.040, 1.620, 60
train,    981, -3.379655,    6, 1.00,    1, 0.000, 0.040, 1.620, 60
train,    982, -2.618185,    9, 1.00,    2, 0.000, 0.040, 1.620, 60
train,    983, 5.588834,   19, 1.00,    3, 0.000, 0.040, 1.620, 60
train,    984, -4.121187,    8, 1.00,    3, 0.000, 0.040, 1.620, 60
train,    985, -5.992989,    5, 1.00,    2, 0.000, 0.040, 1.620, 60
train,    986, 5.815380,   37, 1.00,   13, 0.000, 0.040, 1.620, 60
train,    987, -9.467310,    4, 1.00,    3, 0.040, 0.040, 1.620, 60
train,    988, 8.904786,   48, 1.00,   14, 0.000, 0.040, 1.620, 60
train,    989, -4.131292,    6, 1.00,    2, 0.000, 0.040, 1.620, 60
train,    990, 19.308997,   47, 1.00,    8, 0.000, 0.040, 1.620, 60
train,    991, -6.624925,   12, 1.00,    6, 0.000, 0.040, 1.620, 60
train,    992, -7.127530,    4, 1.00,    2, 0.000, 0.040, 1.620, 60
train,    993, -6.264604,   11, 1.00,    4, 0.000, 0.040, 1.620, 60
train,    994, -1.611691,   14, 1.00,    4, 0.000, 0.040, 1.620, 60
train,    995, 0.091481,   10, 1.00,    1, 0.000, 0.040, 1.620, 60
train,    996, 2.618069,   31, 1.00,    7, 0.000, 0.040, 1.620, 60
train,    997, 1.111823,   14, 1.00,    3, 0.040, 0.040, 1.620, 60
train,    998, 14.048749,   33, 1.00,    8, 0.000, 0.040, 1.620, 60
train,    999, -0.264682,   16, 1.00,    4, 0.040, 0.040, 1.620, 60
update,   999,   31,  514, -2.448864, -0.000000
val,      999, 91.096827, 0.0000, 150.0000,   0.0000, 1.0000,  20.0069
train,    1000, -3.154806,   20, 1.00,    8, 0.040, 0.040, 1.620, 60
train,    1001, -2.499481,    6, 1.00,    1, 0.000, 0.040, 1.620, 60
train,    1002, -8.540519,    5, 1.00,    3, 0.000, 0.040, 1.620, 60
train,    1003, -9.101755,   15, 1.00,    7, 0.000, 0.040, 1.620, 60
train,    1004, 2.260620,   45, 1.00,   17, 0.000, 0.040, 1.620, 60
train,    1005, -3.992636,    4, 1.00,    0, 0.000, 0.040, 1.620, 60
train,    1006, -5.085907,   14, 1.00,    5, 0.000, 0.040, 1.620, 60
train,    1007, -6.317431,    3, 1.00,    1, 0.000, 0.040, 1.620, 60
train,    1008, -6.250291,   18, 1.00,    9, 0.000, 0.040, 1.620, 60
train,    1009, -1.735786,   10, 1.00,    1, 0.000, 0.040, 1.620, 60
train,    1010, -2.527325,    6, 1.00,    0, 0.000, 0.040, 1.620, 60
train,    1011, -4.237522,   18, 1.00,    8, 0.000, 0.040, 1.620, 60
train,    1012, -9.903422,   29, 1.00,   13, 0.000, 0.040, 1.620, 60
train,    1013, -5.208446,   14, 1.00,    6, 0.000, 0.040, 1.620, 60
train,    1014, 7.002228,   50, 1.00,   16, 0.040, 0.040, 1.620, 60
train,    1015, 5.471948,   36, 1.00,   11, 0.000, 0.040, 1.620, 60
train,    1016, 2.484546,   14, 1.00,    4, 0.000, 0.040, 1.620, 60
train,    1017, -9.957522,    7, 1.00,    4, 0.000, 0.040, 1.620, 60
train,    1018, -11.058529,    9, 1.00,    5, 0.040, 0.040, 1.620, 60
train,    1019, 2.885140,   15, 1.00,    3, 0.000, 0.040, 1.620, 60
train,    1020, -2.963022,   10, 1.00,    4, 0.000, 0.040, 1.620, 60
train,    1021, 13.073658,   50, 1.00,   19, 0.000, 0.040, 1.620, 60
train,    1022, -4.826274,    9, 1.00,    3, 0.000, 0.040, 1.620, 60
train,    1023, -8.347207,   25, 1.00,   11, 0.000, 0.040, 1.620, 60
train,    1024, -2.298428,   30, 1.00,   12, 0.000, 0.040, 1.620, 60
val,      1024, 91.165248, 0.0000, 150.0000,   0.0000, 1.0000,  20.0135
train,    1025, -7.079337,    3, 1.00,    1, 0.040, 0.040, 1.620, 60
train,    1026, -5.238888,   22, 1.00,    9, 0.000, 0.040, 1.620, 60
train,    1027, -6.208104,   20, 1.00,    9, 0.000, 0.040, 1.620, 60
train,    1028, -6.281988,   10, 1.00,    4, 0.040, 0.040, 1.620, 60
update,   1028,   32,  517, -4.540358, 0.000000
train,    1029, -5.568746,   10, 1.00,    3, 0.040, 0.040, 1.620, 60
train,    1030, -10.086418,    5, 1.00,    4, 0.040, 0.040, 1.620, 60
train,    1031, -3.029298,   13, 1.00,    3, 0.000, 0.040, 1.620, 60
train,    1032, -6.390201,    8, 1.00,    4, 0.000, 0.040, 1.620, 60
train,    1033, -1.091130,   23, 1.00,    7, 0.000, 0.040, 1.620, 60
train,    1034, -5.507986,    9, 1.00,    4, 0.000, 0.040, 1.620, 60
train,    1035, -7.548892,    5, 1.00,    2, 0.000, 0.040, 1.620, 60
train,    1036, -6.008425,    2, 1.00,    0, 0.000, 0.040, 1.620, 60
train,    1037, -5.780844,   14, 1.00,    6, 0.000, 0.040, 1.620, 60
train,    1038, -6.586926,    3, 1.00,    1, 0.040, 0.040, 1.620, 60
train,    1039, -9.585923,    6, 1.00,    4, 0.040, 0.040, 1.620, 60
train,    1040, -1.686530,    9, 1.00,    1, 0.000, 0.040, 1.620, 60
train,    1041, -8.886367,    5, 1.00,    3, 0.000, 0.040, 1.620, 60
train,    1042, 4.437141,   13, 1.00,    3, 0.040, 0.040, 1.620, 60
train,    1043, -9.174430,    3, 1.00,    2, 0.000, 0.040, 1.620, 60
train,    1044, -7.788593,    4, 1.00,    2, 0.000, 0.040, 1.620, 60
train,    1045, -7.092720,   19, 1.00,    9, 0.000, 0.040, 1.620, 60
train,    1046, -2.513920,   11, 1.00,    4, 0.040, 0.040, 1.620, 60
train,    1047, -3.498518,   10, 1.00,    3, 0.000, 0.040, 1.620, 60
train,    1048, 1.541026,   15, 1.00,    2, 0.000, 0.040, 1.620, 60
train,    1049, -0.307049,   11, 1.00,    3, 0.000, 0.040, 1.620, 60
val,      1049, 5.575149, 1.0000,  11.4000,   0.0000, 0.0000,  29.2284
train,    1050, 1.664383,   16, 1.00,    4, 0.000, 0.040, 1.620, 60
train,    1051, -7.832805,    7, 1.00,    4, 0.040, 0.040, 1.620, 60
train,    1052, 1.873981,   18, 1.00,    6, 0.040, 0.040, 1.620, 60
train,    1053, -4.491762,    6, 1.00,    2, 0.040, 0.040, 1.620, 60
train,    1054, -3.597842,    9, 1.00,    3, 0.000, 0.040, 1.620, 60
train,    1055, -6.002982,    7, 1.00,    3, 0.000, 0.040, 1.620, 60
train,    1056, -7.868269,    4, 1.00,    1, 0.000, 0.040, 1.620, 60
train,    1057, -6.811762,    4, 1.00,    2, 0.000, 0.040, 1.620, 60
train,    1058, -1.348338,   16, 1.00,    6, 0.000, 0.040, 1.620, 60
train,    1059, -4.776456,   11, 1.00,    6, 0.000, 0.040, 1.620, 60
train,    1060, -9.857983,   24, 1.00,   11, 0.000, 0.040, 1.620, 60
train,    1061, -6.594163,    7, 1.00,    4, 0.000, 0.040, 1.620, 60
train,    1062, 3.569925,   20, 1.00,    5, 0.040, 0.040, 1.620, 60
train,    1063, -4.117899,   20, 1.00,    8, 0.000, 0.040, 1.620, 60
train,    1064, -10.950634,    9, 1.00,    7, 0.000, 0.040, 1.620, 60
train,    1065, -8.613556,   29, 1.00,   13, 0.000, 0.040, 1.620, 60
train,    1066, -4.482478,    8, 1.00,    3, 0.000, 0.040, 1.620, 60
train,    1067, -7.848679,    5, 1.00,    3, 0.000, 0.040, 1.620, 60
train,    1068, -3.900583,    6, 1.00,    1, 0.000, 0.040, 1.620, 60
train,    1069, 1.670374,   16, 1.00,    5, 0.000, 0.040, 1.620, 60
train,    1070, -4.166579,   19, 1.00,    7, 0.000, 0.040, 1.620, 60
train,    1071, -1.276957,   34, 1.00,   14, 0.040, 0.040, 1.620, 60
train,    1072, -0.530754,    8, 1.00,    1, 0.000, 0.040, 1.620, 60
train,    1073, -6.361859,    5, 1.00,    2, 0.000, 0.040, 1.620, 60
train,    1074, 2.516712,   18, 1.00,    6, 0.000, 0.040, 1.620, 60
update,   1074,   33,  524, -5.354468, 0.000000
val,      1074, -0.551145, 1.0000,   6.6000,   0.0000, 0.0000,  27.3369
train,    1075, -8.360193,    9, 1.00,    4, 0.000, 0.040, 1.620, 60
train,    1076, -8.668283,    3, 1.00,    2, 0.000, 0.040, 1.620, 60
train,    1077, -10.327962,    3, 1.00,    3, 0.000, 0.040, 1.620, 60
train,    1078, -9.577994,    4, 1.00,    3, 0.040, 0.040, 1.620, 60
train,    1079, -7.587787,    4, 1.00,    2, 0.000, 0.040, 1.620, 60
train,    1080, 8.682903,   22, 1.00,    2, 0.000, 0.040, 1.620, 60
train,    1081, 2.921234,   41, 1.00,   10, 0.000, 0.040, 1.620, 60
train,    1082, -4.300572,    7, 1.00,    1, 0.000, 0.040, 1.620, 60
train,    1083, 0.432717,   21, 1.00,    5, 0.000, 0.040, 1.620, 60
train,    1084, 0.611443,   12, 1.00,    3, 0.000, 0.040, 1.620, 60
train,    1085, -3.776110,    6, 1.00,    2, 0.000, 0.040, 1.620, 60
train,    1086, -6.827726,   10, 1.00,    5, 0.040, 0.040, 1.620, 60
train,    1087, -5.875329,   12, 1.00,    5, 0.000, 0.040, 1.620, 60
train,    1088, -6.685925,    5, 1.00,    2, 0.000, 0.040, 1.620, 60
train,    1089, -1.993063,   13, 1.00,    6, 0.000, 0.040, 1.620, 60
train,    1090, -5.740455,    5, 1.00,    2, 0.000, 0.040, 1.620, 60
train,    1091, -7.412840,   10, 1.00,    5, 0.040, 0.040, 1.620, 60
train,    1092, 0.344827,   18, 1.00,    7, 0.000, 0.040, 1.620, 60
train,    1093, -4.771005,   21, 1.00,    7, 0.000, 0.040, 1.620, 60
train,    1094, 9.093287,   23, 1.00,    5, 0.000, 0.040, 1.620, 60
train,    1095, -4.349768,   20, 1.00,    8, 0.000, 0.040, 1.620, 60
train,    1096, -7.146170,    5, 1.00,    2, 0.000, 0.040, 1.620, 60
train,    1097, -8.671900,   18, 1.00,    9, 0.000, 0.040, 1.620, 60
train,    1098, 10.852868,   33, 1.00,   10, 0.000, 0.040, 1.620, 60
train,    1099, -7.209789,    9, 1.00,    5, 0.040, 0.040, 1.620, 60
val,      1099, 6.763944, 1.0000,  12.6000,   0.0000, 0.0000,  28.6710
train,    1100, -9.585765,    6, 1.00,    4, 0.000, 0.040, 1.620, 60
train,    1101, -8.359003,    4, 1.00,    2, 0.000, 0.040, 1.620, 60
train,    1102, -2.398650,   19, 1.00,    6, 0.000, 0.040, 1.620, 60
train,    1103, 10.666945,   43, 1.00,   12, 0.000, 0.040, 1.620, 60
train,    1104, 0.167466,    7, 1.00,    0, 0.000, 0.040, 1.620, 60
train,    1105, 14.478630,   45, 1.00,   12, 0.000, 0.040, 1.620, 60
train,    1106, -0.589328,   37, 1.00,   15, 0.000, 0.040, 1.620, 60
train,    1107, -12.531671,   11, 1.00,    7, 0.000, 0.040, 1.620, 60
train,    1108, -6.533005,    5, 1.00,    2, 0.040, 0.040, 1.620, 60
train,    1109, -5.495194,    5, 1.00,    2, 0.000, 0.040, 1.620, 60
update,   1109,   34,  516, -3.641448, 0.000000
train,    1110, 2.649651,   14, 1.00,    4, 0.000, 0.040, 1.620, 60
train,    1111, 0.841308,   16, 1.00,    5, 0.000, 0.040, 1.620, 60
train,    1112, 1.371720,   16, 1.00,    4, 0.040, 0.040, 1.620, 60
train,    1113, -7.435359,   46, 1.00,   22, 0.040, 0.040, 1.620, 60
train,    1114, 0.594628,   16, 1.00,    5, 0.000, 0.040, 1.620, 60
train,    1115, 1.489501,   66, 1.00,   25, 0.000, 0.040, 1.620, 60
train,    1116, -8.724959,    4, 1.00,    2, 0.000, 0.040, 1.620, 60
train,    1117, -5.169909,   14, 1.00,    4, 0.000, 0.040, 1.620, 60
train,    1118, -9.477500,   24, 1.00,   13, 0.000, 0.040, 1.620, 60
train,    1119, -2.703210,   10, 1.00,    2, 0.000, 0.040, 1.620, 60
train,    1120, -10.357964,   13, 1.00,    7, 0.000, 0.040, 1.620, 60
train,    1121, -8.684083,    6, 1.00,    3, 0.000, 0.040, 1.620, 60
train,    1122, -7.012202,    4, 1.00,    2, 0.000, 0.040, 1.620, 60
train,    1123, -5.497379,   15, 1.00,    9, 0.040, 0.040, 1.620, 60
train,    1124, 2.661574,   23, 1.00,    9, 0.000, 0.040, 1.620, 60
val,      1124, 1.433009, 1.0000,   8.2000,   0.0000, 0.0000,  28.5597
train,    1125, -6.765675,   15, 1.00,    6, 0.040, 0.040, 1.620, 60
train,    1126, -2.313922,   10, 1.00,    4, 0.000, 0.040, 1.620, 60
train,    1127, 1.823076,   20, 1.00,    4, 0.040, 0.040, 1.620, 60
train,    1128, -2.991410,   12, 1.00,    3, 0.000, 0.040, 1.620, 60
train,    1129, 1.786661,   75, 1.00,   29, 0.000, 0.040, 1.620, 60
train,    1130, 17.089482,   52, 1.00,   12, 0.000, 0.040, 1.620, 60
train,    1131, 1.890231,   38, 1.00,   10, 0.040, 0.040, 1.620, 60
train,    1132, -6.954728,    4, 1.00,    1, 0.000, 0.040, 1.620, 60
update,   1132,   35,  513, -3.709540, 0.000000
train,    1133, -0.973133,   11, 1.00,    3, 0.000, 0.040, 1.620, 60
train,    1134, 10.308851,   40, 1.00,   11, 0.040, 0.040, 1.620, 60
train,    1135, -5.936829,   30, 1.00,   12, 0.000, 0.040, 1.620, 60
train,    1136, 2.875145,   27, 1.00,    7, 0.000, 0.040, 1.620, 60
train,    1137, -8.917769,    6, 1.00,    4, 0.000, 0.040, 1.620, 60
train,    1138, -8.947627,    3, 1.00,    2, 0.000, 0.040, 1.620, 60
train,    1139, -8.385930,    5, 1.00,    3, 0.000, 0.040, 1.620, 60
train,    1140, -5.664181,    4, 1.00,    1, 0.000, 0.040, 1.620, 60
train,    1141, -0.993338,    7, 1.00,    1, 0.000, 0.040, 1.620, 60
train,    1142, -5.255355,    5, 1.00,    1, 0.000, 0.040, 1.620, 60
train,    1143, 0.886959,   25, 1.00,    6, 0.000, 0.040, 1.620, 60
train,    1144, -0.678391,   21, 1.00,    5, 0.000, 0.040, 1.620, 60
train,    1145, -6.064048,    6, 1.00,    2, 0.000, 0.040, 1.620, 60
train,    1146, -8.164083,    4, 1.00,    3, 0.040, 0.040, 1.620, 60
train,    1147, -2.534417,   17, 1.00,    8, 0.000, 0.040, 1.620, 60
train,    1148, -7.991547,    3, 1.00,    2, 0.000, 0.040, 1.620, 60
train,    1149, -7.419546,    5, 1.00,    2, 0.040, 0.040, 1.620, 60
val,      1149, 91.096827, 0.0000, 150.0000,   0.0000, 1.0000,  20.0069
train,    1150, 2.567263,   29, 1.00,    7, 0.040, 0.040, 1.620, 60
train,    1151, -7.406981,    5, 1.00,    3, 0.000, 0.040, 1.620, 60
train,    1152, -5.076158,    9, 1.00,    3, 0.000, 0.040, 1.620, 60
train,    1153, -6.724177,   13, 1.00,    5, 0.000, 0.040, 1.620, 60
train,    1154, -7.499321,    9, 1.00,    4, 0.000, 0.040, 1.620, 60
train,    1155, -6.208318,    6, 1.00,    2, 0.000, 0.040, 1.620, 60
train,    1156, -7.249357,    2, 1.00,    1, 0.000, 0.040, 1.620, 60
train,    1157, -8.504146,    8, 1.00,    5, 0.000, 0.040, 1.620, 60
train,    1158, 2.567351,   22, 1.00,    8, 0.040, 0.040, 1.620, 60
train,    1159, 3.082405,   20, 1.00,    6, 0.000, 0.040, 1.620, 60
train,    1160, -3.110626,    7, 1.00,    2, 0.000, 0.040, 1.620, 60
train,    1161, -0.638650,   12, 1.00,    2, 0.040, 0.040, 1.620, 60
train,    1162, -2.328067,   10, 1.00,    4, 0.000, 0.040, 1.620, 60
train,    1163, 5.776911,   14, 1.00,    2, 0.040, 0.040, 1.620, 60
train,    1164, -3.747817,    6, 1.00,    0, 0.000, 0.040, 1.620, 60
train,    1165, 8.233426,   30, 1.00,    8, 0.000, 0.040, 1.620, 60
train,    1166, 9.012261,   38, 1.00,    8, 0.000, 0.040, 1.620, 60
train,    1167, 3.212314,   16, 1.00,    4, 0.000, 0.040, 1.620, 60
train,    1168, -5.397621,   10, 1.00,    4, 0.000, 0.040, 1.620, 60
train,    1169, 0.067639,   17, 1.00,    6, 0.000, 0.040, 1.620, 60
train,    1170, -9.883317,    9, 1.00,    6, 0.040, 0.040, 1.620, 60
train,    1171, 3.143084,   18, 1.00,    2, 0.000, 0.040, 1.620, 60
update,   1171,   36,  529, -3.685065, -0.000000
train,    1172, -5.563506,    8, 1.00,    4, 0.000, 0.040, 1.620, 60
train,    1173, -4.485949,    3, 1.00,    0, 0.000, 0.040, 1.620, 60
train,    1174, -4.087429,   16, 1.00,    7, 0.000, 0.040, 1.620, 60
val,      1174, 95.517880, 0.0000, 150.0000,   0.0000, 1.0000,  20.0069
train,    1175, -4.493002,    8, 1.00,    2, 0.000, 0.040, 1.620, 60
train,    1176, -7.803257,    7, 1.00,    3, 0.000, 0.040, 1.620, 60
train,    1177, -3.905788,   24, 1.00,    9, 0.000, 0.040, 1.620, 60
train,    1178, 3.633091,   16, 1.00,    2, 0.000, 0.040, 1.620, 60
train,    1179, -3.680443,   17, 1.00,    6, 0.040, 0.040, 1.620, 60
train,    1180, -5.499060,   22, 1.00,   11, 0.040, 0.040, 1.620, 60
train,    1181, 8.351468,   29, 1.00,    8, 0.000, 0.040, 1.620, 60
train,    1182, -8.472729,    7, 1.00,    3, 0.000, 0.040, 1.620, 60
train,    1183, 0.450652,   17, 1.00,    4, 0.000, 0.040, 1.620, 60
train,    1184, 4.654466,   11, 1.00,    1, 0.000, 0.040, 1.620, 60
train,    1185, -0.267818,    8, 1.00,    0, 0.000, 0.040, 1.620, 60
train,    1186, -8.684790,    3, 1.00,    2, 0.040, 0.040, 1.620, 60
train,    1187, -1.544130,    9, 1.00,    3, 0.000, 0.040, 1.620, 60
train,    1188, -4.789365,   20, 1.00,    8, 0.000, 0.040, 1.620, 60
train,    1189, -1.163960,   37, 1.00,   13, 0.000, 0.040, 1.620, 60
train,    1190, -5.443420,    6, 1.00,    2, 0.000, 0.040, 1.620, 60
train,    1191, -1.414759,   16, 1.00,    6, 0.000, 0.040, 1.620, 60
train,    1192, 7.421559,   34, 1.00,   10, 0.000, 0.040, 1.620, 60
train,    1193, -7.178349,    9, 1.00,    4, 0.000, 0.040, 1.620, 60
train,    1194, -5.425876,    8, 1.00,    2, 0.000, 0.040, 1.620, 60
train,    1195, -5.424032,    6, 1.00,    3, 0.000, 0.040, 1.620, 60
train,    1196, -7.048480,    8, 1.00,    4, 0.000, 0.040, 1.620, 60
train,    1197, -9.758353,    6, 1.00,    4, 0.000, 0.040, 1.620, 60
train,    1198, -5.432957,   10, 1.00,    4, 0.000, 0.040, 1.620, 60
train,    1199, -6.985384,    5, 1.00,    3, 0.040, 0.040, 1.620, 60
val,      1199, 94.412617, 0.0000, 150.0000,   0.0000, 1.0000,  20.0069
train,    1200, -6.957716,    9, 1.00,    4, 0.000, 0.040, 1.620, 60
train,    1201, -13.523267,   42, 1.00,   21, 0.040, 0.040, 1.620, 60
train,    1202, 9.190236,   20, 1.00,    3, 0.000, 0.040, 1.620, 60
train,    1203, -4.433056,   10, 1.00,    4, 0.000, 0.040, 1.620, 60
train,    1204, -6.210485,   14, 1.00,    5, 0.040, 0.040, 1.620, 60
train,    1205, -5.650156,    4, 1.00,    1, 0.000, 0.040, 1.620, 60
train,    1206, -6.235515,    3, 1.00,    0, 0.000, 0.040, 1.620, 60
train,    1207, 7.485680,   34, 1.00,   10, 0.000, 0.040, 1.620, 60
train,    1208, -1.550918,   12, 1.00,    3, 0.040, 0.040, 1.620, 60
update,   1208,   37,  518, -4.290770, -0.000000
train,    1209, -4.696475,    4, 1.00,    1, 0.000, 0.040, 1.620, 60
train,    1210, 5.663720,   70, 1.00,   22, 0.040, 0.040, 1.620, 60
train,    1211, -7.501146,   21, 1.00,    9, 0.000, 0.040, 1.620, 60
train,    1212, -3.792488,   14, 1.00,    4, 0.040, 0.040, 1.620, 60
train,    1213, -1.540388,   11, 1.00,    1, 0.000, 0.040, 1.620, 60
train,    1214, -8.630732,    4, 1.00,    3, 0.000, 0.040, 1.620, 60
train,    1215, -1.113090,   13, 1.00,    2, 0.040, 0.040, 1.620, 60
train,    1216, -3.198161,    7, 1.00,    1, 0.000, 0.040, 1.620, 60
train,    1217, -1.583488,   14, 1.00,    4, 0.040, 0.040, 1.620, 60
train,    1218, -3.685251,   15, 1.00,    4, 0.000, 0.040, 1.620, 60
train,    1219, -8.802455,    3, 1.00,    2, 0.040, 0.040, 1.620, 60
train,    1220, -0.629348,   13, 1.00,    3, 0.000, 0.040, 1.620, 60
train,    1221, -3.522398,   21, 1.00,    6, 0.000, 0.040, 1.620, 60
train,    1222, -7.853355,   11, 1.00,    6, 0.000, 0.040, 1.620, 60
train,    1223, -8.558839,    3, 1.00,    2, 0.000, 0.040, 1.620, 60
train,    1224, -7.790436,    9, 1.00,    4, 0.000, 0.040, 1.620, 60
val,      1224, 98.833669, 0.0000, 150.0000,   0.0000, 1.0000,  20.0069
train,    1225, 3.497187,   26, 1.00,    8, 0.000, 0.040, 1.620, 60
train,    1226, -8.426967,   22, 1.00,   11, 0.000, 0.040, 1.620, 60
train,    1227, -3.530947,   21, 1.00,    9, 0.000, 0.040, 1.620, 60
train,    1228, -0.022199,   43, 1.00,   15, 0.000, 0.040, 1.620, 60
train,    1229, -8.908001,   36, 1.00,   16, 0.040, 0.040, 1.620, 60
train,    1230, 3.827645,   62, 1.00,   22, 0.000, 0.040, 1.620, 60
train,    1231, -5.562622,    3, 1.00,    0, 0.040, 0.040, 1.620, 60
train,    1232, -13.084602,    6, 1.00,    4, 0.000, 0.040, 1.620, 60
train,    1233, -3.730200,   12, 1.00,    5, 0.000, 0.040, 1.620, 60
train,    1234, 2.133100,   13, 1.00,    2, 0.000, 0.040, 1.620, 60
train,    1235, -2.778150,   13, 1.00,    3, 0.000, 0.040, 1.620, 60
train,    1236, -7.433325,    6, 1.00,    3, 0.000, 0.040, 1.620, 60
train,    1237, -3.065695,   13, 1.00,    4, 0.000, 0.040, 1.620, 60
train,    1238, -10.231267,    4, 1.00,    3, 0.040, 0.040, 1.620, 60
update,   1238,   38,  513, -4.203791, 0.000000
train,    1239, 0.507720,   14, 1.00,    4, 0.040, 0.040, 1.620, 60
train,    1240, 0.104292,   10, 1.00,    2, 0.000, 0.040, 1.620, 60
train,    1241, -7.956659,    7, 1.00,    4, 0.000, 0.040, 1.620, 60
train,    1242, -6.252296,    5, 1.00,    2, 0.000, 0.040, 1.620, 60
train,    1243, -5.522986,    8, 1.00,    3, 0.040, 0.040, 1.620, 60
train,    1244, -2.093751,   11, 1.00,    5, 0.040, 0.040, 1.620, 60
train,    1245, -5.061250,    8, 1.00,    2, 0.000, 0.040, 1.620, 60
train,    1246, -2.424991,   26, 1.00,   11, 0.000, 0.040, 1.620, 60
train,    1247, -0.457128,    8, 1.00,    1, 0.000, 0.040, 1.620, 60
train,    1248, -6.598793,   29, 1.00,   10, 0.000, 0.040, 1.620, 60
train,    1249, -0.011023,   18, 1.00,    5, 0.000, 0.040, 1.620, 60
val,      1249, 91.096827, 0.0000, 150.0000,   0.0000, 1.0000,  20.0069
train,    1250, -3.106626,    9, 1.00,    2, 0.000, 0.040, 1.620, 60
train,    1251, -3.428206,   12, 1.00,    3, 0.000, 0.040, 1.620, 60
train,    1252, 2.187712,   20, 1.00,    4, 0.000, 0.040, 1.620, 60
train,    1253, 5.016298,   44, 1.00,   12, 0.000, 0.040, 1.620, 60
