init,     2026-04-14 15:58:46.513142
arguments,Namespace(PPO_epochs=4, adv_norm=1, alg='ppo', cuda=0, curriculum_clean_ratio=0.98, curriculum_entropy_decay=0.95, curriculum_mode='adaptive', curriculum_noise_step=0.002, curriculum_patience=4, entropy=0.22, entropy_min=0.1, eps_clip=0.12, gae_lambda=0.98, gamma=0.997, grad_clip=0.4, gymip_train_xml='inverted_pendulum_ChangeThk_0.050000.xml', hid_group_num=8, hid_group_size=8, hidden_num=64, ignore_checkpoint=True, lane_profile='auto', lr=0.00032, max_noise=0.012, mini_batch_size=224, model='rwtaspk', monitor_time=False, optimizer='rmsprop', rep=11, response_window=40, reward_scale=0.9, road_scenario='highway', rollout_steps=896, rwta_del_connection='none', seed=27884, snn_num_steps=15, task='gymip', thread=-1, traffic_level='dense', train_num=4800, warm_start_kind='none', warm_start_prefix='/root/autodl-tmp/SVPG2023/LANE/training_runs/ours/highway_dense/models/ppo_gymip_rwtaspk_h8-8-40_none_rmsprop_0.000320_0.22_0.99700_4_0.1200_ro896_mb224_lam0.98_rs0.90_gc0.40_adaptive_roadhighway_tfdense_seed27684_best_w_1.pt')
seed,     27884
model_dir,/root/autodl-tmp/SVPG2023/LANE/training_runs/ours/highway_dense/models
log_dir,  /root/autodl-tmp/SVPG2023/LANE/training_runs/ours/highway_dense/logs
profile,  lane auto-stabilize: lr->0.0005, gamma->0.995, PPO_epochs->4, eps_clip->0.15, rollout_steps->512, mini_batch_size->128, gae_lambda->0.97, grad_clip->0.5, curriculum_clean_ratio->0.8, max_noise->0.08, curriculum_noise_step->0.02, lr->0.00032, gamma->0.997, entropy->0.22, eps_clip->0.12, rollout_steps->896, mini_batch_size->224, gae_lambda->0.98, reward_scale->0.9, grad_clip->0.4, curriculum_clean_ratio->0.98, max_noise->0.012, curriculum_noise_step->0.002, curriculum_patience->3, curriculum_entropy_decay->0.94, curriculum_patience->4, curriculum_entropy_decay->0.95, train_num->4800
warm_start,/root/autodl-tmp/SVPG2023/LANE/training_runs/ours/highway_dense/models/ppo_gymip_rwtaspk_h8-8-40_none_rmsprop_0.000320_0.22_0.99700_4_0.1200_ro896_mb224_lam0.98_rs0.90_gc0.40_adaptive_roadhighway_tfdense_seed27684_best
warm_critic,/root/autodl-tmp/SVPG2023/LANE/training_runs/ours/highway_dense/models/ppo_gymip_rwtaspk_h8-8-40_none_rmsprop_0.000320_0.22_0.99700_4_0.1200_ro896_mb224_lam0.98_rs0.90_gc0.40_adaptive_roadhighway_tfdense_seed27684critic_best
train,    1, -7.621885,    2, 1.00,    2, 0.000, 0.000, 0.220, 40
train,    2, 26.660913,   16, 1.00,    3, 0.000, 0.000, 0.220, 40
train,    3, 35.491948,   21, 1.00,    5, 0.000, 0.000, 0.220, 40
train,    4, 10.784997,    8, 1.00,    2, 0.000, 0.000, 0.220, 40
train,    5, 55.438257,   25, 1.00,    7, 0.000, 0.000, 0.220, 40
train,    6, 21.916968,   16, 1.00,    3, 0.000, 0.000, 0.220, 40
train,    7, 21.120331,   14, 1.00,    5, 0.000, 0.000, 0.220, 40
train,    8, 18.065365,   12, 1.00,    2, 0.000, 0.000, 0.220, 40
train,    9, 10.996508,    9, 1.00,    2, 0.000, 0.000, 0.220, 40
train,    10, 5.902138,    8, 1.00,    3, 0.000, 0.000, 0.220, 40
train,    11, 7.627201,    6, 1.00,    1, 0.000, 0.000, 0.220, 40
train,    12, 61.312688,   36, 1.00,    5, 0.000, 0.000, 0.220, 40
train,    13, -9.010321,    2, 1.00,    2, 0.000, 0.000, 0.220, 40
train,    14, -0.600877,    4, 1.00,    0, 0.000, 0.000, 0.220, 40
train,    15, 15.295590,   11, 1.00,    2, 0.000, 0.000, 0.220, 40
train,    16, 16.431131,   12, 1.00,    1, 0.000, 0.000, 0.220, 40
train,    17, 20.204594,   13, 1.00,    3, 0.000, 0.000, 0.220, 40
train,    18, 21.853677,   12, 1.00,    2, 0.000, 0.000, 0.220, 40
train,    19, 12.866247,    8, 1.00,    2, 0.000, 0.000, 0.220, 40
train,    20, 7.572552,    9, 1.00,    3, 0.000, 0.000, 0.220, 40
train,    21, 23.941249,   22, 1.00,    6, 0.000, 0.000, 0.220, 40
train,    22, 1.991422,    5, 1.00,    2, 0.000, 0.000, 0.220, 40
train,    23, -5.116556,    3, 1.00,    1, 0.000, 0.000, 0.220, 40
train,    24, -2.422282,    4, 1.00,    1, 0.000, 0.000, 0.220, 40
val_save, 24, 30.923005, 1.0000,  29.3000,   6.0000, 0.0000,  22.8869
val,      24, 30.923005, 1.0000,  29.3000,   6.0000, 0.0000,  22.8869
traffic_val,24, 40, 0.8333,  36.8333, 0.0000,  22.9580
train,    25, 9.328464,    7, 1.00,    1, 0.000, 0.000, 0.220, 40
train,    26, -8.133838,    2, 1.00,    2, 0.000, 0.000, 0.220, 40
train,    27, 29.975630,   16, 1.00,    3, 0.000, 0.000, 0.220, 40
train,    28, 1.960723,    6, 1.00,    2, 0.000, 0.000, 0.220, 40
train,    29, 14.370275,    8, 1.00,    1, 0.000, 0.000, 0.220, 40
train,    30, 8.028443,    8, 1.00,    2, 0.000, 0.000, 0.220, 40
train,    31, -1.299952,    5, 1.00,    1, 0.000, 0.000, 0.220, 40
train,    32, 43.946032,   22, 1.00,    3, 0.000, 0.000, 0.220, 40
train,    33, 26.620145,   15, 1.00,    2, 0.000, 0.000, 0.220, 40
train,    34, 9.307647,   11, 1.00,    3, 0.000, 0.000, 0.220, 40
train,    35, 5.014299,    7, 1.00,    3, 0.000, 0.000, 0.220, 40
train,    36, 3.059565,    6, 1.00,    2, 0.000, 0.000, 0.220, 40
train,    37, 15.541710,   10, 1.00,    2, 0.000, 0.000, 0.220, 40
train,    38, 115.776787,   72, 1.00,   11, 0.000, 0.000, 0.220, 40
train,    39, 8.603913,    8, 1.00,    2, 0.000, 0.000, 0.220, 40
train,    40, 68.832906,   37, 1.00,    8, 0.000, 0.000, 0.220, 40
train,    41, 35.511114,   17, 1.00,    3, 0.000, 0.000, 0.220, 40
train,    42, 32.815515,   17, 1.00,    4, 0.000, 0.000, 0.220, 40
train,    43, 45.369489,   20, 1.00,    3, 0.000, 0.000, 0.220, 40
train,    44, 14.119668,   11, 1.00,    2, 0.000, 0.000, 0.220, 40
train,    45, 72.830146,   38, 1.00,   11, 0.000, 0.000, 0.220, 40
train,    46, 49.165676,   27, 1.00,    5, 0.000, 0.000, 0.220, 40
train,    47, 18.428177,   12, 1.00,    2, 0.000, 0.000, 0.220, 40
train,    48, 97.027011,   48, 1.00,    9, 0.000, 0.000, 0.220, 40
train,    49, 15.043274,   11, 1.00,    2, 0.000, 0.000, 0.220, 40
val_save, 49, 87.940146, 0.8000,  70.9000,   6.9000, 0.1000,  22.6359
val,      49, 87.940146, 0.8000,  70.9000,   6.9000, 0.1000,  22.6359
traffic_val,49, 40, 0.5000,  87.5000, 0.0000,  22.9986
curriculum,dense_stability_on noise_cap 0.0000 -> 0.0000, entropy 0.2200 -> 0.1600, best_length 70.9000
train,    50, 21.844696,   13, 1.00,    2, 0.000, 0.000, 0.160, 40
train,    51, 44.082949,   23, 1.00,    5, 0.000, 0.000, 0.160, 40
train,    52, 9.721588,   12, 1.00,    1, 0.000, 0.000, 0.160, 40
train,    53, 34.843669,   20, 1.00,    3, 0.000, 0.000, 0.160, 40
train,    54, 11.072065,    9, 1.00,    1, 0.000, 0.000, 0.160, 40
train,    55, 28.430126,   19, 1.00,    7, 0.000, 0.000, 0.160, 40
train,    56, 17.541156,   12, 1.00,    3, 0.000, 0.000, 0.160, 40
train,    57, 26.544568,   15, 1.00,    2, 0.000, 0.000, 0.160, 40
train,    58, 30.687286,   22, 1.00,    7, 0.000, 0.000, 0.160, 40
train,    59, 52.815368,   25, 1.00,    7, 0.000, 0.000, 0.160, 40
train,    60, 21.221930,   12, 1.00,    1, 0.000, 0.000, 0.160, 40
update,   60,    1,  901, 11.189926, 0.000000
train,    61, -7.768565,    2, 1.00,    2, 0.000, 0.000, 0.160, 40
train,    62, 10.138319,   10, 1.00,    1, 0.000, 0.000, 0.160, 40
train,    63, 39.778109,   20, 1.00,    4, 0.000, 0.000, 0.160, 40
train,    64, 11.456876,    9, 1.00,    3, 0.000, 0.000, 0.160, 40
train,    65, 18.829790,   13, 1.00,    6, 0.000, 0.000, 0.160, 40
train,    66, 25.181498,   14, 1.00,    3, 0.000, 0.000, 0.160, 40
train,    67, -6.048466,    3, 1.00,    1, 0.000, 0.000, 0.160, 40
train,    68, 1.393565,    6, 1.00,    3, 0.000, 0.000, 0.160, 40
train,    69, 6.746934,    7, 1.00,    3, 0.000, 0.000, 0.160, 40
train,    70, 56.163692,   31, 1.00,    9, 0.000, 0.000, 0.160, 40
train,    71, 28.713391,   19, 1.00,    3, 0.000, 0.000, 0.160, 40
train,    72, 28.245221,   22, 1.00,    3, 0.000, 0.000, 0.160, 40
train,    73, 30.215495,   19, 1.00,    3, 0.000, 0.000, 0.160, 40
train,    74, 17.755549,   12, 1.00,    4, 0.000, 0.000, 0.160, 40
val,      74, 82.611895, 0.8000,  72.2000,   7.5000, 0.0000,  22.1065
traffic_val,74, 40, 0.5000, 100.1667, 0.1667,  22.6056
curriculum,dense_stability noise_cap 0.0000 -> 0.0000, entropy 0.1600 -> 0.1552
train,    75, 11.893417,    7, 1.00,    3, 0.000, 0.000, 0.155, 40
train,    76, 21.418080,   14, 1.00,    3, 0.000, 0.000, 0.155, 40
train,    77, 4.085650,    6, 1.00,    0, 0.000, 0.000, 0.155, 40
train,    78, 79.095757,   34, 1.00,    6, 0.000, 0.000, 0.155, 40
train,    79, 3.620577,    6, 1.00,    1, 0.000, 0.000, 0.155, 40
train,    80, -4.077793,    4, 1.00,    1, 0.000, 0.000, 0.155, 40
train,    81, 28.450469,   20, 1.00,    7, 0.000, 0.000, 0.155, 40
train,    82, 99.394134,   60, 1.00,   11, 0.000, 0.000, 0.155, 40
train,    83, 46.914207,   20, 1.00,    4, 0.000, 0.000, 0.155, 40
train,    84, 0.495859,    6, 1.00,    2, 0.000, 0.000, 0.155, 40
train,    85, 0.759695,    6, 1.00,    2, 0.000, 0.000, 0.155, 40
train,    86, 17.108219,   11, 1.00,    2, 0.000, 0.000, 0.155, 40
train,    87, 14.471410,    9, 1.00,    2, 0.000, 0.000, 0.155, 40
train,    88, -7.776159,    2, 1.00,    2, 0.000, 0.000, 0.155, 40
train,    89, 64.640667,   34, 1.00,   10, 0.000, 0.000, 0.155, 40
train,    90, 15.148241,    9, 1.00,    1, 0.000, 0.000, 0.155, 40
train,    91, 5.902921,    9, 1.00,    3, 0.000, 0.000, 0.155, 40
train,    92, 17.384757,   10, 1.00,    1, 0.000, 0.000, 0.155, 40
train,    93, 47.960408,   20, 1.00,    4, 0.000, 0.000, 0.155, 40
train,    94, 4.672217,    7, 1.00,    2, 0.000, 0.000, 0.155, 40
train,    95, 13.467219,   11, 1.00,    3, 0.000, 0.000, 0.155, 40
train,    96, -2.542100,    4, 1.00,    1, 0.000, 0.000, 0.155, 40
train,    97, 123.651419,   63, 1.00,   11, 0.000, 0.000, 0.155, 40
train,    98, 36.973348,   28, 1.00,    5, 0.000, 0.000, 0.155, 40
