init,     2026-04-14 15:25:36.340907
arguments,Namespace(PPO_epochs=4, adv_norm=1, alg='ppo', cuda=0, curriculum_clean_ratio=0.98, curriculum_entropy_decay=0.95, curriculum_mode='adaptive', curriculum_noise_step=0.002, curriculum_patience=4, entropy=0.22, entropy_min=0.1, eps_clip=0.12, gae_lambda=0.98, gamma=0.997, grad_clip=0.4, gymip_train_xml='inverted_pendulum_ChangeThk_0.050000.xml', hid_group_num=8, hid_group_size=8, hidden_num=64, ignore_checkpoint=True, lane_profile='auto', lr=0.00032, max_noise=0.012, mini_batch_size=224, model='rwtaspk', monitor_time=False, optimizer='rmsprop', rep=11, response_window=40, reward_scale=0.9, road_scenario='highway', rollout_steps=896, rwta_del_connection='none', seed=27884, snn_num_steps=15, task='gymip', thread=-1, traffic_level='dense', train_num=4800, warm_start_kind='none', warm_start_prefix='/root/autodl-tmp/SVPG2023/LANE/training_runs/ours/highway_dense/models/ppo_gymip_rwtaspk_h8-8-40_none_rmsprop_0.000320_0.22_0.99700_4_0.1200_ro896_mb224_lam0.98_rs0.90_gc0.40_adaptive_roadhighway_tfdense_seed27684_best_w_1.pt')
seed,     27884
model_dir,/root/autodl-tmp/SVPG2023/LANE/training_runs/ours/highway_dense/models
log_dir,  /root/autodl-tmp/SVPG2023/LANE/training_runs/ours/highway_dense/logs
profile,  lane auto-stabilize: lr->0.0005, gamma->0.995, PPO_epochs->4, eps_clip->0.15, rollout_steps->512, mini_batch_size->128, gae_lambda->0.97, grad_clip->0.5, curriculum_clean_ratio->0.8, max_noise->0.08, curriculum_noise_step->0.02, lr->0.00032, gamma->0.997, entropy->0.22, eps_clip->0.12, rollout_steps->896, mini_batch_size->224, gae_lambda->0.98, reward_scale->0.9, grad_clip->0.4, curriculum_clean_ratio->0.98, max_noise->0.012, curriculum_noise_step->0.002, curriculum_patience->3, curriculum_entropy_decay->0.94, curriculum_patience->4, curriculum_entropy_decay->0.95, train_num->4800
warm_start,/root/autodl-tmp/SVPG2023/LANE/training_runs/ours/highway_dense/models/ppo_gymip_rwtaspk_h8-8-40_none_rmsprop_0.000320_0.22_0.99700_4_0.1200_ro896_mb224_lam0.98_rs0.90_gc0.40_adaptive_roadhighway_tfdense_seed27684_best
warm_critic,/root/autodl-tmp/SVPG2023/LANE/training_runs/ours/highway_dense/models/ppo_gymip_rwtaspk_h8-8-40_none_rmsprop_0.000320_0.22_0.99700_4_0.1200_ro896_mb224_lam0.98_rs0.90_gc0.40_adaptive_roadhighway_tfdense_seed27684critic_best
train,    1, -0.314486,    4, 1.00,    1, 0.000, 0.000, 0.220, 48
train,    2, 1.711069,    8, 1.00,    1, 0.000, 0.000, 0.220, 48
train,    3, 10.008709,    8, 1.00,    1, 0.000, 0.000, 0.220, 48
train,    4, 6.284045,    8, 1.00,    1, 0.000, 0.000, 0.220, 48
train,    5, 16.463359,   12, 1.00,    3, 0.000, 0.000, 0.220, 48
train,    6, 29.028890,   15, 1.00,    6, 0.000, 0.000, 0.220, 48
train,    7, 35.289857,   17, 1.00,    3, 0.000, 0.000, 0.220, 48
train,    8, 61.000679,   31, 1.00,    9, 0.000, 0.000, 0.220, 49
train,    9, 26.184220,   17, 1.00,    5, 0.000, 0.000, 0.220, 49
train,    10, 11.436752,    9, 1.00,    2, 0.000, 0.000, 0.220, 49
train,    11, 16.921256,   10, 1.00,    3, 0.000, 0.000, 0.220, 49
train,    12, 29.371831,   24, 1.00,    4, 0.000, 0.000, 0.220, 49
train,    13, 24.441217,   15, 1.00,    2, 0.000, 0.000, 0.220, 49
train,    14, 54.491385,   32, 1.00,    8, 0.000, 0.000, 0.220, 49
train,    15, -2.039699,    4, 1.00,    1, 0.000, 0.000, 0.220, 49
train,    16, 0.701434,    5, 1.00,    1, 0.000, 0.000, 0.220, 49
train,    17, 29.831969,   13, 1.00,    1, 0.000, 0.000, 0.220, 49
train,    18, 45.602598,   24, 1.00,    5, 0.000, 0.000, 0.220, 49
train,    19, 45.205799,   21, 1.00,    1, 0.000, 0.000, 0.220, 49
train,    20, 66.419265,   30, 1.00,    6, 0.000, 0.000, 0.220, 49
train,    21, 8.531741,    8, 1.00,    1, 0.000, 0.000, 0.220, 49
train,    22, 0.778845,    6, 1.00,    4, 0.000, 0.000, 0.220, 50
train,    23, 22.970067,   13, 1.00,    2, 0.000, 0.000, 0.220, 50
train,    24, 12.816816,   10, 1.00,    3, 0.000, 0.000, 0.220, 50
val_save, 24, 58.261230, 0.8000,  53.0000,   4.9000, 0.0000,  22.3575
val,      24, 58.261230, 0.8000,  53.0000,   4.9000, 0.0000,  22.3575
train,    25, 38.569883,   19, 1.00,    6, 0.000, 0.000, 0.220, 50
train,    26, 12.854594,   11, 1.00,    2, 0.000, 0.000, 0.220, 50
train,    27, 0.378356,    6, 1.00,    2, 0.000, 0.000, 0.220, 50
train,    28, -3.807843,    4, 1.00,    1, 0.000, 0.000, 0.220, 50
train,    29, 12.191145,   10, 1.00,    4, 0.000, 0.000, 0.220, 50
train,    30, 36.083814,   19, 1.00,    5, 0.000, 0.000, 0.220, 50
train,    31, 78.646263,   37, 1.00,    8, 0.000, 0.000, 0.220, 50
train,    32, 23.339130,   13, 1.00,    2, 0.000, 0.000, 0.220, 50
train,    33, 29.107360,   22, 1.00,    6, 0.000, 0.000, 0.220, 50
train,    34, -8.940049,    2, 1.00,    2, 0.000, 0.000, 0.220, 50
train,    35, 25.310543,   16, 1.00,    4, 0.000, 0.000, 0.220, 50
train,    36, 59.305481,   25, 1.00,    5, 0.000, 0.000, 0.220, 50
train,    37, -1.070042,    5, 1.00,    2, 0.000, 0.000, 0.220, 51
train,    38, 35.845924,   22, 1.00,    5, 0.000, 0.000, 0.220, 51
train,    39, -4.347152,    3, 1.00,    1, 0.000, 0.000, 0.220, 51
train,    40, 9.789564,   10, 1.00,    1, 0.000, 0.000, 0.220, 51
train,    41, 9.260529,    9, 1.00,    3, 0.000, 0.000, 0.220, 51
train,    42, 15.546678,   14, 1.00,    1, 0.000, 0.000, 0.220, 51
train,    43, 8.961218,    9, 1.00,    1, 0.000, 0.000, 0.220, 51
train,    44, 93.552399,   49, 1.00,   13, 0.000, 0.000, 0.220, 51
train,    45, 30.613219,   17, 1.00,    5, 0.000, 0.000, 0.220, 51
train,    46, 3.745334,    6, 1.00,    1, 0.000, 0.000, 0.220, 51
train,    47, -1.541909,    5, 1.00,    1, 0.000, 0.000, 0.220, 51
train,    48, 1.524931,    5, 1.00,    1, 0.000, 0.000, 0.220, 51
train,    49, 12.980460,    9, 1.00,    3, 0.000, 0.000, 0.220, 51
val,      49, 39.873434, 1.0000,  39.4000,   6.3000, 0.0000,  22.4606
train,    50, 24.905108,   18, 1.00,    4, 0.000, 0.000, 0.220, 51
train,    51, 56.628598,   40, 1.00,   13, 0.000, 0.000, 0.220, 52
train,    52, 11.321640,    9, 1.00,    3, 0.000, 0.000, 0.220, 52
train,    53, 4.467289,    8, 1.00,    1, 0.000, 0.000, 0.220, 52
train,    54, 27.662905,   15, 1.00,    3, 0.000, 0.000, 0.220, 52
train,    55, -1.201780,    4, 1.00,    2, 0.000, 0.000, 0.220, 52
train,    56, 15.127026,   17, 1.00,    3, 0.000, 0.000, 0.220, 52
train,    57, 2.442471,    6, 1.00,    2, 0.000, 0.000, 0.220, 52
train,    58, 9.749441,    9, 1.00,    1, 0.000, 0.000, 0.220, 52
train,    59, 38.555298,   20, 1.00,    3, 0.000, 0.000, 0.220, 52
train,    60, 46.415662,   26, 1.00,    7, 0.000, 0.000, 0.220, 52
train,    61, 77.198642,   36, 1.00,    7, 0.000, 0.000, 0.220, 52
update,   61,    1,  899, 10.171642, 0.000000
train,    62, 60.660504,   30, 1.00,   10, 0.000, 0.000, 0.220, 52
train,    63, -0.393389,    5, 1.00,    0, 0.000, 0.000, 0.220, 52
train,    64, 29.215086,   15, 1.00,    5, 0.000, 0.000, 0.220, 52
train,    65, 63.492662,   33, 1.00,    9, 0.000, 0.000, 0.220, 52
train,    66, 15.400056,   10, 1.00,    4, 0.000, 0.000, 0.220, 53
train,    67, 33.336170,   19, 1.00,    6, 0.000, 0.000, 0.220, 53
train,    68, 51.684201,   26, 1.00,    6, 0.000, 0.000, 0.220, 53
train,    69, 12.827285,    8, 1.00,    1, 0.000, 0.000, 0.220, 53
train,    70, 10.438239,    9, 1.00,    1, 0.000, 0.000, 0.220, 53
train,    71, -4.095881,    4, 1.00,    1, 0.000, 0.000, 0.220, 53
train,    72, 5.857487,    7, 1.00,    0, 0.000, 0.000, 0.220, 53
train,    73, 11.659829,   10, 1.00,    3, 0.000, 0.000, 0.220, 53
train,    74, 39.558764,   21, 1.00,    4, 0.000, 0.000, 0.220, 53
val,      74, 15.307689, 1.0000,  10.4000,   2.8000, 0.0000,  28.1802
train,    75, 19.861987,   14, 1.00,    4, 0.000, 0.000, 0.220, 53
train,    76, 11.958287,   11, 1.00,    1, 0.000, 0.000, 0.220, 53
train,    77, 54.018454,   26, 1.00,    6, 0.000, 0.000, 0.220, 53
train,    78, 14.395545,   10, 1.00,    2, 0.000, 0.000, 0.220, 53
train,    79, 3.872749,    6, 1.00,    1, 0.000, 0.000, 0.220, 53
train,    80, 7.252911,    7, 1.00,    2, 0.000, 0.000, 0.220, 54
train,    81, 64.391044,   36, 1.00,    9, 0.000, 0.000, 0.220, 54
train,    82, 56.663981,   32, 1.00,    5, 0.000, 0.000, 0.220, 54
train,    83, 14.331093,   10, 1.00,    3, 0.000, 0.000, 0.220, 54
