init,     2026-04-09 12:12:24.253168
arguments,Namespace(PPO_epochs=5, alg='ppo', cuda=0, entropy=0.1, eps_clip=0.2, gamma=0.97, gymip_train_xml='inverted_pendulum_ChangeThk_0.050000.xml', hid_group_num=8, hid_group_size=8, hidden_num=64, ignore_checkpoint=True, lr=0.001, model='rwtaspk', monitor_time=False, optimizer='rmsprop', rep=11, response_window=40, road_scenario='merge', rwta_del_connection='none', skip_post_tests=True, snn_num_steps=15, task='gymip', thread=3, traffic_level='standard', train_num=2000)
model_dir,/root/autodl-tmp/SVPG2023/LANE/training_runs/baseline/merge/models
log_dir,  /root/autodl-tmp/SVPG2023/LANE/training_runs/baseline/merge/logs
train,    1, -57.900276,    9
train,    2, -87.908438,   14
train,    3, -60.883986,   10
train,    4, -66.597812,   10
train,    5, -70.384333,   12
train,    6, -54.584857,    8
train,    7, -75.793706,   11
train,    8, -5.265708,   12
train,    9, -59.796729,   10
train,    10, -60.384581,   10
train,    11, -54.197610,    8
train,    12, -60.354697,   10
train,    13, -57.688081,    9
train,    14, -60.567505,   10
train,    15, 28.694554,   12
train,    16, -55.399006,    8
train,    17, -57.558201,    9
train,    18, -55.884134,    8
train,    19, -55.880021,    9
train,    20, -60.393869,   10
train,    21, 31.285753,   12
train,    22, -72.868118,   11
train,    23, -55.591174,    8
train,    24, -60.479690,   10
train,    25, -56.202752,   10
train,    26, -54.086059,    8
train,    27, -65.415489,   10
train,    28, -65.607089,   10
train,    29, -60.691003,   10
train,    30, -60.055101,   10
train,    31, -65.628596,   10
train,    32, -65.680541,   10
train,    33, -60.323955,   10
train,    34, -60.887997,   10
train,    35, -54.338865,    8
train,    36, -56.702659,    9
train,    37, 32.034932,   12
train,    38, -60.556835,   10
train,    39, -72.125704,   11
train,    40, -65.059075,   10
train,    41, -59.964339,   10
train,    42, -5.383436,   12
train,    43, -60.650356,   10
train,    44, -60.417028,   10
train,    45, -66.093489,   10
train,    46, -64.023639,   11
train,    47, -65.253239,   10
train,    48, -60.317029,   10
train,    49, -5.158625,   12
train,    50, -58.488229,   10
train,    51, -62.237194,   11
train,    52, -65.272947,   10
train,    53, -81.536220,   12
train,    54, -74.537045,   11
train,    55, -57.309541,    9
train,    56, -60.984214,   10
train,    57, -66.724770,   10
train,    58, -59.113472,   10
train,    59, -65.214347,   10
train,    60, -66.088523,   10
train,    61, -65.649517,   10
train,    62, -71.486601,   11
train,    63, -60.369161,   10
train,    64, -63.355237,   11
train,    65, -59.781336,   10
train,    66, -65.547478,   10
train,    67, -63.535490,   10
train,    68, -61.128065,   10
train,    69, -61.479855,   11
train,    70, -72.478216,   11
train,    71, -60.146642,   10
train,    72, -65.186846,   10
train,    73, -58.859813,   10
train,    74, -76.426918,   12
train,    75, -74.487914,   11
train,    76, -63.693594,   10
train,    77, -63.109428,   13
train,    78, -60.024013,   10
train,    79, -65.189047,   10
train,    80, -65.541327,   10
train,    81, -58.934048,   10
train,    82, -72.098844,   11
train,    83, -72.482968,   11
train,    84, -72.155916,   11
train,    85, -65.435568,   10
train,    86, -63.915637,   10
train,    87, -65.382967,   10
train,    88, -63.593563,   10
train,    89, -73.411597,   11
train,    90, -65.653962,   11
train,    91, -65.408623,   10
train,    92, -74.372062,   12
train,    93, -64.982120,   10
train,    94, -63.720785,   10
train,    95, -65.408687,   10
train,    96, -72.335245,   11
train,    97, -63.191632,   11
train,    98, -63.720547,   10
train,    99, -65.282337,   10
val_save, 99,   -60.160336,    10.0000
val,      99,   -60.160336,    10.0000
train,    100, -58.632001,   10
train,    101, -72.128509,   11
train,    102, -63.110441,   11
train,    103, -60.052720,   10
train,    104, -73.235707,   11
train,    105, -60.055470,   10
train,    106, -71.290375,   11
train,    107, -59.879149,   10
train,    108, 31.370459,   12
train,    109, -57.355648,    9
train,    110, -60.220105,   10
train,    111, 30.277967,   12
train,    112, -64.314587,   10
train,    113, -72.182918,   12
train,    114, 30.744385,   12
train,    115, -65.711634,   10
train,    116, -66.730668,   11
train,    117, -60.779228,   10
train,    118, -60.848662,   10
train,    119, -54.445046,    8
train,    120, -60.616432,   10
train,    121, -60.779683,   10
train,    122, -55.897809,    9
train,    123, -54.816378,    8
train,    124, -54.252610,    8
train,    125, -60.135492,   10
train,    126, -57.396485,    9
train,    127, -60.052891,   10
train,    128, -60.311146,   10
train,    129, -60.055859,   10
train,    130, -60.275494,   10
train,    131, -60.268577,   10
train,    132, -57.554689,    8
train,    133, -60.139007,   10
train,    134, -60.278593,   10
train,    135, -60.399372,   10
train,    136, -60.130114,   10
train,    137, -60.055160,   10
train,    138, -60.056743,   10
train,    139, -60.280237,   10
train,    140, -60.057151,   10
train,    141, -60.055917,   10
train,    142, -56.786792,    9
train,    143, -60.225709,   10
train,    144, -60.137861,   10
train,    145, -65.330865,   10
train,    146, -60.162126,   10
train,    147, 31.496472,   12
train,    148, -60.139150,   10
train,    149, -60.323526,   10
train,    150, -76.634209,   12
train,    151, -58.338830,   10
train,    152, -60.266328,   10
train,    153, -65.346440,   10
train,    154, -72.311211,   11
train,    155, -60.361628,   10
train,    156, -62.576536,   11
train,    157, -60.152387,   10
train,    158, -65.571973,   10
train,    159, -60.056736,   10
train,    160, -60.212477,   10
train,    161, -60.614522,   10
train,    162, -63.633394,   10
train,    163, -60.527417,   10
train,    164, -60.227093,   10
train,    165, -65.186961,   10
train,    166, -60.318515,   10
train,    167, -60.250911,   10
train,    168, -60.056664,   10
train,    169, -60.332711,   10
train,    170, -60.281739,   10
train,    171, -60.278003,   10
train,    172, -65.287441,   10
train,    173, -60.264269,   10
train,    174, -60.601538,   10
train,    175, -60.138478,   10
train,    176, -60.264425,   10
train,    177, -60.053343,   10
train,    178, -60.187736,   10
train,    179, -60.055549,   10
train,    180, -60.242135,   10
train,    181, -60.053632,   10
train,    182, -60.137679,   10
train,    183, -60.345232,   10
train,    184, -59.823438,   10
train,    185, -60.053211,   10
train,    186, -60.284165,   10
train,    187, -60.135916,   10
train,    188, -60.056852,   10
train,    189, -60.303009,   10
train,    190, -60.251879,   10
train,    191, -60.056216,   10
train,    192, 31.375073,   12
train,    193, -65.209781,   10
train,    194, -60.125245,   10
train,    195, -62.573127,   11
train,    196, -60.301033,   10
train,    197, -61.096075,   12
train,    198, -62.462628,   12
train,    199, -65.278595,   10
val_save, 199,   -60.160102,    10.0000
val,      199,   -60.160102,    10.0000
train,    200, -65.721234,   13
train,    201, -80.820923,   12
train,    202, -68.710227,   13
train,    203, -64.231530,   10
train,    204, -57.712060,    9
train,    205, -65.945470,   10
train,    206, -58.341860,   14
train,    207, 20.392487,   14
train,    208, -55.251411,    8
train,    209, -81.957129,   13
train,    210, -78.890673,   12
train,    211, -54.827162,    8
train,    212, -61.183652,   10
train,    213, -55.943251,    9
train,    214, -57.778865,    9
train,    215, -55.660020,    9
train,    216, -67.064179,   10
train,    217, -56.234902,   10
train,    218, -65.630640,   10
train,    219, -54.898262,    8
train,    220, -54.949874,    8
train,    221, -73.432267,   11
train,    222, -60.495406,   10
train,    223, -86.186585,   12
train,    224, -69.473719,   11
train,    225, -5.470365,   12
train,    226, -60.333698,   10
train,    227, -59.091464,   10
train,    228, -64.441445,   10
train,    229, -60.791791,   10
train,    230, -59.578127,   11
train,    231, -82.855866,   12
train,    232, -17.155145,   14
train,    233, -80.500433,   13
train,    234, -54.457946,   10
train,    235, -39.820049,   16
train,    236, -57.034414,    9
train,    237, -51.366346,   14
train,    238, -53.102824,   16
train,    239, -6.325176,   12
train,    240, -47.564009,   11
train,    241, -56.150425,    8
train,    242, -55.899834,    8
train,    243, 29.252941,   14
train,    244, -55.679490,    9
train,    245, -66.498332,   10
train,    246, -57.552859,    9
train,    247, -43.017043,   13
train,    248, -55.680841,    9
train,    249, -57.284897,    9
train,    250, 28.886524,   14
train,    251, -59.840567,   10
train,    252, -55.978635,    8
train,    253, 31.952790,   13
train,    254, 44.922942,   15
train,    255, -64.632728,   15
train,    256, -60.256169,   10
train,    257, -54.468185,    8
train,    258, -54.716805,    8
train,    259, 26.750744,   14
train,    260, 30.573511,   12
train,    261, -63.375091,   11
train,    262, -59.718113,   10
train,    263, -59.867345,   10
train,    264, -58.909353,   10
train,    265, -56.886921,    9
train,    266, -56.738595,    9
train,    267, -55.347689,    8
train,    268, -54.501404,    8
train,    269, 29.740482,   13
train,    270, -55.663266,    8
train,    271, -60.873884,   10
train,    272, -54.169490,    8
train,    273, -62.746101,   12
train,    274, -54.942838,    8
train,    275, 18.969050,   17
train,    276, 30.960604,   15
train,    277, -66.076407,   10
train,    278, -60.938067,   10
train,    279, 30.782679,   12
train,    280, -69.235910,   12
train,    281, 25.013448,   17
train,    282, 34.631348,   17
train,    283, -60.645163,   10
train,    284, 23.261904,   17
train,    285, -83.377533,   12
train,    286, 21.348159,   14
train,    287, 30.785054,   12
train,    288, 23.943851,   13
train,    289, -60.081773,   10
train,    290, -63.780720,   11
train,    291, -66.995907,   10
train,    292, -60.460125,   10
train,    293, -54.086030,    8
train,    294, -60.218054,   10
train,    295, 30.552911,   12
train,    296, -54.003938,    8
train,    297, 32.106453,   13
train,    298, -60.636485,   10
train,    299, -55.022967,    8
val,      299,   -60.185655,    10.0000
train,    300, -54.286033,    8
train,    301, -54.352183,    8
train,    302, -95.258794,   14
train,    303, -65.502245,   10
train,    304, -73.460500,   11
train,    305, 31.097056,   12
train,    306, 31.570863,   12
train,    307, -71.724326,   11
train,    308, -60.599120,   10
train,    309, -55.065696,    8
train,    310, -60.418211,   10
train,    311, -71.756364,   11
train,    312, -73.219070,   11
train,    313, -55.334172,    8
train,    314, -87.079271,   13
train,    315, -65.776316,   11
train,    316, -76.890485,   12
train,    317, -71.667218,   11
train,    318, -61.257482,   10
train,    319, -78.883364,   14
train,    320, -80.357813,   14
train,    321, -74.349721,   13
train,    322, 22.364508,   16
train,    323, -75.267514,   14
train,    324, -94.325196,   14
train,    325, -76.899516,   13
train,    326, -67.502682,   13
train,    327, -72.112222,   11
train,    328, -87.424783,   13
train,    329, -57.104279,   14
train,    330, -60.398088,   10
train,    331, -60.539617,   10
train,    332, -65.710436,   10
train,    333, -54.216933,    8
train,    334, -71.758283,   11
train,    335, -60.053420,   10
train,    336, -60.052987,   10
train,    337, -60.182446,   10
train,    338, -60.140736,   10
train,    339, -60.982060,   10
train,    340, -57.212096,    9
train,    341, -54.667902,    8
train,    342, -54.635415,    8
train,    343, -54.783621,    8
train,    344, -54.783604,    8
train,    345, -60.388140,   10
train,    346, -54.336573,    8
train,    347, -60.776099,   10
train,    348, 31.345095,   12
train,    349, -61.581049,   10
train,    350, -54.875037,    8
train,    351, -58.454363,    8
train,    352, -60.724459,   10
train,    353, -54.501520,    8
train,    354, -54.152751,    8
train,    355, -60.817209,   10
train,    356, -60.055827,   10
train,    357, -60.053993,   10
train,    358, -60.248876,   10
train,    359, -60.291091,   10
train,    360, -60.052555,   10
train,    361, -60.266071,   10
train,    362, -60.329748,   10
train,    363, -60.689871,   10
train,    364, -60.053591,   10
train,    365, -60.276877,   10
train,    366, -70.489532,   11
train,    367, -72.104361,   11
train,    368, -63.705087,   10
train,    369, -53.237055,   11
train,    370, -64.738720,   10
train,    371, -74.665185,   12
train,    372, -65.272951,   10
train,    373, -55.698662,    9
train,    374, -57.076457,    9
train,    375, -55.973419,    9
train,    376, -65.456783,   10
train,    377, -58.123863,   12
train,    378, 31.070543,   12
train,    379, -4.287401,   12
train,    380, -55.124389,    8
train,    381, -66.225494,   10
train,    382, -65.705568,   10
train,    383, -54.512243,    8
train,    384, -54.930786,    8
train,    385, -61.128007,   10
train,    386, -5.060064,   12
train,    387, -5.201213,   12
train,    388, -60.459164,   10
train,    389, -60.362896,   10
train,    390, -54.471904,    8
train,    391, -60.135073,   10
train,    392, -54.309350,    8
train,    393, -60.138853,   10
train,    394, -60.722363,   10
train,    395, -60.449205,   10
train,    396, -60.052852,   10
train,    397, -58.749392,   10
train,    398, -58.924056,   10
train,    399, -54.720602,    8
val_save, 399,   -56.021561,     8.0000
val,      399,   -56.021561,     8.0000
train,    400, 30.545932,   12
train,    401, -55.617366,    8
train,    402, -55.032277,    8
train,    403, -61.848861,   10
train,    404, -54.750156,    8
train,    405, -61.401824,   10
train,    406, -56.643112,   10
train,    407, -55.352222,    8
train,    408, -54.530743,    8
train,    409, 31.281969,   12
train,    410, 31.762230,   12
train,    411, -54.751760,    8
train,    412, -63.830312,   10
train,    413, -61.093990,   10
train,    414, -60.214824,   10
train,    415, -57.995521,    8
train,    416, -60.667508,   10
train,    417, -60.417989,   10
train,    418, -54.240421,    8
train,    419, -60.055030,   10
train,    420, -57.708369,    8
train,    421, -54.121653,    8
train,    422, -55.743901,   10
train,    423, -60.134746,   10
train,    424, -60.294523,   10
train,    425, -60.330342,   10
train,    426, -60.393480,   10
train,    427, -4.030725,   12
train,    428, -60.531100,   10
train,    429, -60.421510,   10
train,    430, -60.135469,   10
train,    431, -65.276025,   10
train,    432, -55.874449,   10
train,    433, -59.915691,   10
train,    434, -65.154106,   10
train,    435, -60.645918,   10
train,    436, -60.052771,   10
train,    437, 31.527377,   12
train,    438, -59.699409,   10
train,    439, -60.052655,   10
train,    440, -60.052344,   10
train,    441, -60.057214,   10
train,    442, -60.330538,   10
train,    443, -65.421712,   10
train,    444, -60.058848,   10
train,    445, -60.254275,   10
train,    446, -60.135645,   10
train,    447, -60.056015,   10
train,    448, -54.003858,    8
train,    449, -60.131233,   10
train,    450, -60.053836,   10
train,    451, -60.137777,   10
train,    452, -60.234165,   10
train,    453, -60.319213,   10
train,    454, -60.246830,   10
train,    455, -60.326748,   10
train,    456, -60.139167,   10
train,    457, -60.057234,   10
train,    458, -54.119344,    8
train,    459, -60.419662,   10
train,    460, -60.311978,   10
train,    461, -60.052675,   10
train,    462, -54.977624,    8
train,    463, -60.565625,   10
train,    464, 30.701650,   12
train,    465, -60.699219,   10
train,    466, -54.455296,    8
train,    467, -57.496756,    9
train,    468, -60.383525,   10
train,    469, -54.946096,    8
train,    470, -55.723333,   10
train,    471, -60.247928,   10
train,    472, -60.720495,   10
train,    473, -60.527954,   10
train,    474, 31.659345,   12
train,    475, 31.381485,   12
train,    476, -60.369530,   10
train,    477, -60.138638,   10
train,    478, 30.628585,   12
train,    479, -60.316789,   10
train,    480, -60.338744,   10
train,    481, -60.638322,   10
train,    482, -60.279424,   10
train,    483, -60.181564,   10
train,    484, -60.053898,   10
train,    485, -60.261323,   10
train,    486, -60.055500,   10
train,    487, -60.285557,   10
train,    488, -60.215198,   10
train,    489, -60.418131,   10
train,    490, -60.350273,   10
train,    491, -61.008627,   10
train,    492, -54.716941,    8
train,    493, -59.782267,   10
train,    494, -54.716816,    8
train,    495, -60.900900,   10
train,    496, 31.029478,   12
train,    497, -55.477522,   10
train,    498, -55.032353,    8
train,    499, -55.792125,   10
val,      499,   -56.066935,     8.0000
train,    500, 31.312453,   12
train,    501, -56.677040,    9
train,    502, -60.346544,   10
train,    503, -60.352637,   10
train,    504, -54.526892,    8
train,    505, -60.386521,   10
train,    506, -60.380101,   10
train,    507, -60.187239,   10
train,    508, -54.651798,    8
train,    509, -60.541676,   10
train,    510, -60.470402,   10
train,    511, -60.581384,   10
train,    512, 30.152918,   12
train,    513, -54.754344,    8
train,    514, -54.966124,    9
train,    515, 31.685694,   12
train,    516, -57.051161,   10
train,    517, -60.983366,   10
train,    518, -54.054482,    8
train,    519, -54.219398,    8
train,    520, -55.312273,    8
train,    521, -54.970069,    8
train,    522, -59.197538,   10
train,    523, -64.667267,   11
train,    524, 29.630003,   12
train,    525, -59.917809,   10
train,    526, -59.612964,   10
train,    527, -65.033135,   10
train,    528, -71.337536,   11
train,    529, -55.352615,    8
train,    530, -60.443668,   10
train,    531, 41.075493,   14
train,    532, -80.688665,   12
train,    533, -66.506528,   10
train,    534, -75.471941,   11
train,    535, -84.933646,   12
train,    536, -55.591479,    8
train,    537, -64.332105,   14
train,    538, -58.080724,    9
train,    539, -57.236330,    9
train,    540, -68.562736,   13
train,    541, -56.008189,   10
train,    542, -59.105584,   10
train,    543, 30.796169,   12
train,    544, 29.945329,   14
train,    545, 18.843928,   15
train,    546, -54.816938,    8
train,    547, -61.331448,   12
train,    548, -60.353636,   10
train,    549, -59.562310,   10
train,    550, -60.592632,   10
train,    551, 31.946920,   13
train,    552, -72.284609,   11
train,    553, -55.347750,    8
train,    554, -54.721141,    8
train,    555, -55.332990,    8
train,    556, 31.062664,   12
train,    557, -58.482025,    8
train,    558, -54.882592,    8
train,    559, -55.978700,    8
train,    560, -60.599532,   10
train,    561, -61.230556,   10
train,    562, 30.758035,   12
train,    563, 30.785136,   12
train,    564, 31.068871,   12
train,    565, -61.443139,   10
train,    566, 31.355831,   12
train,    567, -57.860281,   11
train,    568, -55.032320,    8
train,    569, -55.370900,    8
train,    570, -56.867339,   10
train,    571, -54.152723,    8
train,    572, -54.716946,    8
train,    573, -54.401495,    8
train,    574, -61.134367,   10
train,    575, -54.252666,    8
train,    576, -60.861222,   10
train,    577, -54.501432,    8
train,    578, -55.643154,    8
train,    579, -57.573270,    9
train,    580, 31.097917,   12
train,    581, -55.936250,    8
train,    582, -54.651967,    8
train,    583, -61.200493,   10
train,    584, -61.422391,   10
train,    585, 31.452910,   12
train,    586, -60.638259,   10
train,    587, -55.347835,    8
train,    588, 30.822143,   12
train,    589, -60.353709,   10
train,    590, -55.647207,    8
train,    591, -60.615284,   10
train,    592, -54.766462,    8
train,    593, -54.252675,    8
train,    594, -60.776480,   10
train,    595, -55.032280,    8
train,    596, -60.767420,   10
train,    597, -55.065618,    8
train,    598, -54.913829,    8
train,    599, -55.663144,    8
val_save, 599,   -22.773204,    10.0000
val,      599,   -22.773204,    10.0000
train,    600, 31.065982,   12
train,    601, -61.500782,   10
train,    602, -54.750198,    8
train,    603, -55.375923,    8
train,    604, -60.444395,   10
train,    605, -60.779206,   10
train,    606, -60.382426,   10
train,    607, -60.137948,   10
train,    608, -61.101085,   10
train,    609, -60.671740,   10
train,    610, -60.383287,   10
train,    611, -60.248635,   10
train,    612, -60.183372,   10
train,    613, -54.750229,    8
train,    614, -54.208071,    8
train,    615, -55.032391,    8
train,    616, -54.716803,    8
train,    617, -56.357592,   10
train,    618, 30.880501,   12
train,    619, -55.241362,    8
train,    620, -61.126248,   10
train,    621, -61.078377,   10
train,    622, -56.921001,   10
train,    623, -61.399566,   10
train,    624, -55.381037,    8
train,    625, -61.079761,   10
train,    626, -56.163379,   10
train,    627, -54.783503,    8
train,    628, 31.670462,   12
train,    629, -58.416140,    8
train,    630, -54.936550,    8
train,    631, -60.739482,   10
train,    632, -61.203553,   10
train,    633, -55.284275,    8
train,    634, -55.592084,    8
train,    635, -55.570065,    8
train,    636, -55.579634,    8
train,    637, 31.354655,   12
train,    638, -55.978700,    8
train,    639, -60.950717,   10
train,    640, -61.129623,   10
train,    641, -55.032247,    8
train,    642, -55.337130,    8
train,    643, -55.663166,    8
train,    644, -60.917296,   10
train,    645, -55.184359,    8
train,    646, -61.844533,   10
train,    647, -55.792992,    8
train,    648, -61.201833,   10
train,    649, -54.675486,    9
train,    650, -56.041200,   10
train,    651, -60.665403,   10
train,    652, 31.175503,   12
train,    653, -55.032292,    8
train,    654, -55.347731,    8
train,    655, -60.935407,   10
train,    656, -55.032301,    8
train,    657, -54.616414,    8
train,    658, -60.420790,   10
train,    659, -61.219381,   10
train,    660, -55.906043,   10
train,    661, -60.387447,   10
train,    662, -60.287279,   10
train,    663, -58.170364,    8
train,    664, -60.319253,   10
train,    665, 31.006684,   12
train,    666, -60.872771,   10
train,    667, -60.915498,   10
train,    668, -60.286340,   10
train,    669, -60.399434,   10
train,    670, -54.186051,    8
train,    671, 31.671101,   12
train,    672, -60.593911,   10
train,    673, -60.821665,   10
train,    674, -54.993646,    8
train,    675, -60.457076,   10
train,    676, -54.660510,    8
train,    677, -60.649308,   10
train,    678, -60.807162,   10
train,    679, 31.845308,   12
train,    680, -60.884618,   10
train,    681, -60.354965,   10
train,    682, -60.586926,   10
train,    683, -60.642776,   10
train,    684, -60.555133,   10
train,    685, -60.399442,   10
train,    686, -60.308923,   10
train,    687, -60.316547,   10
train,    688, -61.440477,   10
train,    689, -61.257491,   10
train,    690, -55.588419,    8
train,    691, -60.559908,   10
train,    692, -61.196762,   10
train,    693, -54.513668,    8
train,    694, -60.263925,   10
train,    695, -61.199959,   10
train,    696, -60.335785,   10
train,    697, -60.320291,   10
train,    698, -60.273292,   10
train,    699, -60.961166,   10
val,      699,   -60.454703,    10.0000
train,    700, -61.125295,   10
train,    701, -60.784623,   10
train,    702, 31.537591,   12
train,    703, -60.615245,   10
train,    704, 31.006823,   12
train,    705, -61.233699,   10
train,    706, -56.271764,   10
train,    707, -60.747023,   10
train,    708, -60.882085,   10
train,    709, -60.610124,   10
train,    710, -60.914128,   10
train,    711, -54.716919,    8
train,    712, -60.602364,   10
train,    713, -60.671413,   10
train,    714, -61.462452,   10
train,    715, -60.843459,   10
train,    716, 31.852957,   12
train,    717, -72.879130,   11
train,    718, 30.382547,   12
train,    719, -60.565140,   10
train,    720, -61.094784,   10
train,    721, 31.637443,   12
train,    722, -60.417070,   10
train,    723, -60.947952,   10
train,    724, -60.878146,   10
train,    725, -60.316707,   10
train,    726, -60.260306,   10
train,    727, -57.640719,    8
train,    728, -61.112868,   10
train,    729, -60.916980,   10
train,    730, -60.905901,   10
train,    731, -55.032286,    8
train,    732, -61.225467,   10
train,    733, -60.620157,   10
train,    734, -58.416881,    8
train,    735, -60.776578,   10
train,    736, -55.347771,    8
train,    737, -60.142720,   10
train,    738, -55.307980,    8
train,    739, -55.007241,    8
train,    740, -55.751297,    8
train,    741, -61.411029,   10
train,    742, -54.783618,    8
train,    743, 31.288833,   12
train,    744, -60.635814,   10
train,    745, -54.468055,    8
train,    746, -55.347803,    8
train,    747, 31.637587,   12
train,    748, -61.158339,   10
train,    749, -61.095135,   10
train,    750, -55.663189,    8
train,    751, -54.741601,    8
train,    752, -61.547719,   10
train,    753, 31.172045,   12
train,    754, -61.095277,   10
train,    755, -61.091978,   10
train,    756, -61.544963,   10
train,    757, 30.408368,   12
train,    758, -60.569487,   10
train,    759, -65.151351,   12
train,    760, -54.452834,    9
train,    761, -55.971442,   10
train,    762, -55.016411,    8
train,    763, 30.724008,   12
train,    764, -61.199471,   10
train,    765, -55.153034,    8
train,    766, -60.833787,   10
train,    767, -55.183989,    8
train,    768, 31.354725,   12
train,    769, -60.681476,   10
train,    770, -55.578480,   10
train,    771, 31.322371,   12
train,    772, 31.540901,   12
train,    773, -54.955185,    8
train,    774, -61.347226,   10
train,    775, 31.322539,   12
train,    776, -55.262347,    8
train,    777, 31.006543,   12
train,    778, -60.813183,   10
train,    779, -61.182654,   10
train,    780, -55.019793,    8
train,    781, -60.634840,   10
train,    782, 31.290398,   12
train,    783, 31.005878,   12
train,    784, -55.502564,    8
train,    785, -61.315378,   10
train,    786, -61.409605,   10
train,    787, -59.693339,   10
train,    788, 31.015178,   12
train,    789, -55.381134,    8
train,    790, -54.750144,    8
train,    791, -61.549075,   10
train,    792, -60.411584,   10
train,    793, -61.143695,   10
train,    794, 31.321601,   12
train,    795, 31.018875,   12
train,    796, -60.887102,   10
train,    797, 30.813856,   12
train,    798, -61.301164,   10
train,    799, -54.631383,    8
val,      799,   -32.984884,    10.2000
train,    800, 31.355092,   12
train,    801, -4.026972,   12
train,    802, 31.322295,   12
train,    803, -60.368299,   10
train,    804, -54.672980,    8
train,    805, -60.702283,   10
train,    806, -66.308432,   10
train,    807, 30.470236,   12
train,    808, -60.139792,   10
train,    809, -61.352174,   10
train,    810, -54.204526,    9
train,    811, -54.907118,   11
train,    812, -54.336073,    8
train,    813, 25.616124,   14
train,    814, 31.006524,   12
train,    815, -73.018328,   13
train,    816, -60.353433,   10
train,    817, 10.720701,   15
train,    818, -61.408083,   10
train,    819, -59.765232,   10
train,    820, -55.547557,    8
train,    821, -64.988959,   10
train,    822, -61.516448,   10
train,    823, 31.115328,   12
train,    824, -60.132802,   10
train,    825, -55.075878,    9
train,    826, -66.564883,   10
train,    827, 23.858528,   15
train,    828, -73.408889,   11
train,    829, -58.174551,    8
train,    830, -61.786277,   11
train,    831, -55.088358,   10
train,    832, 26.598086,   14
train,    833, -54.784099,   10
train,    834, -55.346210,    8
train,    835, -63.810117,   10
train,    836, 30.943388,   12
train,    837, -67.119384,   12
train,    838, -44.415078,   13
train,    839, -38.089884,   12
train,    840, 1.699162,   15
train,    841, 29.395367,   14
train,    842, -51.548429,   14
train,    843, -61.515455,   10
train,    844, 30.093673,   12
train,    845, -59.123114,    8
train,    846, -58.917810,    9
train,    847, -61.642337,   10
train,    848, -61.606393,   10
train,    849, 30.408890,   12
train,    850, -4.310670,   12
train,    851, 30.030239,   12
train,    852, -61.969167,   10
train,    853, -60.105960,   10
train,    854, -61.831343,   10
train,    855, -67.018466,   10
train,    856, -55.978676,    8
train,    857, -55.663150,    8
train,    858, -66.629388,   10
train,    859, -56.187267,    8
train,    860, -57.953477,   12
train,    861, -64.876913,   10
train,    862, 30.093547,   12
train,    863, 29.231738,   14
train,    864, -55.239891,   11
train,    865, -58.759174,   11
train,    866, 46.953555,   15
train,    867, -61.137450,   10
train,    868, -55.347796,    8
train,    869, -40.051289,   17
train,    870, -61.827863,   10
train,    871, 26.185514,   13
train,    872, 30.409128,   12
train,    873, -60.985845,   10
train,    874, 27.366349,   17
train,    875, -57.236016,   10
train,    876, -55.033939,   11
train,    877, -62.041301,   10
train,    878, 30.725025,   12
train,    879, -55.679535,    9
train,    880, -55.978685,    8
train,    881, -56.253439,    8
train,    882, -56.239228,    8
train,    883, -73.568254,   11
train,    884, -55.897450,    8
train,    885, 29.926911,   12
train,    886, -56.811672,    9
train,    887, -56.221905,    8
train,    888, -61.092556,   10
train,    889, -55.978577,    8
train,    890, -55.381012,    8
train,    891, 29.945906,   12
train,    892, -56.253610,    8
train,    893, -55.978644,    8
train,    894, -55.663263,    8
train,    895, 30.093026,   12
train,    896, -55.891121,    8
train,    897, -65.841575,   14
train,    898, -56.046945,   14
train,    899, -58.199225,   12
val,      899,   -47.504305,     8.4000
train,    900, -81.604082,   14
train,    901, -55.978643,    8
train,    902, 14.571541,   17
train,    903, -60.183200,   14
train,    904, -74.666814,   11
train,    905, -56.110945,    8
train,    906, -53.114584,   12
train,    907, -55.928933,    8
train,    908, 24.022664,   15
train,    909, -55.876588,    8
train,    910, -66.112924,   11
train,    911, -60.206149,   11
train,    912, -56.231977,    8
train,    913, 32.345215,   17
train,    914, 40.413408,   17
train,    915, -66.928923,   10
train,    916, -55.978654,    8
train,    917, -55.796058,    8
train,    918, -55.933675,    8
train,    919, -55.663177,    8
train,    920, -62.041075,   10
train,    921, -55.978590,    8
train,    922, -55.978716,    8
train,    923, -56.442119,    8
train,    924, -55.859677,    8
train,    925, -55.978681,    8
train,    926, -58.442301,    9
train,    927, -55.978607,    8
train,    928, -55.540263,   11
train,    929, -56.334317,   10
train,    930, -55.978631,    8
train,    931, 30.374977,   12
train,    932, 29.254807,   12
train,    933, 29.922066,   12
train,    934, 23.491048,   15
train,    935, -67.052018,   10
train,    936, 37.652313,   15
train,    937, 22.591577,   15
train,    938, -58.027222,   16
train,    939, -56.163170,    8
train,    940, 40.321073,   17
train,    941, -55.978577,    8
train,    942, -55.978592,    8
train,    943, 30.094023,   12
train,    944, -61.429410,   10
train,    945, -58.657904,    9
train,    946, -55.978704,    8
train,    947, -56.225941,    8
train,    948, -55.978595,    8
train,    949, -56.408816,    8
train,    950, -41.264708,   13
train,    951, -74.282583,   11
train,    952, -52.140247,   14
train,    953, -56.226821,    8
train,    954, 13.805383,   17
train,    955, -55.978710,    8
train,    956, -59.264648,    9
train,    957, -55.978587,    8
train,    958, -59.662063,    8
train,    959, 40.913584,   17
train,    960, -55.978555,    8
train,    961, -58.466105,   15
train,    962, -58.918388,    9
train,    963, 29.661271,   12
train,    964, -57.552246,    9
train,    965, -56.219710,    8
train,    966, -59.637597,    9
train,    967, 30.408639,   12
train,    968, 32.787489,   17
train,    969, -60.001428,   10
train,    970, 25.275754,   13
train,    971, -56.244912,    8
train,    972, -60.499569,   10
train,    973, 30.242676,   15
train,    974, -56.285016,   13
train,    975, -56.053563,    8
train,    976, -36.465231,   13
train,    977, -53.507871,   12
train,    978, 29.919998,   12
train,    979, -55.861274,    8
train,    980, 29.792953,   12
train,    981, -56.186633,    8
train,    982, -62.236139,   10
train,    983, -55.663126,    8
train,    984, 34.878685,   12
train,    985, 29.578069,   12
train,    986, -55.922521,    8
train,    987, -60.832892,   10
train,    988, -58.973770,    9
train,    989, -61.367757,   10
train,    990, 21.234697,   17
train,    991, -56.408510,    8
train,    992, -56.252390,    8
train,    993, -55.978607,    8
train,    994, -58.864899,    9
train,    995, 29.858006,   12
train,    996, -55.663185,    8
train,    997, -55.978712,    8
train,    998, -55.543589,    9
train,    999, -56.631601,   11
val,      999,   -56.154851,     8.0000
train,    1000, -55.663270,    8
train,    1001, -56.236140,    8
train,    1002, -56.963903,   11
train,    1003, 29.900162,   12
train,    1004, -55.636781,    9
train,    1005, 37.830139,   15
train,    1006, -61.098351,   10
train,    1007, -56.040274,   14
train,    1008, -55.672687,    9
train,    1009, -74.170236,   11
train,    1010, 37.516545,   17
train,    1011, -51.692188,   13
train,    1012, -67.502696,   10
train,    1013, 24.962420,   17
train,    1014, -60.340663,   14
train,    1015, -62.044052,   10
train,    1016, -55.519922,    9
train,    1017, -55.978611,    8
train,    1018, 30.145966,   12
train,    1019, -55.978599,    8
train,    1020, 29.734894,   12
train,    1021, -55.978709,    8
train,    1022, -56.173545,    8
train,    1023, -56.242498,    8
train,    1024, -59.126304,    8
train,    1025, -55.920537,    8
train,    1026, -55.542452,    8
train,    1027, -56.226953,    8
train,    1028, -58.973862,    9
train,    1029, 29.668616,   12
train,    1030, -59.525855,    9
train,    1031, -56.108784,    8
train,    1032, -55.930438,    8
train,    1033, -55.795658,    8
train,    1034, -55.944889,    8
train,    1035, -55.978663,    8
train,    1036, -55.978666,    8
train,    1037, 29.272626,   12
train,    1038, 42.457715,   15
train,    1039, -57.237117,   10
train,    1040, -56.446390,    8
train,    1041, 29.478253,   12
train,    1042, -55.663143,    8
train,    1043, -57.538489,    9
train,    1044, -56.205151,    8
train,    1045, 29.862839,   12
train,    1046, -56.365987,    8
train,    1047, 29.855560,   12
train,    1048, 30.093687,   12
train,    1049, -55.978690,    8
train,    1050, -55.920895,    8
train,    1051, 30.408214,   12
train,    1052, -55.913166,    8
train,    1053, -64.342840,   11
train,    1054, -56.550654,    8
train,    1055, -55.663192,    8
train,    1056, -55.978707,    8
train,    1057, -55.978695,    8
train,    1058, -59.047268,    8
train,    1059, -56.074918,    8
train,    1060, -55.853842,    8
train,    1061, -62.037991,   10
train,    1062, 30.117994,   12
train,    1063, -56.228862,    8
train,    1064, -55.866743,    8
train,    1065, -55.978687,    8
train,    1066, -55.926596,    8
train,    1067, -55.978559,    8
train,    1068, -55.978698,    8
train,    1069, 29.877688,   12
train,    1070, -56.237651,    8
train,    1071, 30.408377,   12
train,    1072, -62.238012,   10
train,    1073, -62.175332,   10
train,    1074, -41.804966,   16
train,    1075, -61.758600,   10
train,    1076, -38.056703,   12
train,    1077, -55.218451,   11
train,    1078, 23.491787,   15
train,    1079, -64.136649,   13
train,    1080, -41.077410,   17
train,    1081, 40.531478,   17
train,    1082, 29.661490,   14
train,    1083, -61.493260,   10
train,    1084, -60.776881,   10
train,    1085, -56.320751,   10
train,    1086, -55.978688,    8
train,    1087, -57.083646,   16
train,    1088, 25.276645,   13
train,    1089, -55.978642,    8
train,    1090, -56.139498,    8
train,    1091, -56.226312,    8
train,    1092, -54.988602,   11
train,    1093, -65.334094,   11
train,    1094, -56.193576,    8
train,    1095, -55.856325,    8
train,    1096, -36.465844,   13
train,    1097, 29.902134,   12
train,    1098, -60.964232,   10
train,    1099, 29.664176,   12
val,      1099,   -56.109837,     8.0000
train,    1100, -56.233327,    8
train,    1101, -55.978662,    8
train,    1102, -56.253247,    8
train,    1103, -62.276731,   10
train,    1104, -55.978698,    8
train,    1105, -62.298506,   10
train,    1106, -55.978630,    8
train,    1107, 35.506893,   12
train,    1108, 29.856555,   12
train,    1109, -55.978697,    8
train,    1110, -55.978559,    8
train,    1111, -56.104892,    8
train,    1112, 23.310997,   15
train,    1113, 29.478023,   12
train,    1114, -55.663157,    8
train,    1115, -55.478972,    8
train,    1116, 30.483304,   15
train,    1117, 37.196631,   17
train,    1118, -55.324604,   11
train,    1119, -73.767322,   11
train,    1120, -60.934107,   13
train,    1121, -61.828434,   10
train,    1122, -73.193695,   11
train,    1123, -58.040102,    9
train,    1124, -60.528785,   10
train,    1125, -58.732678,    8
train,    1126, -54.843802,    8
train,    1127, -61.275106,   10
train,    1128, -61.981703,   10
train,    1129, -55.277776,   17
train,    1130, -55.978564,    8
train,    1131, 30.092938,   12
train,    1132, -57.237254,   10
train,    1133, -55.896920,    8
train,    1134, -65.183170,   11
train,    1135, -56.237815,    8
train,    1136, -48.898254,   14
train,    1137, -55.974462,   10
train,    1138, -73.881982,   11
train,    1139, 42.491169,   15
train,    1140, -66.408298,   10
train,    1141, 28.444864,   12
train,    1142, -3.522101,   12
train,    1143, -4.684666,   12
train,    1144, -45.404697,   11
train,    1145, -61.817381,   10
train,    1146, 31.322292,   12
train,    1147, 30.510745,   12
train,    1148, -72.024168,   11
train,    1149, -55.252500,    8
train,    1150, -57.709340,    9
train,    1151, -60.984372,   10
train,    1152, 30.219221,   12
train,    1153, -55.032396,    8
train,    1154, -55.065640,    8
train,    1155, -57.305305,   12
train,    1156, -66.132982,   10
train,    1157, -55.372461,   10
train,    1158, -85.531038,   12
train,    1159, -57.932742,    9
train,    1160, -63.565420,   11
train,    1161, -69.669078,   13
train,    1162, -57.851129,    9
train,    1163, -66.675800,   10
train,    1164, -60.831683,   11
train,    1165, -55.608350,   10
train,    1166, -72.161329,   11
train,    1167, 25.468683,   16
train,    1168, -59.519272,   10
train,    1169, -57.083401,    9
train,    1170, -60.713298,   11
train,    1171, -53.257787,   13
train,    1172, 29.186145,   14
train,    1173, 30.533494,   12
train,    1174, -6.463728,   12
train,    1175, 24.171432,   17
train,    1176, -62.821975,   10
train,    1177, -59.203522,    9
train,    1178, 19.182693,   17
train,    1179, -58.606549,    9
train,    1180, -66.799879,   10
train,    1181, 6.277859,   17
train,    1182, -60.193810,   10
train,    1183, -55.173757,   11
train,    1184, -55.942700,    8
train,    1185, -55.235972,   11
train,    1186, -55.978596,    8
train,    1187, -56.191004,   17
train,    1188, -55.606207,    8
train,    1189, -57.922234,    9
train,    1190, 43.138675,   16
train,    1191, -55.978589,    8
train,    1192, -45.804180,   14
train,    1193, -58.658407,    9
train,    1194, 45.599583,   15
train,    1195, -73.469523,   12
train,    1196, -58.949663,    9
train,    1197, -56.182637,    8
train,    1198, -54.988219,   11
train,    1199, 40.846917,   17
val,      1199,   -47.803254,     8.4000
train,    1200, -55.542731,    9
train,    1201, 32.772050,   17
train,    1202, 41.162355,   17
train,    1203, 41.007085,   17
train,    1204, -47.696683,   11
train,    1205, 22.616239,   15
train,    1206, -56.235484,   10
train,    1207, -61.757056,   10
train,    1208, 42.175610,   15
train,    1209, 22.093773,   17
train,    1210, -55.141824,   11
train,    1211, 14.148342,   17
train,    1212, 19.803259,   15
train,    1213, -55.837684,   14
train,    1214, -59.656057,   17
train,    1215, -62.831973,   10
train,    1216, 26.900875,   17
train,    1217, 19.546344,   14
train,    1218, 14.225101,   15
train,    1219, 31.311679,   13
train,    1220, -56.549156,   10
train,    1221, -56.513407,   10
train,    1222, -48.381753,   11
train,    1223, 34.893733,   15
train,    1224, -40.491325,   12
train,    1225, 27.244273,   15
train,    1226, -76.476597,   13
train,    1227, 26.826993,   15
train,    1228, 41.162355,   17
train,    1229, 24.966744,   14
train,    1230, 27.642310,   15
train,    1231, -65.301940,   14
train,    1232, -55.836624,    9
train,    1233, 32.420063,   16
train,    1234, -46.061871,   13
train,    1235, 39.904133,   14
train,    1236, -56.313926,   17
train,    1237, 35.877321,   16
train,    1238, -57.551848,    9
train,    1239, -58.295455,   12
train,    1240, 30.093975,   12
train,    1241, -56.361127,    8
train,    1242, 40.531478,   17
train,    1243, -58.091301,   10
train,    1244, 30.092936,   12
train,    1245, -61.096454,   10
train,    1246, -56.158122,    8
train,    1247, -55.551996,    9
train,    1248, -55.663264,    8
train,    1249, 40.855922,   17
train,    1250, -61.048284,   10
train,    1251, -61.503864,   13
train,    1252, -55.614266,   11
train,    1253, 20.932591,   16
train,    1254, -55.978554,    8
train,    1255, -56.384650,    8
train,    1256, -66.227293,   11
train,    1257, 30.197509,   15
train,    1258, -59.981872,   11
train,    1259, -60.894433,   10
train,    1260, -61.308084,   10
train,    1261, 29.478609,   12
train,    1262, -62.383871,   11
train,    1263, -55.978600,    8
train,    1264, 21.696917,   17
train,    1265, -53.677852,   12
train,    1266, 22.178907,   16
train,    1267, -55.978696,    8
train,    1268, -52.267211,   14
train,    1269, 29.585457,   14
train,    1270, -49.662432,   17
train,    1271, 43.655720,   16
train,    1272, 27.704134,   17
train,    1273, -58.973973,    9
train,    1274, -53.528936,   12
train,    1275, -58.918063,    9
train,    1276, -56.234832,    8
train,    1277, 41.993220,   15
train,    1278, -57.019253,   16
train,    1279, 30.093654,   12
train,    1280, -67.722170,   10
train,    1281, -55.935723,    8
train,    1282, -67.097727,   10
train,    1283, -72.823272,   12
train,    1284, -55.978610,    8
train,    1285, 27.137601,   15
train,    1286, -57.876140,   10
train,    1287, 29.341301,   14
train,    1288, 27.234127,   15
train,    1289, 43.138675,   16
train,    1290, -59.362409,    8
train,    1291, -56.754875,   10
train,    1292, 41.162355,   17
train,    1293, -55.978714,    8
train,    1294, -56.278637,    8
train,    1295, -57.056032,   12
train,    1296, 29.186338,   12
train,    1297, 45.401478,   15
train,    1298, 23.235171,   15
train,    1299, -56.757876,   10
val,      1299,   -56.103362,     8.0000
train,    1300, -58.115293,   12
train,    1301, 46.449766,   15
train,    1302, 20.553877,   14
train,    1303, -55.104300,   11
train,    1304, -55.664950,    9
train,    1305, -62.824104,   10
train,    1306, -57.578781,   10
train,    1307, -55.399328,    9
train,    1308, -55.339858,    9
train,    1309, 41.162355,   17
train,    1310, -55.094166,   13
train,    1311, 33.087489,   17
train,    1312, 40.531478,   17
train,    1313, 8.220074,   16
train,    1314, -59.637686,   17
train,    1315, 30.323261,   15
train,    1316, -58.188465,   12
train,    1317, -38.371974,   12
train,    1318, -55.785461,    8
train,    1319, -58.973966,    9
train,    1320, -57.617015,    9
train,    1321, -58.973793,    9
train,    1322, -62.647052,   14
train,    1323, -56.223415,    8
train,    1324, 40.728847,   17
train,    1325, -56.248080,    8
train,    1326, -56.312552,   17
train,    1327, -55.978656,    8
train,    1328, 29.270052,   14
train,    1329, -60.419961,   10
train,    1330, -41.168830,   14
train,    1331, -56.167099,    8
train,    1332, -55.546471,    9
train,    1333, 30.202176,   15
train,    1334, 26.433874,   15
train,    1335, 40.548030,   16
train,    1336, -55.604638,   11
train,    1337, -55.667860,    9
train,    1338, -57.882418,    9
train,    1339, -60.519129,   10
train,    1340, 41.162355,   17
train,    1341, -57.499287,   17
train,    1342, 32.960654,   17
train,    1343, -73.444665,   13
train,    1344, 29.209132,   14
train,    1345, 27.644354,   16
train,    1346, -60.693201,   10
train,    1347, -64.169301,   11
train,    1348, -42.095026,   16
train,    1349, -53.607336,   12
train,    1350, -56.215373,    8
train,    1351, -58.762291,   12
train,    1352, -53.547424,   12
train,    1353, -58.973798,    9
train,    1354, -52.398739,   16
train,    1355, -57.225346,   10
train,    1356, -56.380232,   11
train,    1357, 40.546410,   17
train,    1358, -56.209942,    8
train,    1359, -56.242766,    8
train,    1360, -58.312389,    9
train,    1361, 25.346513,   16
train,    1362, 32.383987,   14
train,    1363, -60.272158,   10
train,    1364, 21.220774,   14
train,    1365, 40.232591,   16
train,    1366, 40.081188,   16
train,    1367, -57.618749,    9
train,    1368, -55.186572,   11
train,    1369, -60.640896,   10
train,    1370, 30.516234,   15
train,    1371, 15.155741,   17
train,    1372, 28.882242,   12
train,    1373, 26.214678,   17
train,    1374, 23.042005,   17
train,    1375, -59.603895,    9
train,    1376, -88.092315,   12
train,    1377, 41.162355,   17
train,    1378, 22.974082,   15
train,    1379, -55.224948,   17
train,    1380, -59.896823,   16
train,    1381, 15.917083,   16
train,    1382, -76.258794,   14
train,    1383, 25.040699,   16
train,    1384, 21.401158,   16
train,    1385, -72.699951,   13
train,    1386, -57.056614,   12
train,    1387, 21.548030,   16
train,    1388, 22.477794,   17
train,    1389, -60.144543,   13
train,    1390, 22.477794,   17
train,    1391, 22.813632,   15
train,    1392, -70.697584,   12
train,    1393, -59.847682,   10
train,    1394, 41.162355,   17
train,    1395, -67.513697,   10
train,    1396, 29.149644,   15
train,    1397, 26.193856,   15
train,    1398, -60.779050,   10
train,    1399, 28.601600,   16
val,      1399,   -56.086323,     8.0000
train,    1400, 18.068502,   17
train,    1401, 36.703835,   17
train,    1402, 28.837337,   16
train,    1403, 29.244649,   14
train,    1404, 42.175610,   15
train,    1405, -56.527088,   12
train,    1406, -56.203769,    8
train,    1407, -55.399430,    9
train,    1408, -64.289365,   14
train,    1409, -38.501252,   12
train,    1410, 40.846917,   17
train,    1411, -53.529982,   12
train,    1412, -59.399037,   11
train,    1413, 41.043916,   17
train,    1414, -57.552414,    9
train,    1415, 40.376208,   17
train,    1416, -40.573916,   14
train,    1417, 32.960654,   17
train,    1418, -56.239126,    8
train,    1419, -36.359338,   13
train,    1420, -52.058313,   14
train,    1421, -56.100141,    8
train,    1422, -56.347639,    8
train,    1423, -41.464149,   16
train,    1424, 40.973752,   17
train,    1425, 40.448030,   16
train,    1426, -41.864407,   16
train,    1427, -53.529214,   12
train,    1428, -55.661370,    9
train,    1429, -55.679405,    9
train,    1430, 22.979435,   15
train,    1431, 37.652313,   15
train,    1432, -57.552658,    9
train,    1433, -55.141717,   11
train,    1434, 28.819081,   16
train,    1435, -61.307504,   16
train,    1436, -58.444675,    9
train,    1437, -56.957287,   14
train,    1438, -56.225425,    8
train,    1439, 46.293121,   13
train,    1440, -55.978607,    8
train,    1441, -56.232699,    8
train,    1442, 40.225044,   17
train,    1443, 35.220026,   12
train,    1444, -55.978649,    8
train,    1445, -55.399643,    9
train,    1446, -56.208968,    8
train,    1447, -52.810111,   12
train,    1448, 29.869626,   12
train,    1449, -57.714316,    9
train,    1450, 40.225044,   17
train,    1451, -56.514175,   10
train,    1452, -71.242362,   13
train,    1453, -55.978640,    8
train,    1454, 41.477794,   17
train,    1455, -56.543638,    8
train,    1456, -56.189288,    8
train,    1457, -56.204716,    8
train,    1458, -55.318167,   11
train,    1459, -55.104032,   11
train,    1460, 40.376208,   17
train,    1461, -38.804221,   12
train,    1462, -56.663640,   14
train,    1463, -55.978605,    8
train,    1464, -63.667744,   10
train,    1465, -56.217280,    8
train,    1466, -44.130238,   14
train,    1467, -58.215150,   12
train,    1468, 23.820114,   15
train,    1469, -44.390347,   10
train,    1470, -55.754535,    8
train,    1471, -38.371871,   12
train,    1472, -58.440665,    9
train,    1473, -60.053094,   11
train,    1474, 26.938211,   15
train,    1475, -68.536087,   13
train,    1476, -53.661663,   16
train,    1477, -53.530365,   12
train,    1478, -55.250513,   11
train,    1479, 41.289191,   17
train,    1480, -60.511939,   10
train,    1481, 27.227441,   15
train,    1482, -38.505222,   15
train,    1483, -55.285425,   11
train,    1484, -37.634059,   12
train,    1485, -57.705249,   12
train,    1486, -64.426225,   16
train,    1487, -39.465493,   15
train,    1488, -57.704251,    9
train,    1489, -60.980177,   10
train,    1490, 30.494724,   15
train,    1491, -51.581641,   13
train,    1492, -53.721944,   12
train,    1493, -53.560557,   12
train,    1494, 40.861848,   17
train,    1495, -62.073752,   12
train,    1496, -63.800155,   11
train,    1497, -58.004327,   10
train,    1498, -59.075891,   12
train,    1499, -41.248566,   14
val,      1499,   -34.596661,    12.8000
train,    1500, 40.579743,   17
train,    1501, -74.812953,   13
train,    1502, 41.849494,   17
train,    1503, -59.158884,   11
train,    1504, -61.365421,   12
train,    1505, -48.863146,   16
train,    1506, -61.124704,   12
train,    1507, -59.873658,   11
train,    1508, -55.838692,   16
train,    1509, -56.291560,   14
train,    1510, 25.432039,   17
train,    1511, 21.674865,   16
train,    1512, 40.232591,   16
train,    1513, 25.231109,   17
train,    1514, 43.741375,   16
train,    1515, -58.764031,   14
train,    1516, 31.604449,   16
train,    1517, 28.428759,   16
train,    1518, 27.227759,   15
train,    1519, 40.946917,   17
train,    1520, 48.667507,   14
train,    1521, -59.230605,    9
train,    1522, -56.102655,    8
train,    1523, 40.855922,   17
train,    1524, 24.796929,   16
train,    1525, 25.088958,   16
train,    1526, 33.399004,   14
train,    1527, -38.976929,   15
train,    1528, -59.678472,   11
train,    1529, -56.777103,   10
train,    1530, -62.807983,   11
train,    1531, -55.419763,   14
train,    1532, 29.058807,   14
train,    1533, -56.918226,   16
train,    1534, 22.171360,   17
train,    1535, 41.255857,   17
train,    1536, 40.728847,   17
train,    1537, 40.531478,   17
train,    1538, -60.632696,   10
train,    1539, -62.296142,   11
train,    1540, -73.663953,   13
train,    1541, -58.301380,   10
train,    1542, 22.162355,   17
train,    1543, 43.454114,   16
train,    1544, 40.728477,   17
train,    1545, 21.758293,   16
train,    1546, 28.533148,   16
train,    1547, -62.036818,   12
train,    1548, 40.973752,   17
train,    1549, 28.209831,   16
train,    1550, -37.760213,   16
train,    1551, -53.541600,   12
train,    1552, 41.268493,   16
train,    1553, -55.605388,   17
train,    1554, -48.182163,   11
train,    1555, -57.552463,    9
train,    1556, -58.534910,    9
train,    1557, 20.144720,   16
train,    1558, -59.159692,    9
train,    1559, 22.443154,   15
train,    1560, -44.459145,   10
train,    1561, 27.054419,   15
train,    1562, 30.356231,   15
train,    1563, -56.229396,    8
train,    1564, 25.657332,   17
train,    1565, -58.835786,    9
train,    1566, 40.813584,   17
train,    1567, -58.063442,   14
train,    1568, -60.463853,   10
train,    1569, -60.868549,   10
train,    1570, -61.035929,   12
train,    1571, -57.405622,   16
train,    1572, -52.637565,   14
train,    1573, 35.167543,   16
train,    1574, -64.966271,   12
train,    1575, 41.044285,   17
train,    1576, 19.220593,   15
train,    1577, 28.241149,   16
train,    1578, -58.133006,   12
train,    1579, 41.129022,   17
train,    1580, -62.301558,   11
train,    1581, -59.586434,   11
train,    1582, -74.617883,   13
train,    1583, -57.734463,   13
train,    1584, -63.352469,   10
train,    1585, -61.100829,   10
train,    1586, 32.104625,   16
train,    1587, -56.885109,   13
train,    1588, 40.863468,   16
train,    1589, -73.675418,   13
train,    1590, 41.162355,   17
train,    1591, -56.876930,   16
train,    1592, 41.104694,   17
train,    1593, -68.365438,   13
train,    1594, -59.366440,   11
train,    1595, -61.757347,   11
train,    1596, 22.162355,   17
train,    1597, 41.754987,   15
train,    1598, 26.254709,   17
train,    1599, 24.901669,   14
val_save, 1599,   10.151776,    16.0000
val,      1599,   10.151776,    16.0000
train,    1600, 29.046918,   14
train,    1601, 41.726566,   17
train,    1602, -56.477032,   16
train,    1603, 21.730250,   17
train,    1604, 24.645719,   16
train,    1605, 42.806607,   15
train,    1606, -62.287527,   11
train,    1607, -60.479243,   10
train,    1608, -58.534222,    9
train,    1609, -57.472090,    9
train,    1610, -58.086502,   15
train,    1611, 22.162355,   17
train,    1612, 22.178907,   16
train,    1613, 22.386799,   17
train,    1614, 30.227687,   15
train,    1615, -63.264813,   11
train,    1616, 41.793233,   17
train,    1617, 26.915022,   15
train,    1618, -62.293534,   11
train,    1619, 40.846917,   17
train,    1620, 25.981970,   16
train,    1621, -56.477295,   16
train,    1622, 43.454114,   16
train,    1623, -69.424756,   13
train,    1624, -60.716329,   12
train,    1625, 23.042005,   17
train,    1626, 41.793233,   17
train,    1627, -59.513342,   13
train,    1628, -68.770292,   13
train,    1629, -58.250118,   11
train,    1630, -61.970804,   11
train,    1631, 25.672281,   16
train,    1632, 26.141351,   15
train,    1633, -58.218008,   13
train,    1634, 26.926598,   17
train,    1635, -39.563960,   17
train,    1636, -62.735793,   11
train,    1637, 40.497017,   16
train,    1638, -74.577338,   13
train,    1639, -59.872328,   15
train,    1640, 22.171360,   17
train,    1641, 40.548030,   16
train,    1642, 43.971140,   16
train,    1643, 40.531478,   17
train,    1644, 39.806894,   16
train,    1645, 25.244525,   17
train,    1646, -55.104260,   11
train,    1647, 35.030741,   16
train,    1648, 30.305594,   15
train,    1649, 41.095689,   17
train,    1650, -58.246479,    9
train,    1651, -58.049364,    9
train,    1652, -65.537480,   12
train,    1653, -51.589490,   13
train,    1654, 41.285283,   17
train,    1655, 42.424110,   17
train,    1656, -60.060650,   13
train,    1657, -60.634887,   10
train,    1658, -53.672291,   12
train,    1659, 42.175730,   15
train,    1660, -55.852540,   16
train,    1661, -56.140774,    8
train,    1662, 28.870766,   16
train,    1663, 41.162355,   17
train,    1664, -63.025450,   11
train,    1665, -55.302017,   11
train,    1666, 29.029788,   14
train,    1667, 41.178907,   16
train,    1668, -41.805255,   16
train,    1669, 41.444461,   17
train,    1670, 41.430135,   17
train,    1671, -59.413639,   10
train,    1672, 23.075338,   17
train,    1673, 24.463119,   16
train,    1674, -69.634658,   13
train,    1675, 28.577004,   16
train,    1676, 33.276092,   17
train,    1677, 40.232591,   16
train,    1678, -61.945129,   11
train,    1679, -69.111877,   13
train,    1680, -55.882209,    8
train,    1681, -56.249760,    8
train,    1682, 43.340262,   16
train,    1683, -60.123218,   10
train,    1684, 27.490230,   15
train,    1685, -54.966768,    8
train,    1686, 40.728847,   17
train,    1687, 23.225788,   17
train,    1688, 14.554888,   16
train,    1689, 40.846917,   17
train,    1690, 25.009434,   14
train,    1691, 40.846917,   17
train,    1692, 40.846917,   17
train,    1693, -54.958154,   14
train,    1694, 41.691004,   15
train,    1695, 32.287705,   17
train,    1696, 32.198122,   16
train,    1697, -51.576296,   13
train,    1698, -60.297642,   11
train,    1699, 29.026970,   14
val,      1699,   -53.515015,    10.5000
train,    1700, -55.255732,   11
train,    1701, -60.651230,   12
train,    1702, 25.163124,   16
train,    1703, -56.475730,   16
train,    1704, 41.129022,   17
train,    1705, -45.530730,   14
train,    1706, 43.971159,   16
train,    1707, -61.560850,   12
train,    1708, -55.978581,    8
train,    1709, 43.138675,   16
train,    1710, 41.248030,   17
train,    1711, -68.796874,   13
train,    1712, 40.363560,   17
train,    1713, -56.573047,   16
train,    1714, -60.324267,   10
train,    1715, -59.875233,   12
train,    1716, 22.637963,   17
train,    1717, -60.297185,   10
train,    1718, -63.395972,   11
train,    1719, 43.224350,   16
train,    1720, 43.110518,   16
train,    1721, -56.477485,   16
train,    1722, -62.225000,   11
train,    1723, -65.749075,   13
train,    1724, 25.211883,   16
train,    1725, 41.386799,   17
train,    1726, -38.289689,   16
train,    1727, 39.653931,   16
train,    1728, -62.934867,   11
train,    1729, -59.643725,   11
train,    1730, 20.549791,   15
train,    1731, -43.600374,   13
train,    1732, -56.228988,    8
train,    1733, -41.294990,   14
train,    1734, 21.654406,   17
train,    1735, 40.903178,   17
train,    1736, -56.692640,   10
train,    1737, 41.392726,   17
train,    1738, -62.595776,   11
train,    1739, -56.132789,   12
train,    1740, 25.431159,   16
train,    1741, -69.356815,   13
train,    1742, -45.081494,   11
train,    1743, 25.734915,   16
train,    1744, -68.880312,   14
train,    1745, -37.582743,   16
train,    1746, -62.669018,   11
train,    1747, 25.750341,   16
train,    1748, 20.161900,   16
train,    1749, -62.170214,   11
train,    1750, -61.721453,   11
train,    1751, -43.470346,   15
train,    1752, -58.678319,   14
train,    1753, -60.522118,   10
train,    1754, 40.225044,   17
train,    1755, 28.594161,   16
train,    1756, 40.654406,   17
train,    1757, 41.708164,   17
train,    1758, 40.658314,   17
train,    1759, -58.845648,   11
train,    1760, 28.675683,   14
train,    1761, -37.566970,   16
train,    1762, 41.486799,   17
train,    1763, 24.347870,   16
train,    1764, 23.906114,   16
train,    1765, -62.009410,   11
train,    1766, -62.532156,   11
train,    1767, 41.255857,   17
train,    1768, 41.138027,   17
train,    1769, 40.540483,   17
train,    1770, 40.855922,   17
train,    1771, -69.268392,   13
train,    1772, 39.620175,   16
train,    1773, -62.532242,   11
train,    1774, -43.014066,   15
train,    1775, 32.363561,   16
train,    1776, 40.540483,   17
train,    1777, 40.777287,   17
train,    1778, 39.612231,   17
train,    1779, 40.789255,   17
train,    1780, 32.746383,   17
train,    1781, -69.900724,   13
train,    1782, 39.963831,   16
train,    1783, -61.711580,   11
train,    1784, 32.437758,   16
train,    1785, 25.145662,   17
train,    1786, 40.225044,   17
train,    1787, -57.666417,   11
train,    1788, -62.034544,   11
train,    1789, 40.240483,   17
train,    1790, -38.346755,   16
train,    1791, -67.198382,   11
train,    1792, -57.702814,    9
train,    1793, 28.588355,   16
train,    1794, 40.579743,   17
train,    1795, -61.307283,   10
train,    1796, 40.540483,   17
train,    1797, -59.789917,   11
train,    1798, -62.938825,   11
train,    1799, 21.600247,   16
val,      1799,   -12.488424,    14.2000
train,    1800, 40.245936,   16
train,    1801, 40.245936,   16
train,    1802, -62.068640,   11
train,    1803, -59.683561,   11
train,    1804, -60.156540,   10
train,    1805, 28.266130,   16
train,    1806, -51.867054,   16
train,    1807, 26.149203,   16
train,    1808, -59.032079,   12
train,    1809, 22.248030,   17
train,    1810, -62.386085,   11
train,    1811, 25.905646,   16
train,    1812, -55.364259,   15
train,    1813, -57.552224,    9
train,    1814, -44.681125,   12
train,    1815, 27.653694,   16
train,    1816, -55.978651,    8
train,    1817, 40.325044,   17
train,    1818, 28.506010,   16
train,    1819, 40.245936,   16
train,    1820, 40.264305,   17
train,    1821, 40.855922,   17
train,    1822, -45.651537,   16
train,    1823, 40.264305,   17
train,    1824, -39.037826,   16
train,    1825, -55.978716,    8
train,    1826, -60.805951,   11
train,    1827, 24.359480,   16
train,    1828, 24.499228,   16
train,    1829, -62.501006,   11
train,    1830, -65.814034,   12
train,    1831, 24.825869,   16
train,    1832, 39.574848,   17
train,    1833, 30.048958,   15
train,    1834, 40.540483,   17
train,    1835, 39.357707,   17
train,    1836, 39.930497,   16
train,    1837, -62.909584,   11
train,    1838, 40.789255,   17
train,    1839, 24.557886,   16
train,    1840, -63.254183,   11
train,    1841, 25.863002,   16
train,    1842, 25.261484,   16
train,    1843, -42.027420,   14
train,    1844, -62.916450,   11
train,    1845, -62.284388,   11
train,    1846, -62.814011,   11
train,    1847, 25.280711,   16
train,    1848, 40.225044,   17
train,    1849, 41.238027,   17
train,    1850, 23.686777,   16
train,    1851, 40.922588,   17
train,    1852, -62.359710,   11
train,    1853, 28.407273,   16
train,    1854, 15.272527,   16
train,    1855, -56.192240,    8
train,    1856, 39.412062,   17
train,    1857, -61.186530,   10
train,    1858, -62.804690,   12
train,    1859, -60.679995,   10
train,    1860, 21.076273,   17
train,    1861, -62.196265,   11
train,    1862, -56.226834,    8
train,    1863, 39.760834,   17
train,    1864, 39.412062,   17
train,    1865, 31.100978,   13
train,    1866, -62.354913,   11
train,    1867, 27.570666,   16
train,    1868, -42.015746,   10
train,    1869, 23.990470,   16
train,    1870, -51.571210,   13
train,    1871, 40.640483,   17
train,    1872, -57.450355,   11
train,    1873, -57.224763,   14
train,    1874, -61.168684,   11
train,    1875, -63.901608,   11
train,    1876, -60.326501,   10
train,    1877, -62.610994,   11
train,    1878, 39.096623,   17
train,    1879, -58.825478,   12
train,    1880, -62.487718,   11
train,    1881, -68.783033,   13
train,    1882, -62.497555,   12
train,    1883, -53.201520,   16
train,    1884, 39.760834,   17
train,    1885, 40.607150,   17
train,    1886, -61.947902,   12
train,    1887, 21.291711,   17
train,    1888, -62.024818,   11
train,    1889, -61.243391,   11
train,    1890, 39.432953,   16
train,    1891, -61.875577,   11
train,    1892, 39.748392,   16
train,    1893, -61.661035,   11
train,    1894, 21.171712,   16
train,    1895, -61.575794,   11
train,    1896, 29.047937,   16
train,    1897, 26.237731,   17
train,    1898, 20.881968,   16
train,    1899, -61.660356,   11
val,      1899,   -3.589615,    14.4000
train,    1900, 16.248146,   16
train,    1901, -68.946083,   13
train,    1902, 40.955922,   17
train,    1903, 25.326655,   16
train,    1904, 43.778557,   16
train,    1905, 36.136843,   16
train,    1906, -62.195173,   11
train,    1907, -61.723062,   11
train,    1908, 24.594095,   16
train,    1909, 25.428328,   16
train,    1910, -44.362635,   10
train,    1911, 24.651699,   16
train,    1912, 27.942771,   16
train,    1913, 25.435244,   16
train,    1914, -62.801775,   11
train,    1915, -60.311207,   11
train,    1916, 29.220641,   16
train,    1917, 40.855922,   17
train,    1918, -58.167913,   14
train,    1919, 39.963831,   16
train,    1920, 40.915686,   16
train,    1921, -43.802877,   12
train,    1922, 25.379704,   16
train,    1923, -64.003988,   11
train,    1924, -58.349475,   10
train,    1925, 25.341255,   16
train,    1926, 25.657383,   16
train,    1927, -65.573725,   12
train,    1928, 25.221770,   16
train,    1929, -64.698020,   12
train,    1930, -60.686557,   16
train,    1931, 17.774440,   16
train,    1932, -61.317595,   11
train,    1933, -58.654984,   13
train,    1934, 16.110227,   16
train,    1935, 40.245936,   16
train,    1936, -45.080714,   11
train,    1937, -63.847112,   10
train,    1938, 42.803399,   16
train,    1939, 28.422116,   16
train,    1940, -38.610537,   15
train,    1941, -41.960212,   13
train,    1942, -59.682781,   10
train,    1943, -38.763430,   15
train,    1944, -48.060545,   11
train,    1945, -38.787829,   16
train,    1946, 32.805341,   15
train,    1947, 40.674865,   16
train,    1948, 25.421982,   17
train,    1949, -61.180371,   11
train,    1950, -55.900680,   16
train,    1951, 40.376208,   17
train,    1952, 41.007085,   17
train,    1953, -61.433931,   12
train,    1954, 40.728847,   17
train,    1955, 30.261940,   15
train,    1956, 32.014552,   13
train,    1957, 40.088962,   14
train,    1958, -37.470839,   16
train,    1959, 27.744444,   16
train,    1960, -54.750052,   15
train,    1961, 25.962519,   16
train,    1962, -54.630377,   15
train,    1963, 31.182189,   15
train,    1964, -63.231860,   11
train,    1965, -62.606054,   11
train,    1966, -63.276869,   11
train,    1967, 25.030542,   16
train,    1968, -56.154249,   16
train,    1969, 22.809784,   16
train,    1970, -61.238921,   11
train,    1971, 28.577923,   16
train,    1972, -44.475541,   10
train,    1973, -59.161504,   13
train,    1974, 36.196908,   16
train,    1975, 40.359426,   16
train,    1976, 40.977619,   17
train,    1977, 41.659899,   17
train,    1978, 48.244321,   15
train,    1979, -58.363022,   14
train,    1980, 22.726566,   17
train,    1981, -38.399103,   16
train,    1982, 41.537963,   17
train,    1983, -56.798434,   16
train,    1984, 41.129022,   17
train,    1985, -62.612121,   11
train,    1986, 21.354295,   16
train,    1987, -56.785288,   16
train,    1988, 45.303036,   14
train,    1989, 29.839133,   14
train,    1990, -38.372130,   12
train,    1991, 24.259191,   15
train,    1992, -55.525379,   15
train,    1993, 42.624716,   15
train,    1994, 40.232591,   16
train,    1995, -47.263904,   11
train,    1996, 40.548030,   16
train,    1997, 32.856428,   15
train,    1998, -58.899376,   11
train,    1999, 43.490161,   15
val,      1999,   -22.317613,    14.6000
checkpoint_cleanup,promoted=0, kept=4, removed=12
finish,   2026-04-09 13:35:56.826142
