init,     2026-03-30 17:01:04.423950
arguments,Namespace(PPO_epochs=4, adv_norm=1, alg='ppo', cuda=0, curriculum_clean_ratio=1.0, curriculum_entropy_decay=0.85, curriculum_mode='adaptive', curriculum_noise_step=0.0, curriculum_patience=1, entropy=0.1, entropy_min=0.05, eps_clip=0.15, gae_lambda=0.97, gamma=0.995, grad_clip=0.5, gymip_train_xml='inverted_pendulum_ChangeThk_0.050000.xml', hid_group_num=8, hid_group_size=8, hidden_num=64, ignore_checkpoint=True, lane_profile='auto', lr=0.0005, max_noise=0.0, mini_batch_size=128, model='rwtaspk', monitor_time=False, optimizer='rmsprop', rep=11, response_window=40, reward_scale=1.0, road_scenario='merge', rollout_steps=512, rwta_del_connection='none', seed=17, snn_num_steps=15, task='gymip', thread=2, traffic_level='standard', train_num=4000)
seed,     17
model_dir,/root/autodl-tmp/SVPG2023/LANE/log_model/merge
profile,  lane auto-stabilize: lr->0.0005, gamma->0.995, PPO_epochs->4, eps_clip->0.15, rollout_steps->512, mini_batch_size->128, gae_lambda->0.97, grad_clip->0.5, curriculum_clean_ratio->0.8, max_noise->0.08, curriculum_noise_step->0.02, entropy_min->0.05, curriculum_clean_ratio->1.0, max_noise->0.0, curriculum_noise_step->0.0, curriculum_patience->1, curriculum_entropy_decay->0.85
train,    1, 7.699047,   14, 1.00,    6, 0.000, 0.000, 0.100,  8
train,    2, 3.482739,   14, 1.00,    8, 0.000, 0.000, 0.100,  8
train,    3, 4.971198,   12, 1.00,    4, 0.000, 0.000, 0.100,  8
train,    4, 1.756102,   10, 1.00,    3, 0.000, 0.000, 0.100,  8
train,    5, 4.598666,   12, 1.00,    5, 0.000, 0.000, 0.100,  8
train,    6, 2.865002,   10, 1.00,    4, 0.000, 0.000, 0.100,  8
train,    7, 34.314988,   15, 0.00,    4, 0.000, 0.000, 0.100,  8
train,    8, 2.339271,   10, 1.00,    4, 0.000, 0.000, 0.100,  8
train,    9, 11.379159,   16, 1.00,    5, 0.000, 0.000, 0.100,  8
val_save, 9, -0.497481, 1.0000,   8.0000,   8.0000, 0.0000,  28.5743
val,      9, -0.497481, 1.0000,   8.0000,   8.0000, 0.0000,  28.5743
curriculum,noise_cap 0.0000 -> 0.0000, entropy 0.1000 -> 0.0850
train,    10, 4.265425,   11, 1.00,    6, 0.000, 0.000, 0.085,  8
train,    11, 0.492411,   11, 1.00,    6, 0.000, 0.000, 0.085,  8
train,    12, 2.789228,   10, 1.00,    6, 0.000, 0.000, 0.085,  8
train,    13, 3.560347,   11, 1.00,    4, 0.000, 0.000, 0.085,  8
train,    14, 4.675206,   13, 1.00,    4, 0.000, 0.000, 0.085,  8
train,    15, 0.918567,   10, 1.00,    5, 0.000, 0.000, 0.085,  8
train,    16, 4.867502,   11, 1.00,    2, 0.000, 0.000, 0.085,  8
train,    17, 4.594705,   10, 1.00,    4, 0.000, 0.000, 0.085,  8
train,    18, 3.069305,   11, 1.00,    3, 0.000, 0.000, 0.085,  8
train,    19, 0.416846,   10, 1.00,    5, 0.000, 0.000, 0.085,  8
val,      19, -0.584916, 1.0000,   8.0000,   8.0000, 0.0000,  28.5423
train,    20, 3.732346,   11, 1.00,    4, 0.000, 0.000, 0.085,  8
train,    21, 8.305375,   13, 1.00,    2, 0.000, 0.000, 0.085,  8
train,    22, 5.445341,   10, 1.00,    3, 0.000, 0.000, 0.085,  8
train,    23, 0.174511,   10, 1.00,    7, 0.000, 0.000, 0.085,  8
train,    24, 33.810397,   15, 0.00,    3, 0.000, 0.000, 0.085,  8
train,    25, 4.215419,   10, 1.00,    4, 0.000, 0.000, 0.085,  8
train,    26, 3.092074,    9, 1.00,    2, 0.000, 0.000, 0.085,  8
train,    27, 3.234354,   10, 1.00,    4, 0.000, 0.000, 0.085,  8
train,    28, 7.799620,   13, 1.00,    5, 0.000, 0.000, 0.085,  8
train,    29, 1.977269,   10, 1.00,    5, 0.000, 0.000, 0.085,  8
val,      29, -0.777970, 1.0000,   8.0000,   8.0000, 0.0000,  28.4496
train,    30, 6.476281,   12, 1.00,    3, 0.000, 0.000, 0.085,  8
train,    31, 5.159629,   11, 1.00,    5, 0.000, 0.000, 0.085,  8
train,    32, 1.071385,    8, 1.00,    3, 0.000, 0.000, 0.085,  8
train,    33, 7.361303,   15, 1.00,    7, 0.000, 0.000, 0.085,  8
train,    34, 1.902141,   10, 1.00,    6, 0.000, 0.000, 0.085,  8
train,    35, 5.560755,   11, 1.00,    3, 0.000, 0.000, 0.085,  8
train,    36, 6.469981,   12, 1.00,    4, 0.000, 0.000, 0.085,  8
train,    37, 3.846412,   13, 1.00,    5, 0.000, 0.000, 0.085,  8
train,    38, 5.544760,   10, 1.00,    0, 0.000, 0.000, 0.085,  8
train,    39, 4.865812,   11, 1.00,    4, 0.000, 0.000, 0.085,  8
val,      39, -0.709661, 1.0000,   8.0000,   8.0000, 0.0000,  28.3394
train,    40, 5.774307,   11, 1.00,    2, 0.000, 0.000, 0.085,  8
train,    41, 5.085073,   12, 1.00,    6, 0.000, 0.000, 0.085,  8
train,    42, 7.187553,   12, 1.00,    3, 0.000, 0.000, 0.085,  8
train,    43, 3.997235,   12, 1.00,    5, 0.000, 0.000, 0.085,  8
train,    44, 4.185098,   10, 1.00,    3, 0.000, 0.000, 0.085,  8
train,    45, 4.815701,   12, 1.00,    5, 0.000, 0.000, 0.085,  8
update,   45,    1,  514, -1.051481, 0.000000
train,    46, 19.154593,   14, 0.00,    7, 0.000, 0.000, 0.085,  8
train,    47, 5.943565,   14, 1.00,    2, 0.000, 0.000, 0.085,  8
train,    48, 5.382600,   11, 1.00,    2, 0.000, 0.000, 0.085,  8
train,    49, 4.150814,   12, 1.00,    1, 0.000, 0.000, 0.085,  8
val,      49, 7.505914, 1.0000,  14.0000,   0.0000, 0.0000,  19.6684
train,    50, 2.825868,   11, 1.00,    5, 0.000, 0.000, 0.085,  8
train,    51, 34.782292,   17, 0.00,    7, 0.000, 0.000, 0.085,  8
train,    52, 0.642340,    8, 1.00,    5, 0.000, 0.000, 0.085,  8
train,    53, 2.488956,   11, 1.00,    3, 0.000, 0.000, 0.085,  8
train,    54, 5.083448,   13, 1.00,    2, 0.000, 0.000, 0.085,  8
train,    55, 5.362351,   12, 1.00,    2, 0.000, 0.000, 0.085,  8
train,    56, 3.159319,   11, 1.00,    3, 0.000, 0.000, 0.085,  8
train,    57, 3.517931,   10, 1.00,    1, 0.000, 0.000, 0.085,  8
train,    58, 35.603698,   15, 0.00,    4, 0.000, 0.000, 0.085,  8
train,    59, 2.060307,   11, 1.00,    4, 0.000, 0.000, 0.085,  8
val,      59, 7.969195, 1.0000,  14.0000,   0.0000, 0.0000,  19.7144
train,    60, 2.194621,   10, 1.00,    7, 0.000, 0.000, 0.085,  8
train,    61, 2.034101,   11, 1.00,    7, 0.000, 0.000, 0.085,  8
train,    62, 8.524511,   14, 1.00,    7, 0.000, 0.000, 0.085,  8
train,    63, 5.669977,   12, 1.00,    3, 0.000, 0.000, 0.085,  8
train,    64, 6.180861,   14, 1.00,    5, 0.000, 0.000, 0.085,  8
train,    65, 5.307950,   13, 1.00,    3, 0.000, 0.000, 0.085,  8
train,    66, 1.316997,   11, 1.00,    5, 0.000, 0.000, 0.085,  8
train,    67, 5.941936,   13, 1.00,    4, 0.000, 0.000, 0.085,  8
train,    68, 1.538088,    9, 1.00,    5, 0.000, 0.000, 0.085,  8
train,    69, 5.798517,   12, 1.00,    2, 0.000, 0.000, 0.085,  8
val,      69, 8.070213, 1.0000,  14.0000,   0.0000, 0.0000,  19.6684
train,    70, 1.686129,    8, 1.00,    4, 0.000, 0.000, 0.085,  8
train,    71, 2.413299,   11, 1.00,    5, 0.000, 0.000, 0.085,  8
train,    72, 2.118696,   11, 1.00,    8, 0.000, 0.000, 0.085,  8
train,    73, 4.490931,   13, 1.00,    2, 0.000, 0.000, 0.085,  8
train,    74, 4.098362,   11, 1.00,    2, 0.000, 0.000, 0.085,  8
train,    75, 1.273959,   10, 1.00,    8, 0.000, 0.000, 0.085,  8
train,    76, 4.254255,   12, 1.00,    3, 0.000, 0.000, 0.085,  8
train,    77, 5.017548,   13, 1.00,    6, 0.000, 0.000, 0.085,  8
train,    78, 2.076244,   10, 1.00,    4, 0.000, 0.000, 0.085,  8
train,    79, 0.980543,   12, 1.00,    7, 0.000, 0.000, 0.085,  8
val,      79, 7.715834, 1.0000,  14.0000,   0.0000, 0.0000,  19.6684
train,    80, 3.686938,    9, 1.00,    2, 0.000, 0.000, 0.085,  8
train,    81, 6.424824,   13, 1.00,    3, 0.000, 0.000, 0.085,  8
train,    82, 4.101897,   11, 1.00,    3, 0.000, 0.000, 0.085,  8
train,    83, 6.390497,   14, 1.00,    5, 0.000, 0.000, 0.085,  8
train,    84, 5.823963,   12, 1.00,    4, 0.000, 0.000, 0.085,  8
train,    85, 1.932513,    9, 1.00,    4, 0.000, 0.000, 0.085,  8
train,    86, 4.468469,   13, 1.00,    5, 0.000, 0.000, 0.085,  8
train,    87, 5.716568,   13, 1.00,    6, 0.000, 0.000, 0.085,  8
train,    88, 3.532409,   12, 1.00,    4, 0.000, 0.000, 0.085,  8
train,    89, 4.954768,   13, 1.00,    2, 0.000, 0.000, 0.085,  8
update,   89,    2,  519, -1.096535, -0.000000
val,      89, 8.419242, 1.0000,  14.0000,   0.0000, 0.0000,  19.7144
train,    90, 36.948575,   17, 0.00,    7, 0.000, 0.000, 0.085,  8
train,    91, 2.735181,   11, 1.00,    4, 0.000, 0.000, 0.085,  8
train,    92, 2.418029,   10, 1.00,    5, 0.000, 0.000, 0.085,  8
train,    93, 5.557150,   12, 1.00,    6, 0.000, 0.000, 0.085,  8
train,    94, 4.650511,   13, 1.00,    6, 0.000, 0.000, 0.085,  8
train,    95, 6.044507,   13, 1.00,    6, 0.000, 0.000, 0.085,  8
train,    96, 7.563550,   12, 1.00,    2, 0.000, 0.000, 0.085,  8
train,    97, 2.298791,    8, 1.00,    3, 0.000, 0.000, 0.085,  8
train,    98, 26.624479,   13, 0.00,    9, 0.000, 0.000, 0.085,  8
train,    99, 0.898037,   10, 1.00,    5, 0.000, 0.000, 0.085,  8
val,      99, 7.745733, 1.0000,  14.0000,   0.0000, 0.0000,  19.6224
train,    100, 3.878006,   12, 1.00,    5, 0.000, 0.000, 0.085,  8
train,    101, 4.809396,   10, 1.00,    3, 0.000, 0.000, 0.085,  8
train,    102, 5.067118,   12, 1.00,    5, 0.000, 0.000, 0.085,  8
train,    103, 5.993251,   13, 1.00,    6, 0.000, 0.000, 0.085,  8
train,    104, 1.431815,   11, 1.00,    5, 0.000, 0.000, 0.085,  8
train,    105, 2.064997,    8, 1.00,    2, 0.000, 0.000, 0.085,  8
train,    106, 4.539055,   13, 1.00,    5, 0.000, 0.000, 0.085,  8
train,    107, 5.774493,   12, 1.00,    3, 0.000, 0.000, 0.085,  8
train,    108, 4.725909,   12, 1.00,    4, 0.000, 0.000, 0.085,  8
train,    109, 3.979503,   11, 1.00,    2, 0.000, 0.000, 0.085,  8
val,      109, 7.869382, 1.0000,  14.0000,   0.0000, 0.0000,  19.6642
train,    110, 5.681275,   12, 1.00,    4, 0.000, 0.000, 0.085,  8
train,    111, 1.220991,   10, 1.00,    5, 0.000, 0.000, 0.085,  8
train,    112, 32.970350,   15, 0.00,    6, 0.000, 0.000, 0.085,  8
train,    113, 10.468459,   16, 1.00,    8, 0.000, 0.000, 0.085,  8
train,    114, 20.581380,   15, 0.00,    6, 0.000, 0.000, 0.085,  8
train,    115, 3.027832,   10, 1.00,    3, 0.000, 0.000, 0.085,  8
train,    116, 4.865131,   11, 1.00,    6, 0.000, 0.000, 0.085,  8
train,    117, 5.660226,   13, 1.00,    5, 0.000, 0.000, 0.085,  8
train,    118, -0.168601,   10, 1.00,    6, 0.000, 0.000, 0.085,  8
train,    119, 1.466190,   10, 1.00,    5, 0.000, 0.000, 0.085,  8
val,      119, 8.242044, 1.0000,  14.0000,   0.0000, 0.0000,  19.6684
train,    120, 8.461796,   16, 1.00,    9, 0.000, 0.000, 0.085,  8
train,    121, 10.893868,   15, 1.00,    3, 0.000, 0.000, 0.085,  8
train,    122, 2.877410,   10, 1.00,    4, 0.000, 0.000, 0.085,  8
train,    123, 34.849165,   16, 0.00,    7, 0.000, 0.000, 0.085,  8
train,    124, 3.098143,   10, 1.00,    3, 0.000, 0.000, 0.085,  8
