init,     2026-03-29 23:13:14.412804
arguments,Namespace(PPO_epochs=4, adv_norm=1, alg='ppo', cuda=0, curriculum_clean_ratio=1.0, curriculum_entropy_decay=0.9, curriculum_mode='adaptive', curriculum_noise_step=0.0, curriculum_patience=2, entropy=0.1, entropy_min=0.1, eps_clip=0.15, gae_lambda=0.97, gamma=0.995, grad_clip=0.5, gymip_train_xml='inverted_pendulum_ChangeThk_0.050000.xml', hid_group_num=8, hid_group_size=8, hidden_num=64, ignore_checkpoint=True, lane_profile='auto', lr=0.0005, max_noise=0.0, mini_batch_size=128, model='rwtaspk', monitor_time=False, optimizer='rmsprop', rep=11, response_window=40, reward_scale=1.0, road_scenario='merge', rollout_steps=512, rwta_del_connection='none', seed=1, snn_num_steps=15, task='gymip', thread=-1, traffic_level='standard', train_num=3000)
seed,     1
model_dir,/root/autodl-tmp/SVPG2023/LANE/log_model/merge
profile,  lane auto-stabilize: lr->0.0005, gamma->0.995, PPO_epochs->4, eps_clip->0.15, rollout_steps->512, mini_batch_size->128, gae_lambda->0.97, grad_clip->0.5, curriculum_clean_ratio->0.8, max_noise->0.08, curriculum_noise_step->0.02, curriculum_clean_ratio->1.0, max_noise->0.0, curriculum_noise_step->0.0, train_num->3000
train,    1, 2.770659,    9, 1.00,    3, 0.000, 0.000, 0.100, 18
train,    2, -3.386967,    4, 1.00,    2, 0.000, 0.000, 0.100, 18
train,    3, 0.682516,    7, 1.00,    3, 0.000, 0.000, 0.100, 18
train,    4, 0.078825,    7, 1.00,    4, 0.000, 0.000, 0.100, 18
train,    5, -0.278025,    7, 1.00,    2, 0.000, 0.000, 0.100, 18
train,    6, -2.977857,    4, 1.00,    1, 0.000, 0.000, 0.100, 18
train,    7, 3.428351,    9, 1.00,    3, 0.000, 0.000, 0.100, 18
train,    8, 4.130847,    9, 1.00,    2, 0.000, 0.000, 0.100, 18
train,    9, -3.281036,    5, 1.00,    3, 0.000, 0.000, 0.100, 18
train,    10, 18.960171,   17, 0.00,    8, 0.000, 0.000, 0.100, 18
train,    11, 6.147486,   11, 1.00,    3, 0.000, 0.000, 0.100, 18
train,    12, 7.100890,   13, 1.00,    6, 0.000, 0.000, 0.100, 18
train,    13, -2.170666,    6, 1.00,    3, 0.000, 0.000, 0.100, 18
train,    14, -2.122713,    5, 1.00,    2, 0.000, 0.000, 0.100, 18
train,    15, 4.868284,   11, 1.00,    5, 0.000, 0.000, 0.100, 18
train,    16, 2.780738,    8, 1.00,    2, 0.000, 0.000, 0.100, 18
train,    17, 0.379534,    8, 1.00,    5, 0.000, 0.000, 0.100, 18
train,    18, 2.013366,    8, 1.00,    2, 0.000, 0.000, 0.100, 18
train,    19, -2.609684,    6, 1.00,    5, 0.000, 0.000, 0.100, 18
val_save, 19, -3.263267, 1.0000,   5.7500,   5.7500
val,      19, -3.263267, 1.0000,   5.7500,   5.7500
train,    20, -0.741096,    6, 1.00,    2, 0.000, 0.000, 0.100, 18
train,    21, -2.481495,    5, 1.00,    2, 0.000, 0.000, 0.100, 18
train,    22, 18.425921,   16, 0.00,    6, 0.000, 0.000, 0.100, 18
train,    23, 4.553402,   10, 1.00,    2, 0.000, 0.000, 0.100, 18
train,    24, 8.505388,   14, 1.00,    5, 0.000, 0.000, 0.100, 18
train,    25, -1.679577,    7, 1.00,    4, 0.000, 0.000, 0.100, 18
train,    26, -2.749254,    6, 1.00,    4, 0.000, 0.000, 0.100, 18
train,    27, -1.801905,    5, 1.00,    2, 0.000, 0.000, 0.100, 18
train,    28, 19.952106,   15, 0.00,    3, 0.000, 0.000, 0.100, 18
train,    29, 3.666969,    9, 1.00,    3, 0.000, 0.000, 0.100, 18
train,    30, 4.175855,    9, 1.00,    1, 0.000, 0.000, 0.100, 18
train,    31, 19.745675,   16, 0.00,    5, 0.000, 0.000, 0.100, 18
train,    32, -1.262915,    6, 1.00,    3, 0.000, 0.000, 0.100, 18
train,    33, 16.228267,   13, 0.00,    7, 0.000, 0.000, 0.100, 18
train,    34, 1.456284,    8, 1.00,    4, 0.000, 0.000, 0.100, 18
train,    35, 17.571153,   15, 0.00,    7, 0.000, 0.000, 0.100, 18
train,    36, 1.763418,    8, 1.00,    3, 0.000, 0.000, 0.100, 18
train,    37, 4.475451,   10, 1.00,    3, 0.000, 0.000, 0.100, 18
train,    38, 19.471128,   16, 0.00,    4, 0.000, 0.000, 0.100, 18
train,    39, 2.387719,    9, 1.00,    3, 0.000, 0.000, 0.100, 18
val,      39, -3.286620, 1.0000,   5.7500,   5.7500
train,    40, 4.304157,    9, 1.00,    2, 0.000, 0.000, 0.100, 18
train,    41, 4.183580,    9, 1.00,    2, 0.000, 0.000, 0.100, 18
train,    42, -0.418865,    7, 1.00,    4, 0.000, 0.000, 0.100, 18
train,    43, -4.328844,    4, 1.00,    3, 0.000, 0.000, 0.100, 18
train,    44, -1.710353,    6, 1.00,    4, 0.000, 0.000, 0.100, 18
train,    45, -4.188318,    4, 1.00,    3, 0.000, 0.000, 0.100, 18
train,    46, -0.533817,    7, 1.00,    4, 0.000, 0.000, 0.100, 18
train,    47, 0.195439,    7, 1.00,    4, 0.000, 0.000, 0.100, 18
train,    48, 7.673365,   13, 1.00,    4, 0.000, 0.000, 0.100, 18
train,    49, -0.401052,    6, 1.00,    2, 0.000, 0.000, 0.100, 18
train,    50, -1.993016,    5, 1.00,    2, 0.000, 0.000, 0.100, 18
train,    51, -2.088540,    5, 1.00,    1, 0.000, 0.000, 0.100, 18
train,    52, -0.149861,    7, 1.00,    3, 0.000, 0.000, 0.100, 18
train,    53, -0.017102,    6, 1.00,    1, 0.000, 0.000, 0.100, 18
train,    54, 6.011663,   12, 1.00,    4, 0.000, 0.000, 0.100, 18
train,    55, 16.178870,   15, 0.00,    8, 0.000, 0.000, 0.100, 18
train,    56, 9.813648,   14, 1.00,    3, 0.000, 0.000, 0.100, 18
train,    57, 18.473788,   16, 0.00,    6, 0.000, 0.000, 0.100, 18
train,    58, 5.105196,   10, 1.00,    2, 0.000, 0.000, 0.100, 18
update,   58,    1,  519, 0.615401, -0.000000
train,    59, -3.664511,    4, 1.00,    2, 0.000, 0.000, 0.100, 18
val_save, 59, 14.168614, 0.3750,  12.6250,   0.0000
val,      59, 14.168614, 0.3750,  12.6250,   0.0000
train,    60, 3.119785,    9, 1.00,    4, 0.000, 0.000, 0.100, 18
train,    61, 2.051065,    8, 1.00,    3, 0.000, 0.000, 0.100, 18
train,    62, 0.183172,    7, 1.00,    4, 0.000, 0.000, 0.100, 18
train,    63, -1.463966,    6, 1.00,    3, 0.000, 0.000, 0.100, 18
train,    64, 1.519809,    9, 1.00,    3, 0.000, 0.000, 0.100, 18
train,    65, 16.240244,   13, 0.00,    6, 0.000, 0.000, 0.100, 18
train,    66, -2.406841,    6, 1.00,    5, 0.000, 0.000, 0.100, 18
train,    67, 17.431441,   12, 0.00,    3, 0.000, 0.000, 0.100, 18
train,    68, 5.714769,   12, 1.00,    3, 0.000, 0.000, 0.100, 18
train,    69, -2.819999,    5, 1.00,    2, 0.000, 0.000, 0.100, 19
train,    70, 1.344506,    7, 1.00,    2, 0.000, 0.000, 0.100, 19
train,    71, 17.874385,   15, 0.00,    5, 0.000, 0.000, 0.100, 19
train,    72, 0.540333,    6, 1.00,    0, 0.000, 0.000, 0.100, 19
train,    73, -1.635300,    6, 1.00,    3, 0.000, 0.000, 0.100, 19
train,    74, -3.260380,    5, 1.00,    3, 0.000, 0.000, 0.100, 19
train,    75, 4.863186,   11, 1.00,    3, 0.000, 0.000, 0.100, 19
train,    76, 0.930612,    7, 1.00,    2, 0.000, 0.000, 0.100, 19
train,    77, 18.242949,   15, 0.00,    5, 0.000, 0.000, 0.100, 19
train,    78, -1.488409,    6, 1.00,    3, 0.000, 0.000, 0.100, 19
train,    79, 15.987745,   17, 0.00,   11, 0.000, 0.000, 0.100, 19
val,      79, 9.833494, 0.6250,  10.8750,   0.0000
train,    80, 17.364422,   14, 0.00,    6, 0.000, 0.000, 0.100, 19
train,    81, -0.596538,    6, 1.00,    2, 0.000, 0.000, 0.100, 19
train,    82, 8.253859,   13, 1.00,    4, 0.000, 0.000, 0.100, 19
train,    83, -2.417368,    6, 1.00,    5, 0.000, 0.000, 0.100, 19
train,    84, 0.581871,    8, 1.00,    5, 0.000, 0.000, 0.100, 19
train,    85, 6.868832,   12, 1.00,    3, 0.000, 0.000, 0.100, 19
train,    86, -3.561939,    5, 1.00,    4, 0.000, 0.000, 0.100, 19
train,    87, -2.947646,    4, 1.00,    1, 0.000, 0.000, 0.100, 19
train,    88, 18.902424,   13, 0.00,    2, 0.000, 0.000, 0.100, 19
train,    89, 0.448241,    6, 1.00,    1, 0.000, 0.000, 0.100, 19
train,    90, 1.929429,    7, 1.00,    1, 0.000, 0.000, 0.100, 19
train,    91, 18.017797,   16, 0.00,    7, 0.000, 0.000, 0.100, 19
train,    92, 2.274736,    8, 1.00,    3, 0.000, 0.000, 0.100, 19
train,    93, 11.154103,   16, 1.00,    4, 0.000, 0.000, 0.100, 19
train,    94, 5.054475,   12, 1.00,    5, 0.000, 0.000, 0.100, 19
train,    95, -2.462416,    5, 1.00,    2, 0.000, 0.000, 0.100, 19
train,    96, -3.326441,    4, 1.00,    2, 0.000, 0.000, 0.100, 19
train,    97, 3.603170,   10, 1.00,    5, 0.000, 0.000, 0.100, 19
train,    98, 9.197952,   14, 1.00,    3, 0.000, 0.000, 0.100, 19
train,    99, 5.705422,   13, 1.00,    6, 0.000, 0.000, 0.100, 19
val,      99, 14.111874, 0.3750,  12.3750,   0.0000
train,    100, 19.103449,   15, 0.00,    5, 0.000, 0.000, 0.100, 19
train,    101, -0.258618,    6, 1.00,    1, 0.000, 0.000, 0.100, 19
train,    102, 0.228870,    6, 1.00,    1, 0.000, 0.000, 0.100, 19
train,    103, 4.426924,    9, 1.00,    2, 0.000, 0.000, 0.100, 19
train,    104, 16.736766,   15, 0.00,    8, 0.000, 0.000, 0.100, 19
train,    105, -2.390326,    5, 1.00,    3, 0.000, 0.000, 0.100, 19
train,    106, 17.753693,   14, 0.00,    6, 0.000, 0.000, 0.100, 19
train,    107, -0.852311,    7, 1.00,    3, 0.000, 0.000, 0.100, 19
train,    108, 2.089741,    8, 1.00,    3, 0.000, 0.000, 0.100, 19
train,    109, 6.176426,   12, 1.00,    5, 0.000, 0.000, 0.100, 19
train,    110, 18.567665,   15, 0.00,    5, 0.000, 0.000, 0.100, 19
train,    111, 1.101191,    7, 1.00,    1, 0.000, 0.000, 0.100, 19
train,    112, 18.582439,   16, 0.00,    6, 0.000, 0.000, 0.100, 19
update,   112,    2,  513, 1.761877, -0.000000
train,    113, 3.524089,    9, 1.00,    3, 0.000, 0.000, 0.100, 19
train,    114, 2.143204,   10, 1.00,    5, 0.000, 0.000, 0.100, 19
train,    115, 18.850668,   17, 0.00,    7, 0.000, 0.000, 0.100, 19
train,    116, 4.558957,   10, 1.00,    3, 0.000, 0.000, 0.100, 19
train,    117, -2.524352,    5, 1.00,    2, 0.000, 0.000, 0.100, 19
train,    118, -2.269356,    5, 1.00,    2, 0.000, 0.000, 0.100, 19
train,    119, 19.183212,   15, 0.00,    4, 0.000, 0.000, 0.100, 19
