init,     2026-04-09 13:35:39.201602
arguments,Namespace(PPO_epochs=4, adv_norm=1, alg='ppo', cuda=0, curriculum_clean_ratio=1.0, curriculum_entropy_decay=0.85, curriculum_mode='adaptive', curriculum_noise_step=0.0, curriculum_patience=1, entropy=0.8, entropy_min=0.05, eps_clip=0.15, gae_lambda=0.97, gamma=0.995, grad_clip=0.5, gymip_train_xml='inverted_pendulum_ChangeThk_0.050000.xml', hid_group_num=8, hid_group_size=8, hidden_num=64, ignore_checkpoint=True, lane_profile='auto', lr=0.0005, max_noise=0.0, mini_batch_size=128, model='rwtaspk', monitor_time=False, optimizer='rmsprop', rep=11, response_window=40, reward_scale=1.0, road_scenario='merge', rollout_steps=512, rwta_del_connection='none', seed=33, snn_num_steps=15, task='gymip', thread=1, traffic_level='standard', train_num=3000, warm_start_kind='none', warm_start_prefix='')
seed,     33
model_dir,/root/autodl-tmp/SVPG2023/LANE/training_runs/ours/merge/models
log_dir,  /root/autodl-tmp/SVPG2023/LANE/training_runs/ours/merge/logs
profile,  lane auto-stabilize: lr->0.0005, gamma->0.995, PPO_epochs->4, eps_clip->0.15, rollout_steps->512, mini_batch_size->128, gae_lambda->0.97, grad_clip->0.5, curriculum_clean_ratio->0.8, max_noise->0.08, curriculum_noise_step->0.02, entropy_min->0.05, curriculum_clean_ratio->1.0, max_noise->0.0, curriculum_noise_step->0.0, curriculum_patience->1, curriculum_entropy_decay->0.85, train_num->3000
train,    1, -64.372576,   11, 1.00,    5, 0.000, 0.000, 0.800,  8
train,    2, -66.069805,   10, 1.00,    3, 0.000, 0.000, 0.800,  8
train,    3, -65.746838,   10, 1.00,    3, 0.000, 0.000, 0.800,  8
train,    4, -61.087713,   10, 1.00,    6, 0.000, 0.000, 0.800,  8
train,    5, -60.610534,   11, 1.00,    4, 0.000, 0.000, 0.800,  8
train,    6, -84.805573,   12, 1.00,    1, 0.000, 0.000, 0.800,  8
train,    7, -55.771264,   14, 1.00,    2, 0.000, 0.000, 0.800,  8
train,    8, -66.612978,   10, 1.00,    4, 0.000, 0.000, 0.800,  8
train,    9, -66.265638,   10, 1.00,    3, 0.000, 0.000, 0.800,  8
val_save, 9, -56.095797, 1.0000,   8.0000,   8.0000, 0.0000,  28.5743
val,      9, -56.095797, 1.0000,   8.0000,   8.0000, 0.0000,  28.5743
curriculum,noise_cap 0.0000 -> 0.0000, entropy 0.8000 -> 0.6800
train,    10, -55.833707,   10, 1.00,    6, 0.000, 0.000, 0.680,  8
train,    11, 30.946631,   12, 0.00,    5, 0.000, 0.000, 0.680,  8
train,    12, -57.673501,    9, 1.00,    3, 0.000, 0.000, 0.680,  8
train,    13, -62.661582,   11, 1.00,    5, 0.000, 0.000, 0.680,  8
train,    14, 23.778916,   16, 0.00,    9, 0.000, 0.000, 0.680,  8
train,    15, -54.584724,    8, 1.00,    3, 0.000, 0.000, 0.680,  8
train,    16, -66.235351,   10, 1.00,    4, 0.000, 0.000, 0.680,  8
train,    17, -76.822327,   12, 1.00,    2, 0.000, 0.000, 0.680,  8
train,    18, -91.016103,   13, 1.00,    5, 0.000, 0.000, 0.680,  8
train,    19, -60.633157,   10, 1.00,    3, 0.000, 0.000, 0.680,  8
val,      19, -56.156422, 1.0000,   8.0000,   8.0000, 0.0000,  28.5743
train,    20, -63.947537,   11, 1.00,    7, 0.000, 0.000, 0.680,  8
train,    21, -75.234161,   13, 1.00,    3, 0.000, 0.000, 0.680,  8
train,    22, -54.410436,    8, 1.00,    2, 0.000, 0.000, 0.680,  8
train,    23, -59.870409,   10, 1.00,    2, 0.000, 0.000, 0.680,  8
train,    24, -54.468130,    8, 1.00,    3, 0.000, 0.000, 0.680,  8
train,    25, -58.570918,   11, 1.00,    4, 0.000, 0.000, 0.680,  8
train,    26, -65.605316,   10, 1.00,    1, 0.000, 0.000, 0.680,  8
train,    27, -56.822338,    9, 1.00,    4, 0.000, 0.000, 0.680,  8
train,    28, -70.422598,   13, 1.00,    4, 0.000, 0.000, 0.680,  8
train,    29, -69.550273,   13, 1.00,    2, 0.000, 0.000, 0.680,  8
val_save, 29, -56.048532, 1.0000,   8.0000,   8.0000, 0.0000,  28.5743
val,      29, -56.048532, 1.0000,   8.0000,   8.0000, 0.0000,  28.5743
curriculum,noise_cap 0.0000 -> 0.0000, entropy 0.6800 -> 0.5780
train,    30, -74.041432,   11, 1.00,    4, 0.000, 0.000, 0.578,  8
train,    31, -61.741370,   10, 1.00,    6, 0.000, 0.000, 0.578,  8
train,    32, -66.669745,   10, 1.00,    5, 0.000, 0.000, 0.578,  8
train,    33, -59.676046,    9, 1.00,    7, 0.000, 0.000, 0.578,  8
train,    34, 30.321123,   14, 0.00,    5, 0.000, 0.000, 0.578,  8
train,    35, -67.134226,   10, 1.00,    7, 0.000, 0.000, 0.578,  8
train,    36, -82.011103,   12, 1.00,    5, 0.000, 0.000, 0.578,  8
train,    37, -62.300558,   11, 1.00,    8, 0.000, 0.000, 0.578,  8
train,    38, -73.740356,   11, 1.00,    3, 0.000, 0.000, 0.578,  8
train,    39, -55.526483,   10, 1.00,    4, 0.000, 0.000, 0.578,  8
val,      39, -56.134440, 1.0000,   8.0000,   8.0000, 0.0000,  28.5743
train,    40, -61.097113,   10, 1.00,    5, 0.000, 0.000, 0.578,  8
train,    41, -73.755677,   11, 1.00,    3, 0.000, 0.000, 0.578,  8
train,    42, -85.536038,   12, 1.00,    4, 0.000, 0.000, 0.578,  8
train,    43, -58.129259,   12, 1.00,    6, 0.000, 0.000, 0.578,  8
train,    44, -64.400638,   10, 1.00,    4, 0.000, 0.000, 0.578,  8
train,    45, -61.562045,   10, 1.00,    6, 0.000, 0.000, 0.578,  8
train,    46, -61.244652,   10, 1.00,    3, 0.000, 0.000, 0.578,  8
train,    47, -86.771385,   12, 1.00,    3, 0.000, 0.000, 0.578,  8
train,    48, -73.151262,   11, 1.00,    4, 0.000, 0.000, 0.578,  8
update,   48,    1,  521, -46.604141, -0.000000
train,    49, 32.685687,   14, 0.00,    7, 0.000, 0.000, 0.578,  8
val,      49, -60.148836, 1.0000,  10.0000,   0.0000, 0.0000,  28.4887
train,    50, -64.473744,   10, 1.00,    5, 0.000, 0.000, 0.578,  8
train,    51, -65.450396,   10, 1.00,    3, 0.000, 0.000, 0.578,  8
train,    52, -66.612850,   10, 1.00,    5, 0.000, 0.000, 0.578,  8
train,    53, -53.623490,    8, 1.00,    1, 0.000, 0.000, 0.578,  8
train,    54, 30.142669,   12, 0.00,    7, 0.000, 0.000, 0.578,  8
train,    55, -66.873879,   10, 1.00,    5, 0.000, 0.000, 0.578,  8
train,    56, -92.730158,   14, 1.00,    6, 0.000, 0.000, 0.578,  8
train,    57, -64.606843,   11, 1.00,    3, 0.000, 0.000, 0.578,  8
train,    58, -72.362568,   11, 1.00,    3, 0.000, 0.000, 0.578,  8
train,    59, -75.441435,   11, 1.00,    3, 0.000, 0.000, 0.578,  8
val,      59, -60.117250, 1.0000,  10.0000,   0.0000, 0.0000,  28.4887
train,    60, -58.753396,   10, 1.00,    2, 0.000, 0.000, 0.578,  8
train,    61, -59.883199,   10, 1.00,    5, 0.000, 0.000, 0.578,  8
train,    62, 25.086570,   16, 0.00,    5, 0.000, 0.000, 0.578,  8
train,    63, -65.171111,   10, 1.00,    5, 0.000, 0.000, 0.578,  8
train,    64, -57.001745,    9, 1.00,    5, 0.000, 0.000, 0.578,  8
train,    65, -59.071047,   11, 1.00,    6, 0.000, 0.000, 0.578,  8
train,    66, -80.133757,   12, 1.00,    5, 0.000, 0.000, 0.578,  8
train,    67, 35.107554,   15, 0.00,    7, 0.000, 0.000, 0.578,  8
train,    68, 7.843134,   16, 0.00,    4, 0.000, 0.000, 0.578,  8
train,    69, -57.460995,   10, 1.00,    5, 0.000, 0.000, 0.578,  8
val,      69, -60.100701, 1.0000,  10.0000,   0.0000, 0.0000,  28.4887
train,    70, -70.632951,   14, 1.00,    5, 0.000, 0.000, 0.578,  8
train,    71, -63.095948,   14, 1.00,    6, 0.000, 0.000, 0.578,  8
train,    72, 25.610204,   13, 0.00,    6, 0.000, 0.000, 0.578,  8
train,    73, -56.299153,   10, 1.00,    6, 0.000, 0.000, 0.578,  8
train,    74, -66.823490,   10, 1.00,    6, 0.000, 0.000, 0.578,  8
train,    75, -80.212691,   12, 1.00,    7, 0.000, 0.000, 0.578,  8
train,    76, -74.918473,   11, 1.00,    4, 0.000, 0.000, 0.578,  8
train,    77, -61.367444,   10, 1.00,    4, 0.000, 0.000, 0.578,  8
train,    78, -58.293101,   14, 1.00,    5, 0.000, 0.000, 0.578,  8
train,    79, -57.820824,   11, 1.00,    4, 0.000, 0.000, 0.578,  8
val,      79, -60.183750, 1.0000,  10.0000,   0.0000, 0.0000,  28.4887
train,    80, -70.735290,   12, 1.00,    4, 0.000, 0.000, 0.578,  8
train,    81, -54.716946,    8, 1.00,    4, 0.000, 0.000, 0.578,  8
train,    82, -66.879618,   10, 1.00,    6, 0.000, 0.000, 0.578,  8
train,    83, -92.475629,   14, 1.00,    4, 0.000, 0.000, 0.578,  8
train,    84, -79.332136,   12, 1.00,    6, 0.000, 0.000, 0.578,  8
train,    85, -66.410742,   10, 1.00,    5, 0.000, 0.000, 0.578,  8
train,    86, -61.391273,    9, 1.00,    6, 0.000, 0.000, 0.578,  8
train,    87, -57.385238,   12, 1.00,    7, 0.000, 0.000, 0.578,  8
train,    88, -74.083315,   12, 1.00,    4, 0.000, 0.000, 0.578,  8
train,    89, -71.554096,   13, 1.00,    1, 0.000, 0.000, 0.578,  8
val,      89, -60.160726, 1.0000,  10.0000,   0.0000, 0.0000,  28.4887
train,    90, -85.400170,   12, 1.00,    2, 0.000, 0.000, 0.578,  8
train,    91, -60.963539,   10, 1.00,    4, 0.000, 0.000, 0.578,  8
train,    92, -63.478926,   12, 1.00,    4, 0.000, 0.000, 0.578,  8
train,    93, -73.632761,   13, 1.00,    7, 0.000, 0.000, 0.578,  8
update,   93,    2,  518, -40.398277, 0.000000
train,    94, -66.446135,   10, 1.00,    4, 0.000, 0.000, 0.578,  8
train,    95, -55.393014,   14, 1.00,    9, 0.000, 0.000, 0.578,  8
train,    96, -58.646257,   10, 1.00,    8, 0.000, 0.000, 0.578,  8
train,    97, -61.555231,   10, 1.00,    5, 0.000, 0.000, 0.578,  8
train,    98, -62.283867,   13, 1.00,    6, 0.000, 0.000, 0.578,  8
train,    99, 41.093422,   17, 0.00,    8, 0.000, 0.000, 0.578,  8
val,      99, -56.074682, 1.0000,   8.0000,   8.0000, 0.0000,  28.5743
train,    100, 25.624354,   15, 0.00,    6, 0.000, 0.000, 0.578,  8
train,    101, -58.565701,    9, 1.00,    6, 0.000, 0.000, 0.578,  8
train,    102, -54.618107,    8, 1.00,    3, 0.000, 0.000, 0.578,  8
train,    103, -73.088390,   11, 1.00,    5, 0.000, 0.000, 0.578,  8
train,    104, -51.724685,   13, 1.00,    2, 0.000, 0.000, 0.578,  8
train,    105, 13.857222,   16, 0.00,    6, 0.000, 0.000, 0.578,  8
train,    106, -66.325300,   10, 1.00,    4, 0.000, 0.000, 0.578,  8
train,    107, -55.089287,    8, 1.00,    5, 0.000, 0.000, 0.578,  8
train,    108, -4.741182,   12, 0.00,    7, 0.000, 0.000, 0.578,  8
train,    109, -64.309167,   10, 1.00,    3, 0.000, 0.000, 0.578,  8
val,      109, -56.113027, 1.0000,   8.0000,   8.0000, 0.0000,  28.5743
train,    110, -61.034685,   10, 1.00,    4, 0.000, 0.000, 0.578,  8
train,    111, -75.153377,   11, 1.00,    3, 0.000, 0.000, 0.578,  8
train,    112, -60.350114,   10, 1.00,    6, 0.000, 0.000, 0.578,  8
train,    113, -71.895194,   11, 1.00,    6, 0.000, 0.000, 0.578,  8
train,    114, -66.598589,   10, 1.00,    5, 0.000, 0.000, 0.578,  8
train,    115, -56.014058,   10, 1.00,    5, 0.000, 0.000, 0.578,  8
train,    116, -88.290599,   12, 1.00,    4, 0.000, 0.000, 0.578,  8
train,    117, -75.616135,   12, 1.00,    3, 0.000, 0.000, 0.578,  8
train,    118, 29.890698,   12, 0.00,    8, 0.000, 0.000, 0.578,  8
train,    119, -56.856042,    9, 1.00,    3, 0.000, 0.000, 0.578,  8
val,      119, -56.063333, 1.0000,   8.0000,   8.0000, 0.0000,  28.5743
train,    120, -79.131448,   12, 1.00,    2, 0.000, 0.000, 0.578,  8
train,    121, -61.421963,   10, 1.00,    5, 0.000, 0.000, 0.578,  8
train,    122, -73.624541,   11, 1.00,    5, 0.000, 0.000, 0.578,  8
train,    123, -62.504961,   11, 1.00,    6, 0.000, 0.000, 0.578,  8
train,    124, -1.818934,   17, 0.00,    9, 0.000, 0.000, 0.578,  8
train,    125, 28.734272,   15, 0.00,    5, 0.000, 0.000, 0.578,  8
train,    126, -60.594174,   10, 1.00,    6, 0.000, 0.000, 0.578,  8
train,    127, -59.382175,   10, 1.00,    4, 0.000, 0.000, 0.578,  8
train,    128, -57.714091,    9, 1.00,    4, 0.000, 0.000, 0.578,  8
train,    129, -55.797738,    8, 1.00,    6, 0.000, 0.000, 0.578,  8
val,      129, -56.144507, 1.0000,   8.0000,   8.0000, 0.0000,  28.5743
train,    130, -67.058678,   10, 1.00,    5, 0.000, 0.000, 0.578,  8
train,    131, -58.847758,   11, 1.00,    6, 0.000, 0.000, 0.578,  8
train,    132, -72.925598,   13, 1.00,    5, 0.000, 0.000, 0.578,  8
train,    133, -54.975832,    8, 1.00,    4, 0.000, 0.000, 0.578,  8
train,    134, -72.987634,   11, 1.00,    4, 0.000, 0.000, 0.578,  8
train,    135, 18.872085,   14, 0.00,    9, 0.000, 0.000, 0.578,  8
train,    136, -60.600020,   10, 1.00,    3, 0.000, 0.000, 0.578,  8
train,    137, -66.441039,   10, 1.00,    4, 0.000, 0.000, 0.578,  8
train,    138, -65.507922,   10, 1.00,    1, 0.000, 0.000, 0.578,  8
train,    139, -73.093622,   11, 1.00,    3, 0.000, 0.000, 0.578,  8
update,   139,    3,  514, -35.440304, 0.000000
val,      139, -56.109826, 1.0000,   8.0000,   8.0000, 0.0000,  28.5743
train,    140, -58.970714,   14, 1.00,    8, 0.000, 0.000, 0.578,  8
train,    141, 30.747958,   12, 0.00,    6, 0.000, 0.000, 0.578,  8
train,    142, 19.641020,   16, 0.00,    7, 0.000, 0.000, 0.578,  8
train,    143, -58.743360,   12, 1.00,    9, 0.000, 0.000, 0.578,  8
train,    144, -58.906166,    9, 1.00,    6, 0.000, 0.000, 0.578,  8
train,    145, -55.947908,    9, 1.00,    3, 0.000, 0.000, 0.578,  8
train,    146, -61.356205,   11, 1.00,    5, 0.000, 0.000, 0.578,  8
train,    147, -58.734637,   10, 1.00,    4, 0.000, 0.000, 0.578,  8
train,    148, -58.526161,    9, 1.00,    6, 0.000, 0.000, 0.578,  8
train,    149, -58.582730,    9, 1.00,    5, 0.000, 0.000, 0.578,  8
val,      149, -56.135184, 1.0000,   8.0000,   8.0000, 0.0000,  28.5743
train,    150, -60.050336,   10, 1.00,    6, 0.000, 0.000, 0.578,  8
train,    151, -64.647744,   10, 1.00,    4, 0.000, 0.000, 0.578,  8
train,    152, -56.722804,   10, 1.00,    2, 0.000, 0.000, 0.578,  8
train,    153, -62.494135,   10, 1.00,    8, 0.000, 0.000, 0.578,  8
train,    154, -88.759024,   13, 1.00,    5, 0.000, 0.000, 0.578,  8
train,    155, -70.631890,   12, 1.00,    5, 0.000, 0.000, 0.578,  8
train,    156, -58.049514,    9, 1.00,    5, 0.000, 0.000, 0.578,  8
train,    157, -58.902662,    9, 1.00,    6, 0.000, 0.000, 0.578,  8
train,    158, -61.400086,   10, 1.00,    5, 0.000, 0.000, 0.578,  8
train,    159, -72.663028,   11, 1.00,    6, 0.000, 0.000, 0.578,  8
val_save, 159, -56.034764, 1.0000,   8.0000,   8.0000, 0.0000,  28.5743
val,      159, -56.034764, 1.0000,   8.0000,   8.0000, 0.0000,  28.5743
curriculum,noise_cap 0.0000 -> 0.0000, entropy 0.5780 -> 0.4913
train,    160, 24.863519,   13, 0.00,    4, 0.000, 0.000, 0.491,  8
train,    161, 45.696054,   14, 0.00,    8, 0.000, 0.000, 0.491,  8
train,    162, -54.783609,    8, 1.00,    4, 0.000, 0.000, 0.491,  8
train,    163, -58.243621,    9, 1.00,    5, 0.000, 0.000, 0.491,  8
train,    164, -56.696973,   10, 1.00,    6, 0.000, 0.000, 0.491,  8
train,    165, -62.997244,   11, 1.00,    4, 0.000, 0.000, 0.491,  8
train,    166, 20.389412,   14, 0.00,    6, 0.000, 0.000, 0.491,  8
train,    167, -57.917846,    9, 1.00,    4, 0.000, 0.000, 0.491,  8
train,    168, -80.666147,   14, 1.00,    4, 0.000, 0.000, 0.491,  8
train,    169, 21.649695,   14, 0.00,    4, 0.000, 0.000, 0.491,  8
val,      169, -56.078576, 1.0000,   8.0000,   8.0000, 0.0000,  28.5743
train,    170, -55.718475,    8, 1.00,    6, 0.000, 0.000, 0.491,  8
train,    171, -66.119706,   10, 1.00,    3, 0.000, 0.000, 0.491,  8
train,    172, -65.033884,   10, 1.00,    5, 0.000, 0.000, 0.491,  8
train,    173, 20.527523,   14, 0.00,    5, 0.000, 0.000, 0.491,  8
train,    174, -60.777625,   11, 1.00,    7, 0.000, 0.000, 0.491,  8
train,    175, -61.817768,   10, 1.00,    4, 0.000, 0.000, 0.491,  8
train,    176, -62.261096,   10, 1.00,    7, 0.000, 0.000, 0.491,  8
train,    177, 18.680878,   17, 0.00,    5, 0.000, 0.000, 0.491,  8
train,    178, -60.481553,   10, 1.00,    6, 0.000, 0.000, 0.491,  8
train,    179, -78.551613,   12, 1.00,    3, 0.000, 0.000, 0.491,  8
val,      179, -56.038109, 1.0000,   8.0000,   8.0000, 0.0000,  28.5423
train,    180, -57.296360,   10, 1.00,    6, 0.000, 0.000, 0.491,  8
train,    181, -72.472054,   11, 1.00,    6, 0.000, 0.000, 0.491,  8
train,    182, -72.565094,   13, 1.00,    3, 0.000, 0.000, 0.491,  8
train,    183, -63.709893,   13, 1.00,    5, 0.000, 0.000, 0.491,  8
train,    184, -63.940070,   12, 1.00,    5, 0.000, 0.000, 0.491,  8
train,    185, -6.313796,   12, 0.00,    8, 0.000, 0.000, 0.491,  8
update,   185,    4,  514, -33.426308, -0.000000
train,    186, -60.031019,   10, 1.00,    6, 0.000, 0.000, 0.491,  8
train,    187, -57.010613,   11, 1.00,    6, 0.000, 0.000, 0.491,  8
train,    188, -58.904412,   10, 1.00,    3, 0.000, 0.000, 0.491,  8
train,    189, -73.752360,   11, 1.00,    3, 0.000, 0.000, 0.491,  8
val,      189, -56.079777, 1.0000,   8.0000,   8.0000, 0.0000,  28.5743
train,    190, -92.491191,   14, 1.00,    5, 0.000, 0.000, 0.491,  8
train,    191, -78.633401,   13, 1.00,    5, 0.000, 0.000, 0.491,  8
train,    192, -56.125004,   10, 1.00,    5, 0.000, 0.000, 0.491,  8
train,    193, -63.126186,   11, 1.00,    5, 0.000, 0.000, 0.491,  8
train,    194, -55.380589,    8, 1.00,    4, 0.000, 0.000, 0.491,  8
train,    195, -85.049840,   13, 1.00,    2, 0.000, 0.000, 0.491,  8
train,    196, -75.980182,   11, 1.00,    5, 0.000, 0.000, 0.491,  8
train,    197, -61.294403,   12, 1.00,    6, 0.000, 0.000, 0.491,  8
train,    198, 29.193308,   12, 0.00,    7, 0.000, 0.000, 0.491,  8
train,    199, 20.135351,   16, 0.00,    6, 0.000, 0.000, 0.491,  8
val,      199, -56.122564, 1.0000,   8.0000,   8.0000, 0.0000,  28.5743
train,    200, -67.140504,   13, 1.00,    7, 0.000, 0.000, 0.491,  8
train,    201, -61.985349,   10, 1.00,    6, 0.000, 0.000, 0.491,  8
train,    202, -75.597122,   12, 1.00,    6, 0.000, 0.000, 0.491,  8
train,    203, 29.249143,   14, 0.00,    6, 0.000, 0.000, 0.491,  8
train,    204, 24.527191,   16, 0.00,    5, 0.000, 0.000, 0.491,  8
train,    205, -53.912986,   13, 1.00,    7, 0.000, 0.000, 0.491,  8
train,    206, -59.699756,   14, 1.00,    7, 0.000, 0.000, 0.491,  8
train,    207, -60.217520,   10, 1.00,    5, 0.000, 0.000, 0.491,  8
train,    208, -66.115389,   10, 1.00,    4, 0.000, 0.000, 0.491,  8
train,    209, -54.868121,    8, 1.00,    3, 0.000, 0.000, 0.491,  8
val,      209, -56.177978, 1.0000,   8.0000,   8.0000, 0.0000,  28.5423
train,    210, -59.132115,   14, 1.00,    6, 0.000, 0.000, 0.491,  8
train,    211, -85.084787,   12, 1.00,    6, 0.000, 0.000, 0.491,  8
train,    212, -65.907783,   10, 1.00,    4, 0.000, 0.000, 0.491,  8
train,    213, -66.071699,   10, 1.00,    3, 0.000, 0.000, 0.491,  8
train,    214, -4.934924,   12, 0.00,    4, 0.000, 0.000, 0.491,  8
train,    215, -73.137982,   11, 1.00,    3, 0.000, 0.000, 0.491,  8
train,    216, -61.085831,   12, 1.00,    4, 0.000, 0.000, 0.491,  8
train,    217, -57.684459,   11, 1.00,    4, 0.000, 0.000, 0.491,  8
train,    218, -55.823994,    9, 1.00,    3, 0.000, 0.000, 0.491,  8
train,    219, -55.347825,    8, 1.00,    6, 0.000, 0.000, 0.491,  8
val,      219, -56.139527, 1.0000,   8.0000,   8.0000, 0.0000,  28.5743
train,    220, 22.195331,   14, 0.00,    6, 0.000, 0.000, 0.491,  8
train,    221, -5.725201,   12, 0.00,    6, 0.000, 0.000, 0.491,  8
train,    222, -5.632181,   12, 0.00,    6, 0.000, 0.000, 0.491,  8
train,    223, -56.646141,   10, 1.00,    6, 0.000, 0.000, 0.491,  8
train,    224, -65.357682,   10, 1.00,    6, 0.000, 0.000, 0.491,  8
train,    225, -83.015561,   12, 1.00,    3, 0.000, 0.000, 0.491,  8
train,    226, -66.366057,   10, 1.00,    4, 0.000, 0.000, 0.491,  8
train,    227, -82.194551,   13, 1.00,    5, 0.000, 0.000, 0.491,  8
train,    228, -55.475103,    8, 1.00,    5, 0.000, 0.000, 0.491,  8
train,    229, -55.164819,   13, 1.00,    4, 0.000, 0.000, 0.491,  8
val,      229, -56.080059, 1.0000,   8.0000,   8.0000, 0.0000,  28.5743
