init,     2026-03-30 17:01:05.431949
arguments,Namespace(PPO_epochs=4, adv_norm=1, alg='ppo', cuda=0, curriculum_clean_ratio=1.0, curriculum_entropy_decay=0.85, curriculum_mode='adaptive', curriculum_noise_step=0.0, curriculum_patience=1, entropy=0.1, entropy_min=0.05, eps_clip=0.15, gae_lambda=0.97, gamma=0.995, grad_clip=0.5, gymip_train_xml='inverted_pendulum_ChangeThk_0.050000.xml', hid_group_num=8, hid_group_size=8, hidden_num=64, ignore_checkpoint=True, lane_profile='auto', lr=0.0005, max_noise=0.0, mini_batch_size=128, model='rwtaspk', monitor_time=False, optimizer='rmsprop', rep=11, response_window=40, reward_scale=1.0, road_scenario='merge', rollout_steps=512, rwta_del_connection='none', seed=18, snn_num_steps=15, task='gymip', thread=2, traffic_level='standard', train_num=4000)
seed,     18
model_dir,/root/autodl-tmp/SVPG2023/LANE/log_model/merge
profile,  lane auto-stabilize: lr->0.0005, gamma->0.995, PPO_epochs->4, eps_clip->0.15, rollout_steps->512, mini_batch_size->128, gae_lambda->0.97, grad_clip->0.5, curriculum_clean_ratio->0.8, max_noise->0.08, curriculum_noise_step->0.02, entropy_min->0.05, curriculum_clean_ratio->1.0, max_noise->0.0, curriculum_noise_step->0.0, curriculum_patience->1, curriculum_entropy_decay->0.85
train,    1, 7.143242,   13, 1.00,    5, 0.000, 0.000, 0.100,  8
train,    2, 2.558852,   10, 1.00,    7, 0.000, 0.000, 0.100,  8
train,    3, 30.000889,   13, 0.00,    7, 0.000, 0.000, 0.100,  8
train,    4, 0.577300,    8, 1.00,    3, 0.000, 0.000, 0.100,  8
train,    5, 3.221146,   10, 1.00,    5, 0.000, 0.000, 0.100,  8
train,    6, 2.235452,   10, 1.00,    4, 0.000, 0.000, 0.100,  8
train,    7, 5.108455,   12, 1.00,    3, 0.000, 0.000, 0.100,  8
train,    8, 1.498454,    9, 1.00,    7, 0.000, 0.000, 0.100,  8
train,    9, 5.726760,   13, 1.00,    3, 0.000, 0.000, 0.100,  8
val_save, 9, -0.592620, 1.0000,   8.0000,   8.0000, 0.0000,  28.5279
val,      9, -0.592620, 1.0000,   8.0000,   8.0000, 0.0000,  28.5279
curriculum,noise_cap 0.0000 -> 0.0000, entropy 0.1000 -> 0.0850
train,    10, 6.216718,   11, 1.00,    3, 0.000, 0.000, 0.085,  8
train,    11, 3.065816,   11, 1.00,    3, 0.000, 0.000, 0.085,  8
train,    12, 2.512224,   11, 1.00,    6, 0.000, 0.000, 0.085,  8
train,    13, 4.088290,   10, 1.00,    3, 0.000, 0.000, 0.085,  8
train,    14, 0.172714,    8, 1.00,    5, 0.000, 0.000, 0.085,  8
train,    15, 4.145388,   11, 1.00,    4, 0.000, 0.000, 0.085,  8
train,    16, 5.161339,   10, 1.00,    5, 0.000, 0.000, 0.085,  8
train,    17, 4.646579,   12, 1.00,    4, 0.000, 0.000, 0.085,  8
train,    18, 2.492250,   10, 1.00,    5, 0.000, 0.000, 0.085,  8
train,    19, 1.908258,   11, 1.00,    8, 0.000, 0.000, 0.085,  8
val,      19, -0.480308, 1.0000,   8.0000,   8.0000, 0.0000,  28.4960
train,    20, 1.328557,    8, 1.00,    3, 0.000, 0.000, 0.085,  8
train,    21, 5.613767,   12, 1.00,    7, 0.000, 0.000, 0.085,  8
train,    22, 7.156349,   13, 1.00,    4, 0.000, 0.000, 0.085,  8
train,    23, 2.716031,    8, 1.00,    1, 0.000, 0.000, 0.085,  8
train,    24, 3.753779,   10, 1.00,    4, 0.000, 0.000, 0.085,  8
train,    25, 0.917129,   10, 1.00,    7, 0.000, 0.000, 0.085,  8
train,    26, 4.083464,   11, 1.00,    4, 0.000, 0.000, 0.085,  8
train,    27, 5.242072,   10, 1.00,    2, 0.000, 0.000, 0.085,  8
train,    28, 28.795391,   13, 0.00,    7, 0.000, 0.000, 0.085,  8
train,    29, 2.424878,   10, 1.00,    2, 0.000, 0.000, 0.085,  8
val_save, 29, -0.548017, 1.0000,   8.0000,   8.0000, 0.0000,  28.5743
val,      29, -0.548017, 1.0000,   8.0000,   8.0000, 0.0000,  28.5743
curriculum,noise_cap 0.0000 -> 0.0000, entropy 0.0850 -> 0.0723
train,    30, 5.475257,   12, 1.00,    5, 0.000, 0.000, 0.072,  8
train,    31, 4.870255,   11, 1.00,    2, 0.000, 0.000, 0.072,  8
train,    32, 32.581333,   15, 0.00,    8, 0.000, 0.000, 0.072,  8
train,    33, 2.855367,   10, 1.00,    4, 0.000, 0.000, 0.072,  8
train,    34, 5.805936,   12, 1.00,    4, 0.000, 0.000, 0.072,  8
train,    35, 4.550819,   11, 1.00,    1, 0.000, 0.000, 0.072,  8
train,    36, 3.779007,   10, 1.00,    5, 0.000, 0.000, 0.072,  8
train,    37, 3.414823,   10, 1.00,    0, 0.000, 0.000, 0.072,  8
train,    38, 3.764034,   10, 1.00,    4, 0.000, 0.000, 0.072,  8
train,    39, 6.826119,   12, 1.00,    3, 0.000, 0.000, 0.072,  8
val,      39, -0.632649, 1.0000,   8.0000,   8.0000, 0.0000,  28.5279
train,    40, 1.082346,   10, 1.00,    6, 0.000, 0.000, 0.072,  8
train,    41, 3.148158,   10, 1.00,    6, 0.000, 0.000, 0.072,  8
train,    42, 4.650000,   11, 1.00,    3, 0.000, 0.000, 0.072,  8
train,    43, 2.826179,   10, 1.00,    3, 0.000, 0.000, 0.072,  8
train,    44, 3.378231,   13, 1.00,    4, 0.000, 0.000, 0.072,  8
train,    45, 2.506028,   10, 1.00,    6, 0.000, 0.000, 0.072,  8
train,    46, 4.072328,   12, 1.00,    3, 0.000, 0.000, 0.072,  8
train,    47, 5.305841,   13, 1.00,    4, 0.000, 0.000, 0.072,  8
train,    48, 7.569052,   12, 1.00,    2, 0.000, 0.000, 0.072,  8
update,   48,    1,  522, -1.066516, -0.000000
train,    49, 6.043481,   11, 1.00,    2, 0.000, 0.000, 0.072,  8
val,      49, 6.852746, 1.0000,  14.0000,   0.0000, 0.0000,  19.5304
train,    50, 1.576138,    8, 1.00,    3, 0.000, 0.000, 0.072,  8
train,    51, 5.141291,   13, 1.00,    4, 0.000, 0.000, 0.072,  8
train,    52, 5.344972,   11, 1.00,    2, 0.000, 0.000, 0.072,  8
train,    53, 4.642849,   12, 1.00,    8, 0.000, 0.000, 0.072,  8
train,    54, 3.665563,   11, 1.00,    5, 0.000, 0.000, 0.072,  8
train,    55, 17.258466,   12, 0.00,    6, 0.000, 0.000, 0.072,  8
train,    56, 32.200319,   16, 0.00,    7, 0.000, 0.000, 0.072,  8
train,    57, 5.105502,   13, 1.00,    3, 0.000, 0.000, 0.072,  8
train,    58, 2.535131,   10, 1.00,    5, 0.000, 0.000, 0.072,  8
train,    59, 0.602861,   11, 1.00,    7, 0.000, 0.000, 0.072,  8
val,      59, 8.059991, 1.0000,  14.0000,   0.0000, 0.0000,  19.7144
train,    60, 0.375557,    8, 1.00,    6, 0.000, 0.000, 0.072,  8
train,    61, 0.626788,    8, 1.00,    5, 0.000, 0.000, 0.072,  8
train,    62, 34.017525,   15, 0.00,    8, 0.000, 0.000, 0.072,  8
train,    63, 0.104023,    8, 1.00,    6, 0.000, 0.000, 0.072,  8
train,    64, 4.225231,   10, 1.00,    3, 0.000, 0.000, 0.072,  8
train,    65, 2.165100,   10, 1.00,    6, 0.000, 0.000, 0.072,  8
train,    66, 2.789936,   12, 1.00,    6, 0.000, 0.000, 0.072,  8
train,    67, 1.633206,   10, 1.00,    5, 0.000, 0.000, 0.072,  8
train,    68, 5.072146,   12, 1.00,    3, 0.000, 0.000, 0.072,  8
train,    69, 3.043859,   10, 1.00,    5, 0.000, 0.000, 0.072,  8
val,      69, 7.116466, 1.0000,  14.0000,   0.0000, 0.0000,  19.5764
train,    70, 33.578247,   13, 0.00,    3, 0.000, 0.000, 0.072,  8
train,    71, 4.454445,   12, 1.00,    4, 0.000, 0.000, 0.072,  8
train,    72, 5.946470,   13, 1.00,    3, 0.000, 0.000, 0.072,  8
train,    73, 3.682388,   11, 1.00,    3, 0.000, 0.000, 0.072,  8
train,    74, 35.533111,   16, 0.00,    5, 0.000, 0.000, 0.072,  8
train,    75, 7.844064,   13, 1.00,    4, 0.000, 0.000, 0.072,  8
train,    76, 3.314338,   12, 1.00,    3, 0.000, 0.000, 0.072,  8
train,    77, 4.616253,   12, 1.00,    4, 0.000, 0.000, 0.072,  8
train,    78, 6.299379,   12, 1.00,    0, 0.000, 0.000, 0.072,  8
train,    79, 4.017622,   10, 1.00,    4, 0.000, 0.000, 0.072,  8
val,      79, 6.490422, 1.0000,  14.0000,   0.0000, 0.0000,  19.5304
train,    80, 2.952113,    8, 1.00,    2, 0.000, 0.000, 0.072,  8
train,    81, 6.571490,   13, 1.00,    4, 0.000, 0.000, 0.072,  8
train,    82, 3.850381,   13, 1.00,    6, 0.000, 0.000, 0.072,  8
train,    83, 29.567143,   13, 0.00,    8, 0.000, 0.000, 0.072,  8
train,    84, 4.728796,   11, 1.00,    4, 0.000, 0.000, 0.072,  8
train,    85, 2.237451,    8, 1.00,    3, 0.000, 0.000, 0.072,  8
train,    86, 0.635153,   11, 1.00,    5, 0.000, 0.000, 0.072,  8
train,    87, 29.718627,   13, 0.00,    6, 0.000, 0.000, 0.072,  8
train,    88, 1.460076,   11, 1.00,    5, 0.000, 0.000, 0.072,  8
train,    89, 4.553487,   11, 1.00,    5, 0.000, 0.000, 0.072,  8
val,      89, 7.449981, 1.0000,  14.0000,   0.0000, 0.0000,  19.6224
train,    90, 2.625066,   10, 1.00,    5, 0.000, 0.000, 0.072,  8
train,    91, 1.933620,    9, 1.00,    5, 0.000, 0.000, 0.072,  8
train,    92, 2.436094,   11, 1.00,    2, 0.000, 0.000, 0.072,  8
train,    93, 6.944468,   12, 1.00,    0, 0.000, 0.000, 0.072,  8
train,    94, 3.082276,   12, 1.00,    4, 0.000, 0.000, 0.072,  8
update,   94,    2,  521, 0.995158, 0.000000
train,    95, 4.438925,   12, 1.00,    4, 0.000, 0.000, 0.072,  8
train,    96, 6.297649,   12, 1.00,    3, 0.000, 0.000, 0.072,  8
train,    97, 34.786919,   14, 0.00,    1, 0.000, 0.000, 0.072,  8
train,    98, 4.325161,   11, 1.00,    5, 0.000, 0.000, 0.072,  8
train,    99, 0.126801,   11, 1.00,    8, 0.000, 0.000, 0.072,  8
val,      99, 7.747832, 1.0000,  14.0000,   0.0000, 0.0000,  19.6224
train,    100, 2.240013,   10, 1.00,    4, 0.000, 0.000, 0.072,  8
train,    101, 2.966395,   10, 1.00,    5, 0.000, 0.000, 0.072,  8
train,    102, 3.692756,   12, 1.00,    4, 0.000, 0.000, 0.072,  8
train,    103, 10.029510,   15, 1.00,    7, 0.000, 0.000, 0.072,  8
train,    104, 2.493439,   12, 1.00,    4, 0.000, 0.000, 0.072,  8
train,    105, 3.839976,   11, 1.00,    4, 0.000, 0.000, 0.072,  8
train,    106, 4.459208,   10, 1.00,    2, 0.000, 0.000, 0.072,  8
train,    107, 5.661839,   13, 1.00,    0, 0.000, 0.000, 0.072,  8
train,    108, 3.510292,   11, 1.00,    5, 0.000, 0.000, 0.072,  8
train,    109, 4.355597,   11, 1.00,    3, 0.000, 0.000, 0.072,  8
val,      109, 7.832572, 1.0000,  14.0000,   0.0000, 0.0000,  19.6684
train,    110, 34.384445,   16, 0.00,    7, 0.000, 0.000, 0.072,  8
train,    111, 4.133168,   12, 1.00,    6, 0.000, 0.000, 0.072,  8
train,    112, 31.985818,   12, 0.00,    5, 0.000, 0.000, 0.072,  8
train,    113, 8.693522,   14, 1.00,    5, 0.000, 0.000, 0.072,  8
train,    114, 0.101564,    8, 1.00,    4, 0.000, 0.000, 0.072,  8
train,    115, 2.853819,   10, 1.00,    4, 0.000, 0.000, 0.072,  8
train,    116, 4.468991,   10, 1.00,    3, 0.000, 0.000, 0.072,  8
train,    117, 33.987255,   15, 0.00,    4, 0.000, 0.000, 0.072,  8
train,    118, 5.427238,   11, 1.00,    3, 0.000, 0.000, 0.072,  8
train,    119, 7.163840,   13, 1.00,    2, 0.000, 0.000, 0.072,  8
val,      119, 8.054832, 1.0000,  14.0000,   0.0000, 0.0000,  19.7144
train,    120, 8.048231,   13, 1.00,    1, 0.000, 0.000, 0.072,  8
train,    121, 4.092941,   11, 1.00,    4, 0.000, 0.000, 0.072,  8
train,    122, 5.853316,   12, 1.00,    2, 0.000, 0.000, 0.072,  8
train,    123, 2.582052,   10, 1.00,    2, 0.000, 0.000, 0.072,  8
train,    124, 35.854238,   16, 0.00,    3, 0.000, 0.000, 0.072,  8
train,    125, 3.810460,   10, 1.00,    3, 0.000, 0.000, 0.072,  8
