init,     2026-03-30 16:00:04.877463
arguments,Namespace(PPO_epochs=4, adv_norm=1, alg='ppo', cuda=0, curriculum_clean_ratio=1.0, curriculum_entropy_decay=0.85, curriculum_mode='adaptive', curriculum_noise_step=0.0, curriculum_patience=1, entropy=0.1, entropy_min=0.05, eps_clip=0.15, gae_lambda=0.97, gamma=0.995, grad_clip=0.5, gymip_train_xml='inverted_pendulum_ChangeThk_0.050000.xml', hid_group_num=8, hid_group_size=8, hidden_num=64, ignore_checkpoint=True, lane_profile='auto', lr=0.0005, max_noise=0.0, mini_batch_size=128, model='rwtaspk', monitor_time=False, optimizer='rmsprop', rep=11, response_window=40, reward_scale=1.0, road_scenario='merge', rollout_steps=512, rwta_del_connection='none', seed=14, snn_num_steps=15, task='gymip', thread=4, traffic_level='standard', train_num=5000)
seed,     14
model_dir,/root/autodl-tmp/SVPG2023/LANE/log_model/merge
profile,  lane auto-stabilize: lr->0.0005, gamma->0.995, PPO_epochs->4, eps_clip->0.15, rollout_steps->512, mini_batch_size->128, gae_lambda->0.97, grad_clip->0.5, curriculum_clean_ratio->0.8, max_noise->0.08, curriculum_noise_step->0.02, entropy_min->0.05, curriculum_clean_ratio->1.0, max_noise->0.0, curriculum_noise_step->0.0, curriculum_patience->1, curriculum_entropy_decay->0.85
train,    1, -13.314694,   10, 1.00,    3, 0.000, 0.000, 0.100,  8
train,    2, -9.144267,   11, 1.00,    3, 0.000, 0.000, 0.100,  8
train,    3, -11.884408,    7, 1.00,    5, 0.000, 0.000, 0.100,  8
train,    4, -10.692617,    6, 1.00,    2, 0.000, 0.000, 0.100,  8
train,    5, -11.061228,    9, 1.00,    4, 0.000, 0.000, 0.100,  8
train,    6, -16.187232,    7, 1.00,    4, 0.000, 0.000, 0.100,  8
train,    7, -13.594496,    5, 1.00,    3, 0.000, 0.000, 0.100,  8
train,    8, -10.995439,    4, 1.00,    2, 0.000, 0.000, 0.100,  8
train,    9, -12.664233,    5, 1.00,    3, 0.000, 0.000, 0.100,  8
val_save, 9, -14.531211, 1.0000,   5.3000,   5.3000, 0.0000,  28.1309
val,      9, -14.531211, 1.0000,   5.3000,   5.3000, 0.0000,  28.1309
curriculum,noise_cap 0.0000 -> 0.0000, entropy 0.1000 -> 0.0850
train,    10, -14.311317,   13, 1.00,    6, 0.000, 0.000, 0.085,  8
train,    11, -7.064057,    8, 1.00,    2, 0.000, 0.000, 0.085,  8
train,    12, -10.412185,    7, 1.00,    3, 0.000, 0.000, 0.085,  8
train,    13, -12.006923,    5, 1.00,    1, 0.000, 0.000, 0.085,  8
train,    14, -13.778589,    8, 1.00,    3, 0.000, 0.000, 0.085,  8
train,    15, -10.971424,   11, 1.00,    4, 0.000, 0.000, 0.085,  8
train,    16, -9.530391,    5, 1.00,    1, 0.000, 0.000, 0.085,  8
train,    17, -11.972303,    5, 1.00,    3, 0.000, 0.000, 0.085,  8
train,    18, -13.210097,    5, 1.00,    2, 0.000, 0.000, 0.085,  8
train,    19, -11.116060,   10, 1.00,    2, 0.000, 0.000, 0.085,  8
val_save, 19, -14.302479, 1.0000,   6.1000,   6.1000, 0.0000,  28.4444
val,      19, -14.302479, 1.0000,   6.1000,   6.1000, 0.0000,  28.4444
curriculum,noise_cap 0.0000 -> 0.0000, entropy 0.0850 -> 0.0723
train,    20, -8.432278,    6, 1.00,    0, 0.000, 0.000, 0.072,  8
train,    21, -14.629995,    8, 1.00,    4, 0.000, 0.000, 0.072,  8
train,    22, 20.396525,   16, 0.00,    4, 0.000, 0.000, 0.072,  8
train,    23, -11.377186,    5, 1.00,    2, 0.000, 0.000, 0.072,  8
train,    24, -7.749182,   14, 1.00,    5, 0.000, 0.000, 0.072,  8
train,    25, -3.226258,    9, 1.00,    1, 0.000, 0.000, 0.072,  8
train,    26, -16.259431,    9, 1.00,    4, 0.000, 0.000, 0.072,  8
train,    27, -10.932707,    4, 1.00,    1, 0.000, 0.000, 0.072,  8
train,    28, -10.323357,    5, 1.00,    1, 0.000, 0.000, 0.072,  8
train,    29, -11.308263,    6, 1.00,    3, 0.000, 0.000, 0.072,  8
val,      29, -15.267769, 1.0000,   6.7000,   6.7000, 0.0000,  28.1500
train,    30, -10.087076,    6, 1.00,    3, 0.000, 0.000, 0.072,  8
train,    31, -10.516555,    4, 1.00,    1, 0.000, 0.000, 0.072,  8
train,    32, -11.212888,    5, 1.00,    2, 0.000, 0.000, 0.072,  8
train,    33, -9.559389,    7, 1.00,    2, 0.000, 0.000, 0.072,  8
train,    34, -12.644730,    5, 1.00,    3, 0.000, 0.000, 0.072,  8
train,    35, -18.861545,   12, 1.00,    8, 0.000, 0.000, 0.072,  8
train,    36, -9.923005,    5, 1.00,    1, 0.000, 0.000, 0.072,  8
train,    37, 3.796060,   16, 0.00,    7, 0.000, 0.000, 0.072,  8
train,    38, -6.829805,   15, 1.00,    1, 0.000, 0.000, 0.072,  8
train,    39, -12.213701,    5, 1.00,    3, 0.000, 0.000, 0.072,  8
val_save, 39, -11.823999, 0.9000,   6.2000,   6.2000, 0.1000,  28.6569
val,      39, -11.823999, 0.9000,   6.2000,   6.2000, 0.1000,  28.6569
curriculum,noise_cap 0.0000 -> 0.0000, entropy 0.0723 -> 0.0614
train,    40, -10.256228,    5, 1.00,    2, 0.000, 0.000, 0.061,  8
train,    41, -7.978833,    7, 1.00,    1, 0.000, 0.000, 0.061,  8
train,    42, -11.150927,    8, 1.00,    4, 0.000, 0.000, 0.061,  8
train,    43, 14.437516,   14, 0.00,    5, 0.000, 0.000, 0.061,  8
train,    44, -10.372980,    5, 1.00,    2, 0.000, 0.000, 0.061,  8
train,    45, -6.397274,   12, 1.00,    3, 0.000, 0.000, 0.061,  8
train,    46, -9.419531,    8, 1.00,    3, 0.000, 0.000, 0.061,  8
train,    47, -10.653984,    8, 1.00,    1, 0.000, 0.000, 0.061,  8
train,    48, -7.889228,    8, 1.00,    2, 0.000, 0.000, 0.061,  8
train,    49, -14.382232,    5, 1.00,    4, 0.000, 0.000, 0.061,  8
val,      49, -14.160117, 1.0000,   6.1000,   6.1000, 0.0000,  28.7092
train,    50, -12.778325,    5, 1.00,    3, 0.000, 0.000, 0.061,  8
train,    51, -13.545835,    6, 1.00,    3, 0.000, 0.000, 0.061,  8
train,    52, -11.039883,    8, 1.00,    3, 0.000, 0.000, 0.061,  8
train,    53, -9.373733,    6, 1.00,    2, 0.000, 0.000, 0.061,  8
train,    54, -12.727601,    9, 1.00,    4, 0.000, 0.000, 0.061,  8
train,    55, -9.999314,   14, 1.00,    5, 0.000, 0.000, 0.061,  8
train,    56, -12.372939,    7, 1.00,    3, 0.000, 0.000, 0.061,  8
train,    57, -13.744734,    5, 1.00,    4, 0.000, 0.000, 0.061,  8
train,    58, -8.604787,    9, 1.00,    2, 0.000, 0.000, 0.061,  8
train,    59, -14.010724,    7, 1.00,    5, 0.000, 0.000, 0.061,  8
val,      59, -14.581143, 1.0000,   6.9000,   6.9000, 0.0000,  28.6087
train,    60, -10.907993,    9, 1.00,    4, 0.000, 0.000, 0.061,  8
train,    61, -12.697956,    6, 1.00,    4, 0.000, 0.000, 0.061,  8
train,    62, -12.991935,    5, 1.00,    3, 0.000, 0.000, 0.061,  8
train,    63, -9.057837,    9, 1.00,    6, 0.000, 0.000, 0.061,  8
train,    64, 22.323596,   12, 0.00,    6, 0.000, 0.000, 0.061,  8
train,    65, -8.542574,   15, 1.00,    4, 0.000, 0.000, 0.061,  8
update,   65,    1,  515, -9.156954, -0.000000
train,    66, -12.947497,    4, 1.00,    3, 0.000, 0.000, 0.061,  8
train,    67, -12.604755,    5, 1.00,    3, 0.000, 0.000, 0.061,  8
train,    68, -11.548747,    6, 1.00,    3, 0.000, 0.000, 0.061,  8
train,    69, -12.494197,    5, 1.00,    3, 0.000, 0.000, 0.061,  8
val,      69, -14.199165, 1.0000,   5.8000,   5.8000, 0.0000,  28.2846
train,    70, -11.985120,    5, 1.00,    3, 0.000, 0.000, 0.061,  8
train,    71, -10.417070,   12, 1.00,    5, 0.000, 0.000, 0.061,  8
train,    72, 9.876003,   14, 0.00,    4, 0.000, 0.000, 0.061,  8
train,    73, -8.312203,    9, 1.00,    0, 0.000, 0.000, 0.061,  8
train,    74, -12.614163,    5, 1.00,    2, 0.000, 0.000, 0.061,  8
train,    75, -10.465883,   14, 1.00,    4, 0.000, 0.000, 0.061,  8
train,    76, -15.067790,    5, 1.00,    4, 0.000, 0.000, 0.061,  8
train,    77, -11.536772,    6, 1.00,    3, 0.000, 0.000, 0.061,  8
train,    78, -10.194399,   13, 1.00,    7, 0.000, 0.000, 0.061,  8
train,    79, -8.813382,    5, 1.00,    1, 0.000, 0.000, 0.061,  8
val,      79, -14.297458, 1.0000,   7.1000,   7.1000, 0.0000,  28.8234
train,    80, -12.094059,    5, 1.00,    2, 0.000, 0.000, 0.061,  8
train,    81, -9.179889,    8, 1.00,    3, 0.000, 0.000, 0.061,  8
train,    82, -14.747422,    5, 1.00,    3, 0.000, 0.000, 0.061,  8
train,    83, -9.661905,    6, 1.00,    2, 0.000, 0.000, 0.061,  8
train,    84, 19.964136,   14, 0.00,    6, 0.000, 0.000, 0.061,  8
train,    85, -13.957892,    4, 1.00,    4, 0.000, 0.000, 0.061,  8
train,    86, -9.907191,    8, 1.00,    4, 0.000, 0.000, 0.061,  8
train,    87, -11.513377,    5, 1.00,    1, 0.000, 0.000, 0.061,  8
train,    88, -10.189747,    5, 1.00,    1, 0.000, 0.000, 0.061,  8
train,    89, -10.298660,   15, 1.00,    5, 0.000, 0.000, 0.061,  8
val,      89, -14.386241, 1.0000,   7.1000,   7.1000, 0.0000,  28.2889
train,    90, -12.356532,    5, 1.00,    3, 0.000, 0.000, 0.061,  8
train,    91, -10.157668,    5, 1.00,    0, 0.000, 0.000, 0.061,  8
train,    92, -13.040687,    5, 1.00,    3, 0.000, 0.000, 0.061,  8
train,    93, -11.214691,   10, 1.00,    2, 0.000, 0.000, 0.061,  8
train,    94, -9.931916,    9, 1.00,    6, 0.000, 0.000, 0.061,  8
train,    95, -9.603752,    5, 1.00,    0, 0.000, 0.000, 0.061,  8
train,    96, -8.611228,    5, 1.00,    1, 0.000, 0.000, 0.061,  8
train,    97, -14.981979,    9, 1.00,    6, 0.000, 0.000, 0.061,  8
train,    98, -12.632189,    8, 1.00,    2, 0.000, 0.000, 0.061,  8
train,    99, -13.076962,    4, 1.00,    3, 0.000, 0.000, 0.061,  8
val,      99, -15.297422, 1.0000,   6.8000,   6.8000, 0.0000,  28.1776
train,    100, -10.107567,    9, 1.00,    3, 0.000, 0.000, 0.061,  8
train,    101, -13.667254,    5, 1.00,    3, 0.000, 0.000, 0.061,  8
train,    102, -14.259931,    9, 1.00,    3, 0.000, 0.000, 0.061,  8
train,    103, -11.794115,   12, 1.00,    6, 0.000, 0.000, 0.061,  8
train,    104, -13.160241,    6, 1.00,    4, 0.000, 0.000, 0.061,  8
train,    105, -9.781820,   10, 1.00,    2, 0.000, 0.000, 0.061,  8
train,    106, -9.502436,   13, 1.00,    4, 0.000, 0.000, 0.061,  8
train,    107, -15.609286,    6, 1.00,    3, 0.000, 0.000, 0.061,  8
train,    108, -6.851874,   10, 1.00,    1, 0.000, 0.000, 0.061,  8
train,    109, -8.805576,    8, 1.00,    2, 0.000, 0.000, 0.061,  8
val,      109, -14.658215, 1.0000,   6.6000,   6.6000, 0.0000,  28.0309
train,    110, -10.571930,    4, 1.00,    2, 0.000, 0.000, 0.061,  8
train,    111, -11.361019,    5, 1.00,    3, 0.000, 0.000, 0.061,  8
train,    112, -11.965789,    4, 1.00,    3, 0.000, 0.000, 0.061,  8
train,    113, -9.136326,    9, 1.00,    3, 0.000, 0.000, 0.061,  8
train,    114, -9.477614,    8, 1.00,    1, 0.000, 0.000, 0.061,  8
train,    115, -11.581965,   11, 1.00,    4, 0.000, 0.000, 0.061,  8
train,    116, 4.873131,   15, 0.00,    8, 0.000, 0.000, 0.061,  8
train,    117, -10.468349,    5, 1.00,    0, 0.000, 0.000, 0.061,  8
train,    118, -9.986163,    5, 1.00,    1, 0.000, 0.000, 0.061,  8
train,    119, 19.146927,   14, 0.00,    6, 0.000, 0.000, 0.061,  8
val,      119, -12.712385, 0.9000,   6.6000,   6.6000, 0.1000,  28.3930
train,    120, -11.348464,    4, 1.00,    2, 0.000, 0.000, 0.061,  8
train,    121, -12.788987,    5, 1.00,    2, 0.000, 0.000, 0.061,  8
train,    122, -3.669246,   12, 1.00,    2, 0.000, 0.000, 0.061,  8
train,    123, -9.149523,    9, 1.00,    2, 0.000, 0.000, 0.061,  8
train,    124, -10.710526,    4, 1.00,    2, 0.000, 0.000, 0.061,  8
train,    125, -12.064751,   16, 1.00,    7, 0.000, 0.000, 0.061,  8
train,    126, -12.056977,    5, 1.00,    2, 0.000, 0.000, 0.061,  8
train,    127, -13.594072,    5, 1.00,    3, 0.000, 0.000, 0.061,  8
train,    128, -14.494734,    4, 1.00,    4, 0.000, 0.000, 0.061,  8
train,    129, -10.995439,    4, 1.00,    2, 0.000, 0.000, 0.061,  8
val,      129, -14.423063, 1.0000,   6.0000,   6.0000, 0.0000,  28.7306
train,    130, -10.916116,    5, 1.00,    2, 0.000, 0.000, 0.061,  8
train,    131, -11.616923,    8, 1.00,    3, 0.000, 0.000, 0.061,  8
train,    132, -17.212047,    7, 1.00,    7, 0.000, 0.000, 0.061,  8
train,    133, -10.846547,    6, 1.00,    2, 0.000, 0.000, 0.061,  8
train,    134, -9.202323,    5, 1.00,    0, 0.000, 0.000, 0.061,  8
update,   134,    2,  515, -9.434335, 0.000000
train,    135, -9.117018,   11, 1.00,    3, 0.000, 0.000, 0.061,  8
train,    136, -8.195587,    7, 1.00,    1, 0.000, 0.000, 0.061,  8
train,    137, -12.731584,    5, 1.00,    2, 0.000, 0.000, 0.061,  8
train,    138, -12.206801,    6, 1.00,    2, 0.000, 0.000, 0.061,  8
train,    139, -13.177938,    5, 1.00,    2, 0.000, 0.000, 0.061,  8
val,      139, -14.440108, 1.0000,   6.6000,   6.6000, 0.0000,  28.6175
train,    140, -13.194699,    6, 1.00,    3, 0.000, 0.000, 0.061,  8
train,    141, -12.554384,    4, 1.00,    3, 0.000, 0.000, 0.061,  8
train,    142, -12.059029,    5, 1.00,    2, 0.000, 0.000, 0.061,  8
train,    143, -8.755856,    9, 1.00,    4, 0.000, 0.000, 0.061,  8
train,    144, -11.681473,    5, 1.00,    2, 0.000, 0.000, 0.061,  8
train,    145, -7.759909,    8, 1.00,    1, 0.000, 0.000, 0.061,  8
train,    146, -10.561404,    5, 1.00,    3, 0.000, 0.000, 0.061,  8
train,    147, -12.859219,   14, 1.00,    7, 0.000, 0.000, 0.061,  8
train,    148, -11.454872,    7, 1.00,    3, 0.000, 0.000, 0.061,  8
train,    149, -8.475184,    9, 1.00,    5, 0.000, 0.000, 0.061,  8
val,      149, -14.292564, 1.0000,   5.6000,   5.6000, 0.0000,  28.5347
train,    150, 14.895297,   12, 0.00,    5, 0.000, 0.000, 0.061,  8
