init,     2026-03-30 16:09:55.864851
arguments,Namespace(PPO_epochs=4, adv_norm=1, alg='ppo', cuda=0, curriculum_clean_ratio=1.0, curriculum_entropy_decay=0.85, curriculum_mode='adaptive', curriculum_noise_step=0.0, curriculum_patience=1, entropy=0.1, entropy_min=0.05, eps_clip=0.15, gae_lambda=0.97, gamma=0.995, grad_clip=0.5, gymip_train_xml='inverted_pendulum_ChangeThk_0.050000.xml', hid_group_num=8, hid_group_size=8, hidden_num=64, ignore_checkpoint=True, lane_profile='auto', lr=0.0005, max_noise=0.0, mini_batch_size=128, model='rwtaspk', monitor_time=False, optimizer='rmsprop', rep=11, response_window=40, reward_scale=1.0, road_scenario='merge', rollout_steps=512, rwta_del_connection='none', seed=16, snn_num_steps=15, task='gymip', thread=3, traffic_level='standard', train_num=5000)
seed,     16
model_dir,/root/autodl-tmp/SVPG2023/LANE/log_model/merge
profile,  lane auto-stabilize: lr->0.0005, gamma->0.995, PPO_epochs->4, eps_clip->0.15, rollout_steps->512, mini_batch_size->128, gae_lambda->0.97, grad_clip->0.5, curriculum_clean_ratio->0.8, max_noise->0.08, curriculum_noise_step->0.02, entropy_min->0.05, curriculum_clean_ratio->1.0, max_noise->0.0, curriculum_noise_step->0.0, curriculum_patience->1, curriculum_entropy_decay->0.85
train,    1, -10.800900,    5, 1.00,    2, 0.000, 0.000, 0.100,  8
train,    2, -10.335734,    4, 1.00,    1, 0.000, 0.000, 0.100,  8
train,    3, 8.112704,   14, 0.00,    5, 0.000, 0.000, 0.100,  8
train,    4, -13.434060,    6, 1.00,    4, 0.000, 0.000, 0.100,  8
train,    5, -8.156332,    5, 1.00,    0, 0.000, 0.000, 0.100,  8
train,    6, -13.419123,    4, 1.00,    3, 0.000, 0.000, 0.100,  8
train,    7, -7.520064,   13, 1.00,    4, 0.000, 0.000, 0.100,  8
train,    8, -13.564910,    5, 1.00,    4, 0.000, 0.000, 0.100,  8
train,    9, -10.748670,    7, 1.00,    2, 0.000, 0.000, 0.100,  8
val_save, 9, -13.797159, 1.0000,   5.7000,   5.7000, 0.0000,  28.7455
val,      9, -13.797159, 1.0000,   5.7000,   5.7000, 0.0000,  28.7455
curriculum,noise_cap 0.0000 -> 0.0000, entropy 0.1000 -> 0.0850
train,    10, -10.757855,    8, 1.00,    4, 0.000, 0.000, 0.085,  8
train,    11, -9.908191,   10, 1.00,    3, 0.000, 0.000, 0.085,  8
train,    12, -10.556787,    5, 1.00,    2, 0.000, 0.000, 0.085,  8
train,    13, -14.245326,    8, 1.00,    5, 0.000, 0.000, 0.085,  8
train,    14, -10.000229,    6, 1.00,    2, 0.000, 0.000, 0.085,  8
train,    15, -6.395766,    8, 1.00,    0, 0.000, 0.000, 0.085,  8
train,    16, -8.373910,    9, 1.00,    2, 0.000, 0.000, 0.085,  8
train,    17, -11.055841,   10, 1.00,    4, 0.000, 0.000, 0.085,  8
train,    18, -12.727391,    5, 1.00,    3, 0.000, 0.000, 0.085,  8
train,    19, -10.241341,    8, 1.00,    4, 0.000, 0.000, 0.085,  8
val,      19, -14.076891, 1.0000,   5.3000,   5.3000, 0.0000,  28.2890
train,    20, -12.868180,    5, 1.00,    3, 0.000, 0.000, 0.085,  8
train,    21, -11.960711,    5, 1.00,    3, 0.000, 0.000, 0.085,  8
train,    22, -10.532185,    8, 1.00,    4, 0.000, 0.000, 0.085,  8
train,    23, -11.255687,    5, 1.00,    2, 0.000, 0.000, 0.085,  8
train,    24, -14.445389,    5, 1.00,    4, 0.000, 0.000, 0.085,  8
train,    25, -11.416524,    5, 1.00,    2, 0.000, 0.000, 0.085,  8
train,    26, -11.600870,    5, 1.00,    2, 0.000, 0.000, 0.085,  8
train,    27, -8.637217,    6, 1.00,    1, 0.000, 0.000, 0.085,  8
train,    28, 4.149782,   14, 0.00,    7, 0.000, 0.000, 0.085,  8
train,    29, -10.094824,    8, 1.00,    2, 0.000, 0.000, 0.085,  8
val_save, 29, -14.036329, 1.0000,   5.7000,   5.7000, 0.0000,  28.9640
val,      29, -14.036329, 1.0000,   5.7000,   5.7000, 0.0000,  28.9640
curriculum,noise_cap 0.0000 -> 0.0000, entropy 0.0850 -> 0.0723
train,    30, -11.507920,    6, 1.00,    2, 0.000, 0.000, 0.072,  8
train,    31, -14.112703,    8, 1.00,    3, 0.000, 0.000, 0.072,  8
train,    32, -8.926196,    8, 1.00,    2, 0.000, 0.000, 0.072,  8
train,    33, 8.611798,   12, 0.00,    6, 0.000, 0.000, 0.072,  8
train,    34, -9.892832,    9, 1.00,    4, 0.000, 0.000, 0.072,  8
train,    35, -13.013804,    4, 1.00,    3, 0.000, 0.000, 0.072,  8
train,    36, -11.273019,    5, 1.00,    1, 0.000, 0.000, 0.072,  8
train,    37, -11.447671,    9, 1.00,    4, 0.000, 0.000, 0.072,  8
train,    38, -10.485307,    8, 1.00,    3, 0.000, 0.000, 0.072,  8
train,    39, -4.525156,    9, 1.00,    1, 0.000, 0.000, 0.072,  8
val,      39, -14.774812, 1.0000,   6.3000,   6.3000, 0.0000,  27.8889
train,    40, -13.491441,    8, 1.00,    5, 0.000, 0.000, 0.072,  8
train,    41, 10.316120,   13, 0.00,    4, 0.000, 0.000, 0.072,  8
train,    42, -11.614703,    7, 1.00,    0, 0.000, 0.000, 0.072,  8
train,    43, 4.775207,   13, 0.00,    8, 0.000, 0.000, 0.072,  8
train,    44, -11.538552,    5, 1.00,    0, 0.000, 0.000, 0.072,  8
train,    45, -12.165614,    4, 1.00,    3, 0.000, 0.000, 0.072,  8
train,    46, -8.008799,    7, 1.00,    1, 0.000, 0.000, 0.072,  8
train,    47, -10.507992,   13, 1.00,    7, 0.000, 0.000, 0.072,  8
train,    48, -7.710157,    8, 1.00,    2, 0.000, 0.000, 0.072,  8
train,    49, -12.777517,   11, 1.00,    4, 0.000, 0.000, 0.072,  8
val,      49, -14.357975, 1.0000,   6.0000,   6.0000, 0.0000,  28.0758
train,    50, -9.657146,    5, 1.00,    2, 0.000, 0.000, 0.072,  8
train,    51, -7.771861,   15, 1.00,    6, 0.000, 0.000, 0.072,  8
train,    52, -12.979628,   11, 1.00,    4, 0.000, 0.000, 0.072,  8
train,    53, -9.994833,    5, 1.00,    0, 0.000, 0.000, 0.072,  8
train,    54, -5.761799,   13, 1.00,    4, 0.000, 0.000, 0.072,  8
train,    55, -11.260765,    9, 1.00,    5, 0.000, 0.000, 0.072,  8
train,    56, -11.143003,    6, 1.00,    1, 0.000, 0.000, 0.072,  8
train,    57, -11.934122,    8, 1.00,    3, 0.000, 0.000, 0.072,  8
train,    58, -13.109012,    8, 1.00,    4, 0.000, 0.000, 0.072,  8
train,    59, -10.722444,    5, 1.00,    1, 0.000, 0.000, 0.072,  8
val,      59, -14.499192, 1.0000,   7.0000,   7.0000, 0.0000,  28.8200
train,    60, -15.134664,    5, 1.00,    3, 0.000, 0.000, 0.072,  8
train,    61, -12.950889,    5, 1.00,    2, 0.000, 0.000, 0.072,  8
train,    62, -11.157648,    7, 1.00,    3, 0.000, 0.000, 0.072,  8
train,    63, -12.930717,    6, 1.00,    3, 0.000, 0.000, 0.072,  8
train,    64, -11.388915,    6, 1.00,    2, 0.000, 0.000, 0.072,  8
train,    65, -11.070304,    4, 1.00,    2, 0.000, 0.000, 0.072,  8
train,    66, -14.697306,   14, 1.00,    9, 0.000, 0.000, 0.072,  8
train,    67, -9.197500,    5, 1.00,    1, 0.000, 0.000, 0.072,  8
train,    68, -11.907467,    7, 1.00,    3, 0.000, 0.000, 0.072,  8
update,   68,    1,  517, -9.770470, -0.000000
train,    69, -8.724363,    8, 1.00,    2, 0.000, 0.000, 0.072,  8
val,      69, -8.417736, 1.0000,   5.8000,   0.0000, 0.0000,  28.1715
train,    70, -13.558119,    4, 1.00,    3, 0.000, 0.000, 0.072,  8
train,    71, -13.070392,    5, 1.00,    2, 0.000, 0.000, 0.072,  8
train,    72, -10.248022,    5, 1.00,    0, 0.000, 0.000, 0.072,  8
train,    73, -12.439474,    4, 1.00,    3, 0.000, 0.000, 0.072,  8
train,    74, -10.693780,   10, 1.00,    3, 0.000, 0.000, 0.072,  8
train,    75, -11.477436,    5, 1.00,    2, 0.000, 0.000, 0.072,  8
train,    76, -13.193615,    9, 1.00,    3, 0.000, 0.000, 0.072,  8
train,    77, -9.580702,    5, 1.00,    2, 0.000, 0.000, 0.072,  8
train,    78, -11.911388,    7, 1.00,    3, 0.000, 0.000, 0.072,  8
train,    79, -13.921017,    6, 1.00,    3, 0.000, 0.000, 0.072,  8
val,      79, -8.744450, 1.0000,   6.2000,   0.0000, 0.0000,  27.9866
train,    80, -13.994730,    5, 1.00,    4, 0.000, 0.000, 0.072,  8
train,    81, -10.810776,    6, 1.00,    1, 0.000, 0.000, 0.072,  8
train,    82, -15.250245,   11, 1.00,    4, 0.000, 0.000, 0.072,  8
train,    83, -10.034426,    6, 1.00,    2, 0.000, 0.000, 0.072,  8
train,    84, -7.947296,    8, 1.00,    2, 0.000, 0.000, 0.072,  8
train,    85, -10.729825,    6, 1.00,    4, 0.000, 0.000, 0.072,  8
train,    86, -10.434211,    6, 1.00,    3, 0.000, 0.000, 0.072,  8
train,    87, -9.963287,    4, 1.00,    1, 0.000, 0.000, 0.072,  8
train,    88, -9.617233,    4, 1.00,    0, 0.000, 0.000, 0.072,  8
train,    89, -10.918221,    7, 1.00,    3, 0.000, 0.000, 0.072,  8
val,      89, -8.444037, 1.0000,   5.7000,   0.0000, 0.0000,  28.4264
curriculum,noise_cap 0.0000 -> 0.0000, entropy 0.0723 -> 0.0614
train,    90, -13.030082,    5, 1.00,    3, 0.000, 0.000, 0.061,  8
train,    91, -8.280589,    5, 1.00,    0, 0.000, 0.000, 0.061,  8
train,    92, -6.422112,   11, 1.00,    3, 0.000, 0.000, 0.061,  8
train,    93, 11.522769,   13, 0.00,    4, 0.000, 0.000, 0.061,  8
train,    94, -11.763243,    9, 1.00,    3, 0.000, 0.000, 0.061,  8
train,    95, -9.691579,    5, 1.00,    1, 0.000, 0.000, 0.061,  8
train,    96, 7.188996,   14, 0.00,    6, 0.000, 0.000, 0.061,  8
train,    97, -14.239904,    5, 1.00,    3, 0.000, 0.000, 0.061,  8
train,    98, -11.423927,    5, 1.00,    2, 0.000, 0.000, 0.061,  8
train,    99, -11.070304,    4, 1.00,    2, 0.000, 0.000, 0.061,  8
val,      99, -8.298669, 1.0000,   6.0000,   0.0000, 0.0000,  27.9498
train,    100, -9.940351,    6, 1.00,    4, 0.000, 0.000, 0.061,  8
train,    101, -9.760526,    5, 1.00,    2, 0.000, 0.000, 0.061,  8
train,    102, -13.824759,    5, 1.00,    4, 0.000, 0.000, 0.061,  8
train,    103, -15.895787,   12, 1.00,    4, 0.000, 0.000, 0.061,  8
train,    104, -10.277477,    5, 1.00,    0, 0.000, 0.000, 0.061,  8
train,    105, 10.898559,   14, 0.00,    3, 0.000, 0.000, 0.061,  8
train,    106, -10.987330,    5, 1.00,    2, 0.000, 0.000, 0.061,  8
train,    107, -10.873180,    7, 1.00,    2, 0.000, 0.000, 0.061,  8
train,    108, -12.976489,    5, 1.00,    3, 0.000, 0.000, 0.061,  8
train,    109, -9.776172,    5, 1.00,    1, 0.000, 0.000, 0.061,  8
val,      109, -8.121469, 1.0000,   6.1000,   0.0000, 0.0000,  28.1571
train,    110, -8.719861,   15, 1.00,    4, 0.000, 0.000, 0.061,  8
train,    111, -19.203624,   11, 1.00,    6, 0.000, 0.000, 0.061,  8
train,    112, -9.384410,    7, 1.00,    2, 0.000, 0.000, 0.061,  8
train,    113, -10.356764,   14, 1.00,    4, 0.000, 0.000, 0.061,  8
train,    114, -12.540120,    4, 1.00,    3, 0.000, 0.000, 0.061,  8
train,    115, -3.904376,   13, 1.00,    2, 0.000, 0.000, 0.061,  8
train,    116, -11.521053,    4, 1.00,    2, 0.000, 0.000, 0.061,  8
train,    117, -10.007640,    4, 1.00,    1, 0.000, 0.000, 0.061,  8
train,    118, -7.855094,   12, 1.00,    3, 0.000, 0.000, 0.061,  8
train,    119, -13.013804,    4, 1.00,    3, 0.000, 0.000, 0.061,  8
val,      119, -8.318430, 1.0000,   5.9000,   0.0000, 0.0000,  27.9082
train,    120, -12.967682,    9, 1.00,    5, 0.000, 0.000, 0.061,  8
train,    121, -11.009472,    8, 1.00,    1, 0.000, 0.000, 0.061,  8
train,    122, -10.112412,    6, 1.00,    2, 0.000, 0.000, 0.061,  8
train,    123, -7.009944,   11, 1.00,    3, 0.000, 0.000, 0.061,  8
train,    124, -4.929286,   11, 1.00,    2, 0.000, 0.000, 0.061,  8
train,    125, -8.358285,   13, 1.00,    2, 0.000, 0.000, 0.061,  8
train,    126, -10.358023,    6, 1.00,    1, 0.000, 0.000, 0.061,  8
train,    127, -15.592369,    5, 1.00,    3, 0.000, 0.000, 0.061,  8
train,    128, -7.528790,    8, 1.00,    0, 0.000, 0.000, 0.061,  8
train,    129, -6.983518,    7, 1.00,    1, 0.000, 0.000, 0.061,  8
val,      129, -7.257361, 1.0000,   6.6000,   0.0000, 0.0000,  28.2200
train,    130, -7.910286,    7, 1.00,    1, 0.000, 0.000, 0.061,  8
train,    131, -9.475075,    5, 1.00,    0, 0.000, 0.000, 0.061,  8
train,    132, -10.038216,    5, 1.00,    1, 0.000, 0.000, 0.061,  8
train,    133, -10.272311,   10, 1.00,    4, 0.000, 0.000, 0.061,  8
train,    134, -13.587767,    5, 1.00,    3, 0.000, 0.000, 0.061,  8
train,    135, -10.314028,    5, 1.00,    1, 0.000, 0.000, 0.061,  8
train,    136, -9.644737,    4, 1.00,    1, 0.000, 0.000, 0.061,  8
train,    137, -9.370349,    9, 1.00,    5, 0.000, 0.000, 0.061,  8
train,    138, -13.466481,    5, 1.00,    3, 0.000, 0.000, 0.061,  8
train,    139, -11.094059,    5, 1.00,    1, 0.000, 0.000, 0.061,  8
val,      139, -8.560847, 1.0000,   5.6000,   0.0000, 0.0000,  28.4707
curriculum,noise_cap 0.0000 -> 0.0000, entropy 0.0614 -> 0.0522
train,    140, -13.271050,    4, 1.00,    3, 0.000, 0.000, 0.052,  8
update,   140,    2,  512, -10.398895, -0.000000
train,    141, -8.287672,   11, 1.00,    4, 0.000, 0.000, 0.052,  8
train,    142, -13.898445,    6, 1.00,    4, 0.000, 0.000, 0.052,  8
train,    143, -11.652160,    5, 1.00,    1, 0.000, 0.000, 0.052,  8
train,    144, -9.696794,    9, 1.00,    3, 0.000, 0.000, 0.052,  8
train,    145, -11.730958,    9, 1.00,    4, 0.000, 0.000, 0.052,  8
train,    146, -10.291440,    7, 1.00,    3, 0.000, 0.000, 0.052,  8
train,    147, -11.936551,   15, 1.00,    5, 0.000, 0.000, 0.052,  8
train,    148, -8.536842,    5, 1.00,    1, 0.000, 0.000, 0.052,  8
train,    149, -11.236363,    6, 1.00,    2, 0.000, 0.000, 0.052,  8
val,      149, -7.487371, 1.0000,   6.6000,   0.0000, 0.0000,  28.5135
curriculum,noise_cap 0.0000 -> 0.0000, entropy 0.0522 -> 0.0500
train,    150, -7.293103,   10, 1.00,    1, 0.000, 0.000, 0.050,  8
train,    151, -11.370708,    5, 1.00,    1, 0.000, 0.000, 0.050,  8
train,    152, -14.487917,    5, 1.00,    4, 0.000, 0.000, 0.050,  8
train,    153, -8.102253,   10, 1.00,    4, 0.000, 0.000, 0.050,  8
train,    154, -10.020624,    4, 1.00,    0, 0.000, 0.000, 0.050,  8
train,    155, -13.034263,    5, 1.00,    2, 0.000, 0.000, 0.050,  8
train,    156, -10.562454,    5, 1.00,    2, 0.000, 0.000, 0.050,  8
train,    157, -9.982232,    7, 1.00,    3, 0.000, 0.000, 0.050,  8
train,    158, -10.699501,    6, 1.00,    2, 0.000, 0.000, 0.050,  8
train,    159, -6.560998,    7, 1.00,    1, 0.000, 0.000, 0.050,  8
val,      159, -7.855874, 1.0000,   6.5000,   0.0000, 0.0000,  27.5955
train,    160, -11.577436,    9, 1.00,    4, 0.000, 0.000, 0.050,  8
train,    161, -13.511252,    5, 1.00,    3, 0.000, 0.000, 0.050,  8
train,    162, -13.354099,    5, 1.00,    3, 0.000, 0.000, 0.050,  8
train,    163, -12.617306,    4, 1.00,    2, 0.000, 0.000, 0.050,  8
train,    164, -11.589288,    5, 1.00,    2, 0.000, 0.000, 0.050,  8
train,    165, -9.463632,    6, 1.00,    2, 0.000, 0.000, 0.050,  8
train,    166, -13.733575,    9, 1.00,    3, 0.000, 0.000, 0.050,  8
train,    167, -11.384208,    4, 1.00,    2, 0.000, 0.000, 0.050,  8
train,    168, -10.650195,    5, 1.00,    1, 0.000, 0.000, 0.050,  8
train,    169, -7.497138,    9, 1.00,    4, 0.000, 0.000, 0.050,  8
val,      169, -8.198604, 1.0000,   5.9000,   0.0000, 0.0000,  28.4712
train,    170, -12.717374,    6, 1.00,    3, 0.000, 0.000, 0.050,  8
train,    171, -10.957215,    5, 1.00,    2, 0.000, 0.000, 0.050,  8
train,    172, -7.819357,   11, 1.00,    3, 0.000, 0.000, 0.050,  8
train,    173, -9.758827,    8, 1.00,    3, 0.000, 0.000, 0.050,  8
train,    174, -12.790548,    5, 1.00,    3, 0.000, 0.000, 0.050,  8
train,    175, -9.697368,    5, 1.00,    2, 0.000, 0.000, 0.050,  8
train,    176, -11.965789,    4, 1.00,    3, 0.000, 0.000, 0.050,  8
train,    177, -13.882247,   11, 1.00,    5, 0.000, 0.000, 0.050,  8
train,    178, -11.796305,    5, 1.00,    2, 0.000, 0.000, 0.050,  8
train,    179, -11.762421,    5, 1.00,    2, 0.000, 0.000, 0.050,  8
val,      179, -8.821297, 1.0000,   5.6000,   0.0000, 0.0000,  27.8757
train,    180, -11.917567,    5, 1.00,    3, 0.000, 0.000, 0.050,  8
train,    181, -17.536432,   12, 1.00,    5, 0.000, 0.000, 0.050,  8
train,    182, -11.446744,    5, 1.00,    2, 0.000, 0.000, 0.050,  8
train,    183, -13.010250,   12, 1.00,    5, 0.000, 0.000, 0.050,  8
train,    184, -13.025541,    5, 1.00,    2, 0.000, 0.000, 0.050,  8
train,    185, -10.440845,    7, 1.00,    4, 0.000, 0.000, 0.050,  8
train,    186, -10.804386,    5, 1.00,    3, 0.000, 0.000, 0.050,  8
train,    187, -4.065750,    9, 1.00,    0, 0.000, 0.000, 0.050,  8
train,    188, -13.885759,    9, 1.00,    4, 0.000, 0.000, 0.050,  8
train,    189, -5.592094,    8, 1.00,    2, 0.000, 0.000, 0.050,  8
val,      189, -8.435362, 1.0000,   6.2000,   0.0000, 0.0000,  28.0958
train,    190, -8.200000,    5, 1.00,    1, 0.000, 0.000, 0.050,  8
train,    191, -10.670373,    5, 1.00,    2, 0.000, 0.000, 0.050,  8
train,    192, -13.817028,    7, 1.00,    5, 0.000, 0.000, 0.050,  8
train,    193, -12.733333,    5, 1.00,    4, 0.000, 0.000, 0.050,  8
train,    194, -9.431224,    6, 1.00,    1, 0.000, 0.000, 0.050,  8
train,    195, -6.482970,    8, 1.00,    1, 0.000, 0.000, 0.050,  8
train,    196, -10.083103,    4, 1.00,    1, 0.000, 0.000, 0.050,  8
train,    197, -10.402865,    6, 1.00,    3, 0.000, 0.000, 0.050,  8
train,    198, -15.094672,    5, 1.00,    4, 0.000, 0.000, 0.050,  8
train,    199, -13.920060,    7, 1.00,    4, 0.000, 0.000, 0.050,  8
val,      199, -7.606285, 1.0000,   6.5000,   0.0000, 0.0000,  28.0076
train,    200, -12.719869,   10, 1.00,    6, 0.000, 0.000, 0.050,  8
train,    201, -8.481174,   10, 1.00,    3, 0.000, 0.000, 0.050,  8
train,    202, -11.810675,    6, 1.00,    2, 0.000, 0.000, 0.050,  8
train,    203, -15.488790,    9, 1.00,    5, 0.000, 0.000, 0.050,  8
train,    204, -9.049460,    5, 1.00,    0, 0.000, 0.000, 0.050,  8
train,    205, -12.145770,    5, 1.00,    2, 0.000, 0.000, 0.050,  8
train,    206, -9.152056,   11, 1.00,    2, 0.000, 0.000, 0.050,  8
train,    207, -13.152391,    7, 1.00,    5, 0.000, 0.000, 0.050,  8
train,    208, -11.215789,    4, 1.00,    2, 0.000, 0.000, 0.050,  8
train,    209, -12.543860,    4, 1.00,    3, 0.000, 0.000, 0.050,  8
val,      209, -7.596947, 1.0000,   7.2000,   0.0000, 0.0000,  27.8653
train,    210, -11.104737,    5, 1.00,    2, 0.000, 0.000, 0.050,  8
train,    211, -8.058094,    7, 1.00,    2, 0.000, 0.000, 0.050,  8
train,    212, -11.234453,    5, 1.00,    2, 0.000, 0.000, 0.050,  8
train,    213, -7.400229,    9, 1.00,    3, 0.000, 0.000, 0.050,  8
train,    214, -7.763588,    8, 1.00,    1, 0.000, 0.000, 0.050,  8
train,    215, -12.099317,    4, 1.00,    2, 0.000, 0.000, 0.050,  8
train,    216, -10.562281,    4, 1.00,    2, 0.000, 0.000, 0.050,  8
train,    217, 11.230350,   14, 0.00,    2, 0.000, 0.000, 0.050,  8
update,   217,    3,  525, -11.445459, -0.000000
train,    218, -9.430189,    8, 1.00,    4, 0.000, 0.000, 0.050,  8
train,    219, -13.468309,    4, 1.00,    3, 0.000, 0.000, 0.050,  8
val,      219, -8.149426, 1.0000,   5.9000,   0.0000, 0.0000,  28.5103
train,    220, -14.323683,    5, 1.00,    2, 0.000, 0.000, 0.050,  8
train,    221, -7.797003,    8, 1.00,    2, 0.000, 0.000, 0.050,  8
train,    222, -7.201636,    8, 1.00,    1, 0.000, 0.000, 0.050,  8
train,    223, -14.449323,    5, 1.00,    4, 0.000, 0.000, 0.050,  8
train,    224, -10.681017,   10, 1.00,    1, 0.000, 0.000, 0.050,  8
train,    225, -11.651954,    7, 1.00,    4, 0.000, 0.000, 0.050,  8
train,    226, -13.811013,    5, 1.00,    4, 0.000, 0.000, 0.050,  8
train,    227, -8.597500,    6, 1.00,    2, 0.000, 0.000, 0.050,  8
train,    228, -9.718246,    5, 1.00,    2, 0.000, 0.000, 0.050,  8
train,    229, -9.863527,    6, 1.00,    2, 0.000, 0.000, 0.050,  8
val,      229, -8.714504, 1.0000,   5.4000,   0.0000, 0.0000,  28.1059
train,    230, -8.515789,    5, 1.00,    1, 0.000, 0.000, 0.050,  8
train,    231, -12.084254,    5, 1.00,    2, 0.000, 0.000, 0.050,  8
train,    232, -13.214403,    6, 1.00,    2, 0.000, 0.000, 0.050,  8
train,    233, -12.133506,    5, 1.00,    3, 0.000, 0.000, 0.050,  8
train,    234, -10.642706,    6, 1.00,    1, 0.000, 0.000, 0.050,  8
train,    235, -9.241807,    5, 1.00,    1, 0.000, 0.000, 0.050,  8
train,    236, -15.567193,    7, 1.00,    6, 0.000, 0.000, 0.050,  8
train,    237, -10.793584,   13, 1.00,    6, 0.000, 0.000, 0.050,  8
train,    238, -9.265963,    5, 1.00,    1, 0.000, 0.000, 0.050,  8
train,    239, -8.090641,   11, 1.00,    2, 0.000, 0.000, 0.050,  8
val,      239, -7.611984, 1.0000,   6.5000,   0.0000, 0.0000,  28.3098
train,    240, -11.715426,   11, 1.00,    4, 0.000, 0.000, 0.050,  8
train,    241, -10.452845,    4, 1.00,    1, 0.000, 0.000, 0.050,  8
train,    242, -11.096099,    7, 1.00,    3, 0.000, 0.000, 0.050,  8
train,    243, -14.001325,    6, 1.00,    4, 0.000, 0.000, 0.050,  8
train,    244, -8.131910,   10, 1.00,    1, 0.000, 0.000, 0.050,  8
train,    245, -8.869908,    8, 1.00,    2, 0.000, 0.000, 0.050,  8
train,    246, -10.123750,    6, 1.00,    2, 0.000, 0.000, 0.050,  8
train,    247, -11.082175,    7, 1.00,    2, 0.000, 0.000, 0.050,  8
train,    248, -9.337719,    5, 1.00,    2, 0.000, 0.000, 0.050,  8
train,    249, -13.962105,   11, 1.00,    5, 0.000, 0.000, 0.050,  8
val,      249, -8.201994, 1.0000,   6.2000,   0.0000, 0.0000,  28.2211
train,    250, -10.001016,   10, 1.00,    4, 0.000, 0.000, 0.050,  8
train,    251, -13.566045,    7, 1.00,    3, 0.000, 0.000, 0.050,  8
train,    252, -4.231711,   10, 1.00,    1, 0.000, 0.000, 0.050,  8
train,    253, -12.168645,    4, 1.00,    3, 0.000, 0.000, 0.050,  8
train,    254, -5.028418,   12, 1.00,    2, 0.000, 0.000, 0.050,  8
train,    255, -10.083103,    4, 1.00,    1, 0.000, 0.000, 0.050,  8
train,    256, -13.744734,    5, 1.00,    4, 0.000, 0.000, 0.050,  8
train,    257, -13.575104,    5, 1.00,    3, 0.000, 0.000, 0.050,  8
train,    258, -9.806763,    5, 1.00,    2, 0.000, 0.000, 0.050,  8
train,    259, -10.456807,    6, 1.00,    2, 0.000, 0.000, 0.050,  8
val,      259, -8.267878, 1.0000,   6.0000,   0.0000, 0.0000,  28.0228
train,    260, -8.816107,    7, 1.00,    3, 0.000, 0.000, 0.050,  8
train,    261, -10.735218,    7, 1.00,    4, 0.000, 0.000, 0.050,  8
train,    262, -11.699317,    5, 1.00,    1, 0.000, 0.000, 0.050,  8
train,    263, -8.893353,   10, 1.00,    5, 0.000, 0.000, 0.050,  8
train,    264, -9.096454,    8, 1.00,    1, 0.000, 0.000, 0.050,  8
train,    265, -5.262535,   12, 1.00,    3, 0.000, 0.000, 0.050,  8
train,    266, -12.664233,    5, 1.00,    3, 0.000, 0.000, 0.050,  8
train,    267, -12.416895,    5, 1.00,    2, 0.000, 0.000, 0.050,  8
train,    268, -9.150589,   12, 1.00,    4, 0.000, 0.000, 0.050,  8
train,    269, -10.218831,    6, 1.00,    2, 0.000, 0.000, 0.050,  8
val,      269, -8.324347, 1.0000,   5.4000,   0.0000, 0.0000,  28.4805
train,    270, -18.691984,    9, 1.00,    6, 0.000, 0.000, 0.050,  8
train,    271, -9.663064,   12, 1.00,    3, 0.000, 0.000, 0.050,  8
train,    272, -11.330699,    4, 1.00,    2, 0.000, 0.000, 0.050,  8
train,    273, -11.403223,    8, 1.00,    2, 0.000, 0.000, 0.050,  8
train,    274, -8.016450,    9, 1.00,    2, 0.000, 0.000, 0.050,  8
train,    275, -9.392105,    4, 1.00,    1, 0.000, 0.000, 0.050,  8
train,    276, -10.184858,    7, 1.00,    0, 0.000, 0.000, 0.050,  8
train,    277, -8.664370,   13, 1.00,    4, 0.000, 0.000, 0.050,  8
train,    278, -8.929103,    9, 1.00,    2, 0.000, 0.000, 0.050,  8
train,    279, 12.553189,   13, 0.00,    3, 0.000, 0.000, 0.050,  8
val,      279, -8.067271, 1.0000,   5.5000,   0.0000, 0.0000,  28.6024
curriculum,noise_cap 0.0000 -> 0.0000, entropy 0.0500 -> 0.0500
train,    280, -10.762105,    5, 1.00,    3, 0.000, 0.000, 0.050,  8
train,    281, -11.692444,    8, 1.00,    4, 0.000, 0.000, 0.050,  8
train,    282, -11.220669,   16, 1.00,    6, 0.000, 0.000, 0.050,  8
train,    283, -11.441428,    6, 1.00,    2, 0.000, 0.000, 0.050,  8
train,    284, -12.674290,    5, 1.00,    2, 0.000, 0.000, 0.050,  8
train,    285, -9.721130,    6, 1.00,    2, 0.000, 0.000, 0.050,  8
train,    286, -9.946974,    7, 1.00,    2, 0.000, 0.000, 0.050,  8
train,    287, -10.816883,    5, 1.00,    1, 0.000, 0.000, 0.050,  8
train,    288, -10.143169,    9, 1.00,    3, 0.000, 0.000, 0.050,  8
update,   288,    4,  520, -11.247078, 0.000000
