init,     2026-03-30 15:55:00.037721
arguments,Namespace(PPO_epochs=4, adv_norm=1, alg='ppo', cuda=0, curriculum_clean_ratio=1.0, curriculum_entropy_decay=0.85, curriculum_mode='adaptive', curriculum_noise_step=0.0, curriculum_patience=1, entropy=0.1, entropy_min=0.05, eps_clip=0.15, gae_lambda=0.97, gamma=0.995, grad_clip=0.5, gymip_train_xml='inverted_pendulum_ChangeThk_0.050000.xml', hid_group_num=8, hid_group_size=8, hidden_num=64, ignore_checkpoint=True, lane_profile='auto', lr=0.0005, max_noise=0.0, mini_batch_size=128, model='rwtaspk', monitor_time=False, optimizer='rmsprop', rep=11, response_window=40, reward_scale=1.0, road_scenario='merge', rollout_steps=512, rwta_del_connection='none', seed=13, snn_num_steps=15, task='gymip', thread=2, traffic_level='standard', train_num=5000)
seed,     13
model_dir,/root/autodl-tmp/SVPG2023/LANE/log_model/merge
profile,  lane auto-stabilize: lr->0.0005, gamma->0.995, PPO_epochs->4, eps_clip->0.15, rollout_steps->512, mini_batch_size->128, gae_lambda->0.97, grad_clip->0.5, curriculum_clean_ratio->0.8, max_noise->0.08, curriculum_noise_step->0.02, entropy_min->0.05, curriculum_clean_ratio->1.0, max_noise->0.0, curriculum_noise_step->0.0, curriculum_patience->1, curriculum_entropy_decay->0.85
train,    1, -15.124882,    7, 1.00,    4, 0.000, 0.000, 0.100,  8
train,    2, -6.931729,    8, 1.00,    1, 0.000, 0.000, 0.100,  8
train,    3, -9.149123,    5, 1.00,    2, 0.000, 0.000, 0.100,  8
train,    4, -8.558860,    5, 1.00,    1, 0.000, 0.000, 0.100,  8
train,    5, -9.455263,    4, 1.00,    1, 0.000, 0.000, 0.100,  8
train,    6, 23.378718,   14, 0.00,    4, 0.000, 0.000, 0.100,  8
train,    7, -12.237240,    7, 1.00,    3, 0.000, 0.000, 0.100,  8
train,    8, -11.537429,    6, 1.00,    3, 0.000, 0.000, 0.100,  8
train,    9, -11.316858,    4, 1.00,    2, 0.000, 0.000, 0.100,  8
val_save, 9, -14.720363, 1.0000,   6.4000,   6.4000, 0.0000,  28.2190
val,      9, -14.720363, 1.0000,   6.4000,   6.4000, 0.0000,  28.2190
curriculum,noise_cap 0.0000 -> 0.0000, entropy 0.1000 -> 0.0850
train,    10, -10.163070,    7, 1.00,    1, 0.000, 0.000, 0.085,  8
train,    11, -12.561726,    4, 1.00,    2, 0.000, 0.000, 0.085,  8
train,    12, -12.430706,    8, 1.00,    3, 0.000, 0.000, 0.085,  8
train,    13, -9.210799,    5, 1.00,    0, 0.000, 0.000, 0.085,  8
train,    14, -11.235929,   11, 1.00,    4, 0.000, 0.000, 0.085,  8
train,    15, -13.518127,    7, 1.00,    5, 0.000, 0.000, 0.085,  8
train,    16, -13.669610,   13, 1.00,    7, 0.000, 0.000, 0.085,  8
train,    17, -12.229674,    5, 1.00,    2, 0.000, 0.000, 0.085,  8
train,    18, -11.891357,    6, 1.00,    4, 0.000, 0.000, 0.085,  8
train,    19, -11.137033,    4, 1.00,    2, 0.000, 0.000, 0.085,  8
val,      19, -14.542339, 1.0000,   6.0000,   6.0000, 0.0000,  28.0076
train,    20, -10.195267,    6, 1.00,    2, 0.000, 0.000, 0.085,  8
train,    21, -11.972895,    5, 1.00,    2, 0.000, 0.000, 0.085,  8
train,    22, 16.436198,   15, 0.00,    7, 0.000, 0.000, 0.085,  8
train,    23, -12.422522,    5, 1.00,    2, 0.000, 0.000, 0.085,  8
train,    24, -11.213517,    5, 1.00,    1, 0.000, 0.000, 0.085,  8
train,    25, -10.629817,    5, 1.00,    1, 0.000, 0.000, 0.085,  8
train,    26, -12.118727,    5, 1.00,    2, 0.000, 0.000, 0.085,  8
train,    27, -11.944512,    5, 1.00,    2, 0.000, 0.000, 0.085,  8
train,    28, -7.147592,    6, 1.00,    1, 0.000, 0.000, 0.085,  8
train,    29, -11.706056,   12, 1.00,    7, 0.000, 0.000, 0.085,  8
val_save, 29, -12.023391, 0.9000,   6.8000,   6.8000, 0.1000,  28.4676
val,      29, -12.023391, 0.9000,   6.8000,   6.8000, 0.1000,  28.4676
curriculum,noise_cap 0.0000 -> 0.0000, entropy 0.0850 -> 0.0723
train,    30, -10.492573,   10, 1.00,    3, 0.000, 0.000, 0.072,  8
train,    31, -12.370373,    5, 1.00,    3, 0.000, 0.000, 0.072,  8
train,    32, 15.104451,   16, 0.00,    8, 0.000, 0.000, 0.072,  8
train,    33, -11.373598,    8, 1.00,    3, 0.000, 0.000, 0.072,  8
train,    34, -9.763155,    4, 1.00,    0, 0.000, 0.000, 0.072,  8
train,    35, -13.781779,    6, 1.00,    4, 0.000, 0.000, 0.072,  8
train,    36, -15.433825,    6, 1.00,    3, 0.000, 0.000, 0.072,  8
train,    37, -14.238496,    5, 1.00,    3, 0.000, 0.000, 0.072,  8
train,    38, -9.963287,    4, 1.00,    1, 0.000, 0.000, 0.072,  8
train,    39, -10.890415,    7, 1.00,    4, 0.000, 0.000, 0.072,  8
val,      39, -14.541231, 1.0000,   5.0000,   5.0000, 0.0000,  28.1854
train,    40, -10.547128,    5, 1.00,    1, 0.000, 0.000, 0.072,  8
train,    41, -11.389553,    6, 1.00,    1, 0.000, 0.000, 0.072,  8
train,    42, -12.728806,   14, 1.00,    6, 0.000, 0.000, 0.072,  8
train,    43, -13.480629,    5, 1.00,    4, 0.000, 0.000, 0.072,  8
train,    44, -12.456730,    5, 1.00,    3, 0.000, 0.000, 0.072,  8
train,    45, -11.779753,    5, 1.00,    1, 0.000, 0.000, 0.072,  8
train,    46, -13.053272,    5, 1.00,    1, 0.000, 0.000, 0.072,  8
train,    47, -17.177859,    5, 1.00,    4, 0.000, 0.000, 0.072,  8
train,    48, -7.925966,   15, 1.00,    2, 0.000, 0.000, 0.072,  8
train,    49, -13.974045,    5, 1.00,    3, 0.000, 0.000, 0.072,  8
val,      49, -14.587261, 1.0000,   6.4000,   6.4000, 0.0000,  28.4645
train,    50, -8.210395,    8, 1.00,    2, 0.000, 0.000, 0.072,  8
train,    51, -10.750959,    5, 1.00,    1, 0.000, 0.000, 0.072,  8
train,    52, 13.702424,   14, 0.00,   11, 0.000, 0.000, 0.072,  8
train,    53, -7.336773,    7, 1.00,    2, 0.000, 0.000, 0.072,  8
train,    54, -11.520184,    6, 1.00,    3, 0.000, 0.000, 0.072,  8
train,    55, -10.679121,    4, 1.00,    1, 0.000, 0.000, 0.072,  8
train,    56, -10.997642,   10, 1.00,    4, 0.000, 0.000, 0.072,  8
train,    57, -14.654705,    5, 1.00,    4, 0.000, 0.000, 0.072,  8
train,    58, -11.999128,    5, 1.00,    1, 0.000, 0.000, 0.072,  8
train,    59, -16.017295,   15, 1.00,    8, 0.000, 0.000, 0.072,  8
val,      59, -13.980761, 1.0000,   6.3000,   6.3000, 0.0000,  29.0109
train,    60, -13.881724,    5, 1.00,    3, 0.000, 0.000, 0.072,  8
train,    61, -9.828027,    5, 1.00,    2, 0.000, 0.000, 0.072,  8
train,    62, -8.301031,    7, 1.00,    1, 0.000, 0.000, 0.072,  8
train,    63, -11.146689,    4, 1.00,    1, 0.000, 0.000, 0.072,  8
train,    64, -5.581081,    9, 1.00,    1, 0.000, 0.000, 0.072,  8
train,    65, -9.876161,    8, 1.00,    2, 0.000, 0.000, 0.072,  8
train,    66, -11.407018,    5, 1.00,    4, 0.000, 0.000, 0.072,  8
train,    67, -11.465674,    4, 1.00,    2, 0.000, 0.000, 0.072,  8
train,    68, -14.827839,    4, 1.00,    4, 0.000, 0.000, 0.072,  8
train,    69, -10.776761,    7, 1.00,    3, 0.000, 0.000, 0.072,  8
val,      69, -14.626870, 1.0000,   6.3000,   6.3000, 0.0000,  28.2744
train,    70, -7.134466,    8, 1.00,    2, 0.000, 0.000, 0.072,  8
train,    71, -9.599372,   13, 1.00,    5, 0.000, 0.000, 0.072,  8
train,    72, -4.745302,   12, 1.00,    2, 0.000, 0.000, 0.072,  8
train,    73, -8.085761,    8, 1.00,    2, 0.000, 0.000, 0.072,  8
update,   73,    1,  518, -9.044053, -0.000000
train,    74, -14.513399,    8, 1.00,    6, 0.000, 0.000, 0.072,  8
train,    75, -15.891426,    5, 1.00,    5, 0.000, 0.000, 0.072,  8
train,    76, -13.472638,    6, 1.00,    3, 0.000, 0.000, 0.072,  8
train,    77, -12.020512,    4, 1.00,    2, 0.000, 0.000, 0.072,  8
train,    78, -11.488105,    6, 1.00,    2, 0.000, 0.000, 0.072,  8
train,    79, -11.057418,    7, 1.00,    4, 0.000, 0.000, 0.072,  8
val_save, 79, 16.817961, 0.2000,  15.2000,   0.0000, 0.8000,  20.3706
val,      79, 16.817961, 0.2000,  15.2000,   0.0000, 0.8000,  20.3706
curriculum,noise_cap 0.0000 -> 0.0000, entropy 0.0723 -> 0.0614
train,    80, -11.599975,   15, 1.00,    5, 0.000, 0.000, 0.061,  8
train,    81, -10.157925,    7, 1.00,    1, 0.000, 0.000, 0.061,  8
train,    82, -10.343671,    7, 1.00,    4, 0.000, 0.000, 0.061,  8
train,    83, 19.887280,   15, 0.00,    6, 0.000, 0.000, 0.061,  8
train,    84, -6.687066,    6, 1.00,    0, 0.000, 0.000, 0.061,  8
train,    85, -7.813086,   11, 1.00,    4, 0.000, 0.000, 0.061,  8
train,    86, -8.820558,    8, 1.00,    3, 0.000, 0.000, 0.061,  8
train,    87, -15.597093,    6, 1.00,    4, 0.000, 0.000, 0.061,  8
train,    88, -6.999660,    7, 1.00,    2, 0.000, 0.000, 0.061,  8
train,    89, -2.634266,   11, 1.00,    1, 0.000, 0.000, 0.061,  8
val,      89, 8.406242, 0.4000,  15.8000,   0.0000, 0.6000,  20.2507
train,    90, -16.280834,   10, 1.00,    6, 0.000, 0.000, 0.061,  8
train,    91, -12.871193,    7, 1.00,    2, 0.000, 0.000, 0.061,  8
train,    92, -13.113910,    8, 1.00,    4, 0.000, 0.000, 0.061,  8
train,    93, -14.589118,    6, 1.00,    3, 0.000, 0.000, 0.061,  8
train,    94, -9.003684,    6, 1.00,    1, 0.000, 0.000, 0.061,  8
train,    95, -9.518421,    4, 1.00,    1, 0.000, 0.000, 0.061,  8
train,    96, -11.300433,   12, 1.00,    5, 0.000, 0.000, 0.061,  8
train,    97, -12.053974,    4, 1.00,    2, 0.000, 0.000, 0.061,  8
train,    98, -14.337240,    5, 1.00,    3, 0.000, 0.000, 0.061,  8
train,    99, -11.663794,    5, 1.00,    2, 0.000, 0.000, 0.061,  8
val,      99, 7.646214, 0.4000,  14.5000,   0.0000, 0.6000,  20.3172
train,    100, 23.855369,   13, 0.00,    4, 0.000, 0.000, 0.061,  8
train,    101, -11.857892,    5, 1.00,    3, 0.000, 0.000, 0.061,  8
train,    102, -9.392754,    7, 1.00,    0, 0.000, 0.000, 0.061,  8
train,    103, -9.007249,    8, 1.00,    3, 0.000, 0.000, 0.061,  8
train,    104, -8.073813,    6, 1.00,    2, 0.000, 0.000, 0.061,  8
train,    105, -12.028070,    5, 1.00,    4, 0.000, 0.000, 0.061,  8
train,    106, -13.334495,    6, 1.00,    4, 0.000, 0.000, 0.061,  8
train,    107, 11.645801,   15, 0.00,    5, 0.000, 0.000, 0.061,  8
train,    108, -12.342138,    5, 1.00,    3, 0.000, 0.000, 0.061,  8
train,    109, -12.283182,    5, 1.00,    2, 0.000, 0.000, 0.061,  8
val,      109, 10.550493, 0.4000,  15.1000,   0.0000, 0.6000,  20.2055
train,    110, -19.112852,    9, 1.00,    5, 0.000, 0.000, 0.061,  8
train,    111, -13.968071,    5, 1.00,    4, 0.000, 0.000, 0.061,  8
train,    112, -6.597279,    7, 1.00,    1, 0.000, 0.000, 0.061,  8
train,    113, -9.331288,    8, 1.00,    3, 0.000, 0.000, 0.061,  8
train,    114, -13.067313,    4, 1.00,    3, 0.000, 0.000, 0.061,  8
train,    115, -10.499825,    6, 1.00,    4, 0.000, 0.000, 0.061,  8
train,    116, -13.573809,    6, 1.00,    3, 0.000, 0.000, 0.061,  8
train,    117, -13.153776,   12, 1.00,    5, 0.000, 0.000, 0.061,  8
train,    118, -8.891660,    8, 1.00,    1, 0.000, 0.000, 0.061,  8
train,    119, -9.496526,    7, 1.00,    3, 0.000, 0.000, 0.061,  8
val,      119, -0.525077, 0.7000,  13.3000,   0.0000, 0.3000,  20.1748
train,    120, -14.004598,    5, 1.00,    3, 0.000, 0.000, 0.061,  8
train,    121, -22.805081,   10, 1.00,    6, 0.000, 0.000, 0.061,  8
train,    122, -11.829461,    5, 1.00,    2, 0.000, 0.000, 0.061,  8
train,    123, -8.324351,   10, 1.00,    2, 0.000, 0.000, 0.061,  8
train,    124, 5.562435,   15, 0.00,    6, 0.000, 0.000, 0.061,  8
train,    125, -9.584339,    6, 1.00,    3, 0.000, 0.000, 0.061,  8
train,    126, -15.306879,    8, 1.00,    5, 0.000, 0.000, 0.061,  8
train,    127, -19.421369,   14, 1.00,    6, 0.000, 0.000, 0.061,  8
train,    128, -10.982921,    7, 1.00,    2, 0.000, 0.000, 0.061,  8
train,    129, -11.079879,    7, 1.00,    2, 0.000, 0.000, 0.061,  8
val_save, 129, 15.416175, 0.2000,  14.5000,   0.0000, 0.8000,  20.4347
val,      129, 15.416175, 0.2000,  14.5000,   0.0000, 0.8000,  20.4347
train,    130, -14.815487,    6, 1.00,    3, 0.000, 0.000, 0.061,  8
train,    131, -14.129041,    7, 1.00,    2, 0.000, 0.000, 0.061,  8
train,    132, -9.622807,    6, 1.00,    3, 0.000, 0.000, 0.061,  8
train,    133, -10.720175,    4, 1.00,    2, 0.000, 0.000, 0.061,  8
train,    134, -13.026801,   14, 1.00,    9, 0.000, 0.000, 0.061,  8
train,    135, -11.350273,    5, 1.00,    2, 0.000, 0.000, 0.061,  8
train,    136, -11.880694,    5, 1.00,    2, 0.000, 0.000, 0.061,  8
train,    137, -9.825776,    5, 1.00,    1, 0.000, 0.000, 0.061,  8
train,    138, -12.190548,    5, 1.00,    3, 0.000, 0.000, 0.061,  8
train,    139, -8.460832,   12, 1.00,    1, 0.000, 0.000, 0.061,  8
val,      139, 9.328022, 0.3000,  14.8000,   0.0000, 0.7000,  20.2457
train,    140, -10.784035,    4, 1.00,    1, 0.000, 0.000, 0.061,  8
train,    141, -12.392091,    6, 1.00,    3, 0.000, 0.000, 0.061,  8
train,    142, -12.637962,    5, 1.00,    3, 0.000, 0.000, 0.061,  8
update,   142,    2,  514, -9.902952, 0.000000
train,    143, -11.468976,   12, 1.00,    3, 0.000, 0.000, 0.061,  8
train,    144, -11.196095,    9, 1.00,    5, 0.000, 0.000, 0.061,  8
train,    145, -11.736465,   11, 1.00,    4, 0.000, 0.000, 0.061,  8
train,    146, -14.635066,   10, 1.00,    5, 0.000, 0.000, 0.061,  8
train,    147, -9.775315,    4, 1.00,    1, 0.000, 0.000, 0.061,  8
train,    148, -11.135184,    8, 1.00,    4, 0.000, 0.000, 0.061,  8
train,    149, -10.947560,    5, 1.00,    3, 0.000, 0.000, 0.061,  8
val,      149, 7.659359, 0.5000,  14.5000,   0.0000, 0.5000,  20.2664
train,    150, -13.768007,    5, 1.00,    2, 0.000, 0.000, 0.061,  8
train,    151, -9.453780,    7, 1.00,    3, 0.000, 0.000, 0.061,  8
train,    152, -10.563477,    5, 1.00,    1, 0.000, 0.000, 0.061,  8
train,    153, -10.592959,    5, 1.00,    1, 0.000, 0.000, 0.061,  8
train,    154, -10.789233,    8, 1.00,    5, 0.000, 0.000, 0.061,  8
train,    155, -12.643262,    7, 1.00,    2, 0.000, 0.000, 0.061,  8
train,    156, -14.380935,    5, 1.00,    3, 0.000, 0.000, 0.061,  8
train,    157, -13.130471,    4, 1.00,    3, 0.000, 0.000, 0.061,  8
train,    158, -12.498320,    4, 1.00,    2, 0.000, 0.000, 0.061,  8
train,    159, 2.838761,   16, 0.00,    7, 0.000, 0.000, 0.061,  8
val,      159, 3.959491, 0.6000,  12.9000,   0.0000, 0.4000,  20.3093
train,    160, -14.517199,    8, 1.00,    4, 0.000, 0.000, 0.061,  8
train,    161, -5.492606,   11, 1.00,    1, 0.000, 0.000, 0.061,  8
train,    162, 22.634328,   14, 0.00,    4, 0.000, 0.000, 0.061,  8
train,    163, -10.205228,    6, 1.00,    1, 0.000, 0.000, 0.061,  8
train,    164, -14.705103,    6, 1.00,    3, 0.000, 0.000, 0.061,  8
train,    165, -15.428564,    6, 1.00,    3, 0.000, 0.000, 0.061,  8
train,    166, -10.007083,    6, 1.00,    2, 0.000, 0.000, 0.061,  8
train,    167, -12.423190,    7, 1.00,    3, 0.000, 0.000, 0.061,  8
train,    168, -16.096122,   11, 1.00,    2, 0.000, 0.000, 0.061,  8
train,    169, 14.261608,   16, 0.00,    8, 0.000, 0.000, 0.061,  8
val,      169, 3.177091, 0.6000,  14.8000,   0.0000, 0.4000,  20.1747
train,    170, -12.690791,    9, 1.00,    4, 0.000, 0.000, 0.061,  8
train,    171, -6.822599,    7, 1.00,    1, 0.000, 0.000, 0.061,  8
train,    172, -13.298445,    5, 1.00,    3, 0.000, 0.000, 0.061,  8
train,    173, -9.774554,    7, 1.00,    3, 0.000, 0.000, 0.061,  8
train,    174, -12.408828,    7, 1.00,    3, 0.000, 0.000, 0.061,  8
train,    175, -4.582937,   10, 1.00,    3, 0.000, 0.000, 0.061,  8
train,    176, -8.459228,    7, 1.00,    3, 0.000, 0.000, 0.061,  8
train,    177, 22.715013,   14, 0.00,    4, 0.000, 0.000, 0.061,  8
train,    178, -13.795370,    9, 1.00,    4, 0.000, 0.000, 0.061,  8
train,    179, -11.460895,   11, 1.00,    5, 0.000, 0.000, 0.061,  8
val,      179, 2.943201, 0.6000,  13.6000,   0.0000, 0.4000,  20.2962
train,    180, 16.555449,   15, 0.00,    7, 0.000, 0.000, 0.061,  8
train,    181, -12.931241,    4, 1.00,    3, 0.000, 0.000, 0.061,  8
train,    182, -9.377174,    9, 1.00,    1, 0.000, 0.000, 0.061,  8
train,    183, 19.674152,   16, 0.00,    5, 0.000, 0.000, 0.061,  8
train,    184, -6.850000,    6, 1.00,    1, 0.000, 0.000, 0.061,  8
train,    185, -13.794104,    6, 1.00,    3, 0.000, 0.000, 0.061,  8
train,    186, -12.541122,    7, 1.00,    3, 0.000, 0.000, 0.061,  8
train,    187, -12.849123,    5, 1.00,    2, 0.000, 0.000, 0.061,  8
train,    188, -12.480702,    4, 1.00,    3, 0.000, 0.000, 0.061,  8
train,    189, -16.255571,   11, 1.00,    6, 0.000, 0.000, 0.061,  8
val,      189, 10.841693, 0.3000,  14.6000,   0.0000, 0.7000,  20.3301
train,    190, -13.421526,   13, 1.00,    5, 0.000, 0.000, 0.061,  8
train,    191, -10.299609,    5, 1.00,    2, 0.000, 0.000, 0.061,  8
train,    192, 23.439890,   14, 0.00,    4, 0.000, 0.000, 0.061,  8
train,    193, -5.318864,    8, 1.00,    0, 0.000, 0.000, 0.061,  8
train,    194, -14.077968,    7, 1.00,    4, 0.000, 0.000, 0.061,  8
train,    195, -12.200467,    5, 1.00,    2, 0.000, 0.000, 0.061,  8
train,    196, -10.051021,    8, 1.00,    4, 0.000, 0.000, 0.061,  8
train,    197, -13.965260,    5, 1.00,    3, 0.000, 0.000, 0.061,  8
train,    198, -10.652238,    6, 1.00,    2, 0.000, 0.000, 0.061,  8
train,    199, -14.595851,    6, 1.00,    4, 0.000, 0.000, 0.061,  8
val,      199, 3.554539, 0.5000,  14.6000,   0.0000, 0.5000,  20.2621
train,    200, -10.950098,    5, 1.00,    0, 0.000, 0.000, 0.061,  8
train,    201, -9.847592,    4, 1.00,    1, 0.000, 0.000, 0.061,  8
train,    202, 21.213583,   13, 0.00,    6, 0.000, 0.000, 0.061,  8
train,    203, -10.324591,    5, 1.00,    1, 0.000, 0.000, 0.061,  8
train,    204, 13.517432,   14, 0.00,    1, 0.000, 0.000, 0.061,  8
train,    205, -14.289539,   10, 1.00,    5, 0.000, 0.000, 0.061,  8
update,   205,    3,  513, -6.300567, 0.000000
train,    206, -8.313820,    9, 1.00,    1, 0.000, 0.000, 0.061,  8
train,    207, -10.223682,    4, 1.00,    1, 0.000, 0.000, 0.061,  8
train,    208, -10.540351,    4, 1.00,    2, 0.000, 0.000, 0.061,  8
train,    209, -10.414962,    8, 1.00,    2, 0.000, 0.000, 0.061,  8
val,      209, 2.947377, 0.6000,  14.1000,   0.0000, 0.4000,  20.2359
train,    210, -10.021470,   10, 1.00,    5, 0.000, 0.000, 0.061,  8
train,    211, -11.237973,    6, 1.00,    2, 0.000, 0.000, 0.061,  8
train,    212, -13.347918,   12, 1.00,    7, 0.000, 0.000, 0.061,  8
train,    213, -14.591547,    5, 1.00,    4, 0.000, 0.000, 0.061,  8
train,    214, -11.167213,    8, 1.00,    4, 0.000, 0.000, 0.061,  8
train,    215, -12.390390,    6, 1.00,    2, 0.000, 0.000, 0.061,  8
train,    216, 20.965524,   15, 0.00,    4, 0.000, 0.000, 0.061,  8
train,    217, -9.780249,    6, 1.00,    2, 0.000, 0.000, 0.061,  8
