init,     2026-04-08 22:20:12.007561
arguments,Namespace(lr=0.001, gamma=0.97, entropy=0.1, PPO_epochs=5, eps_clip=0.2, alg='ppo', cuda=-1, thread=-1, train_num=2000, rep=11, ignore_checkpoint=False, monitor_time=False, task='gymip', model='rwtaspk', optimizer='rmsprop', gymip_train_xml='inverted_pendulum_ChangeThk_0.050000.xml', hidden_num=64, hid_group_num=8, hid_group_size=8, rwta_del_connection='none', response_window=40, snn_num_steps=15, road_scenario='merge', traffic_level='standard', skip_post_tests=False)
model_dir,/root/autodl-tmp/SVPG2023/LANE/training_runs/baseline/merge/models
log_dir,  /root/autodl-tmp/SVPG2023/LANE/training_runs/baseline/merge/logs
train,    1, -72.512187,   11
train,    2, -57.169549,    9
train,    3, -72.250744,   11
train,    4, -68.506342,   12
train,    5, -74.217739,   13
train,    6, -71.256968,   11
train,    7, -72.623164,   11
train,    8, -65.745078,   10
train,    9, -69.127922,   11
train,    10, -62.133611,   12
train,    11, -71.877024,   13
train,    12, -55.512167,    9
train,    13, -84.867481,   12
train,    14, -62.236304,   12
train,    15, -87.683012,   13
train,    16, -74.868306,   12
train,    17, -74.549124,   11
train,    18, -72.506240,   11
train,    19, -59.546144,   10
train,    20, -81.845502,   14
train,    21, -72.922219,   11
train,    22, -84.234210,   12
train,    23, -55.376705,   16
train,    24, -72.582709,   11
train,    25, -83.879731,   14
train,    26, -71.991713,   11
train,    27, -60.766674,   10
train,    28, -81.420237,   14
train,    29, -55.408361,   14
train,    30, -74.010651,   11
train,    31, -75.526326,   11
train,    32, -65.493087,   10
train,    33, -60.814420,   10
train,    34, -80.217853,   12
train,    35, -72.496150,   11
train,    36, -60.683851,   14
train,    37, -87.140036,   13
train,    38, -60.736263,   10
train,    39, -71.755699,   11
train,    40, -65.988659,   10
train,    41, -60.547856,   10
train,    42, -72.099737,   11
train,    43, -78.347063,   12
train,    44, -78.957353,   14
train,    45, -60.226542,   10
train,    46, -74.254894,   11
train,    47, -72.409837,   11
train,    48, -60.254749,   10
train,    49, -70.768055,   11
train,    50, -63.557027,   10
train,    51, -91.860272,   12
train,    52, -56.287868,    9
train,    53, -80.969776,   14
train,    54, -60.673552,   10
train,    55, -60.886847,   10
train,    56, -87.203292,   14
train,    57, -75.289928,   13
train,    58, -74.142826,   12
train,    59, -60.952501,   10
train,    60, -55.135913,    8
train,    61, -63.811929,   10
train,    62, -66.650259,   10
train,    63, 30.951381,   12
train,    64, -66.953633,   10
train,    65, -61.064862,   10
train,    66, -72.854364,   12
train,    67, -74.247333,   11
train,    68, -51.289719,   12
train,    69, -58.309309,   11
train,    70, -61.352802,   10
train,    71, -55.098959,    8
train,    72, -61.200933,   10
train,    73, 30.308633,   12
train,    74, -62.817245,   12
train,    75, -60.347281,   10
train,    76, -68.130297,   11
train,    77, -61.400591,   10
train,    78, -61.673831,   10
train,    79, -60.638012,   10
train,    80, -62.745661,   10
train,    81, -55.440655,    8
train,    82, -54.471765,   11
train,    83, -57.541000,   10
train,    84, -58.908262,   10
train,    85, -62.914010,   10
train,    86, 29.064908,   12
train,    87, -60.428050,   10
train,    88, -5.247911,   12
train,    89, -54.529350,    8
train,    90, -65.920877,   10
train,    91, -62.813084,   10
train,    92, -61.095324,   10
train,    93, -61.379230,   11
train,    94, -63.587015,   11
train,    95, -64.567963,   11
train,    96, -65.802934,   10
train,    97, -55.563317,    8
train,    98, 29.694847,   12
train,    99, -61.799756,   10
val_save, 99,   -60.151979,    10.0000
val,      99,   -60.151979,    10.0000
train,    100, -54.866833,    8
train,    101, -54.955164,    8
train,    102, -58.671231,    9
train,    103, -60.356229,   10
train,    104, -60.668311,   12
train,    105, -65.013085,   10
train,    106, -73.147473,   11
train,    107, -75.196238,   11
train,    108, -59.638941,   10
train,    109, -56.957239,   13
train,    110, -86.098900,   12
train,    111, -74.011113,   15
train,    112, -59.158075,   10
train,    113, -53.938455,    8
train,    114, -64.244422,   10
train,    115, 23.236000,   14
train,    116, -54.303786,    8
train,    117, -60.255477,   10
train,    118, 31.952630,   12
train,    119, -54.889493,    8
train,    120, -5.289641,   12
train,    121, -61.244747,   10
train,    122, 30.747649,   12
train,    123, -55.032299,    8
train,    124, -60.281771,   10
train,    125, -61.407081,   10
train,    126, -54.219311,    8
train,    127, 30.923204,   12
train,    128, -54.990603,    8
train,    129, -57.201401,    9
train,    130, 30.836353,   12
train,    131, -60.637833,   10
train,    132, -60.637789,   10
train,    133, -54.252714,    8
train,    134, -57.120450,    9
train,    135, -60.528527,   10
train,    136, -60.384513,   10
train,    137, -60.786601,   10
train,    138, -61.369434,   10
train,    139, 31.918783,   12
train,    140, -58.515494,   10
train,    141, -57.554959,    8
train,    142, -60.663855,   10
train,    143, -58.373263,   10
train,    144, -60.386770,   10
train,    145, -66.049786,   10
train,    146, -60.324645,   10
train,    147, -60.387796,   10
train,    148, -60.245491,   10
train,    149, -60.138841,   10
train,    150, 31.693657,   12
train,    151, -60.053934,   10
train,    152, -60.301128,   10
train,    153, -60.308451,   10
train,    154, -60.357521,   10
train,    155, -60.137328,   10
train,    156, -60.241637,   10
train,    157, -60.390415,   10
train,    158, -54.003883,    8
train,    159, -60.135257,   10
train,    160, -65.411957,   10
train,    161, -60.367215,   10
train,    162, -60.565955,   10
train,    163, 32.034857,   12
train,    164, -60.239500,   10
train,    165, -3.250065,   12
train,    166, -60.404992,   10
train,    167, -60.178763,   10
train,    168, 30.424407,   12
train,    169, -60.813720,   10
train,    170, -61.711769,   10
train,    171, -60.618008,   10
train,    172, -60.498966,   10
train,    173, -60.600009,   10
train,    174, -65.997920,   10
train,    175, -61.197191,   10
train,    176, -60.834774,   10
train,    177, -60.675614,   10
train,    178, -60.766656,   10
train,    179, -61.230829,   10
train,    180, -60.850974,   10
train,    181, -60.320654,   10
train,    182, -60.256032,   10
train,    183, -60.509226,   10
train,    184, -60.135621,   10
train,    185, -60.137675,   10
train,    186, -60.336628,   10
train,    187, -60.055842,   10
train,    188, -60.055225,   10
train,    189, -60.053342,   10
train,    190, -60.055296,   10
train,    191, -60.254018,   10
train,    192, -60.057215,   10
train,    193, -60.282288,   10
train,    194, -60.057193,   10
train,    195, -65.325366,   10
train,    196, -60.053341,   10
train,    197, -60.183390,   10
train,    198, -60.259232,   10
train,    199, -60.143927,   10
val,      199,   -60.172679,    10.0000
train,    200, -60.308170,   10
train,    201, -60.252078,   10
train,    202, -60.372972,   10
train,    203, -60.136000,   10
train,    204, -60.052713,   10
train,    205, -60.319085,   10
train,    206, -60.407054,   10
train,    207, -60.056764,   10
train,    208, -60.272987,   10
train,    209, -60.272051,   10
train,    210, -60.056985,   10
train,    211, -60.052453,   10
train,    212, -60.156662,   10
train,    213, -60.259637,   10
train,    214, -60.052661,   10
train,    215, 31.801728,   12
train,    216, -60.058548,   10
train,    217, -60.295780,   10
train,    218, -60.053219,   10
train,    219, -60.058380,   10
train,    220, -60.300067,   10
train,    221, -60.258171,   10
train,    222, -60.229901,   10
train,    223, -60.053000,   10
train,    224, -60.272041,   10
train,    225, -60.053522,   10
train,    226, -60.174909,   10
train,    227, -60.055361,   10
train,    228, -60.058933,   10
train,    229, -60.173032,   10
train,    230, -60.184467,   10
train,    231, -60.274584,   10
train,    232, -60.241629,   10
train,    233, -60.321785,   10
train,    234, -60.056742,   10
train,    235, -60.291981,   10
train,    236, -54.242768,    8
train,    237, -60.283855,   10
train,    238, -60.052545,   10
train,    239, -60.236114,   10
train,    240, -60.185566,   10
train,    241, -54.119368,    8
train,    242, -60.318079,   10
train,    243, -60.576913,   10
train,    244, -60.135075,   10
train,    245, -61.473958,   10
train,    246, -60.636575,   10
train,    247, 29.560626,   12
train,    248, -55.180161,    8
train,    249, -60.880777,   10
train,    250, -62.033689,   10
train,    251, -61.006809,   10
train,    252, -61.908952,   10
train,    253, -54.375349,    8
train,    254, -61.097595,   10
train,    255, 31.083067,   12
train,    256, -60.155749,   10
train,    257, -60.311226,   10
train,    258, -60.257972,   10
train,    259, -60.178291,   10
train,    260, -60.621255,   10
train,    261, -57.637515,    8
train,    262, -63.800955,   10
train,    263, -60.551190,   10
train,    264, -60.284611,   10
train,    265, -60.948778,   10
train,    266, -60.953779,   10
train,    267, -61.200276,   10
train,    268, -60.058646,   10
train,    269, -61.099537,   10
train,    270, -60.942452,   10
train,    271, -61.085980,   10
train,    272, -61.130232,   10
train,    273, -65.831598,   10
train,    274, -61.412770,   10
train,    275, -61.763973,   10
train,    276, -61.414979,   10
train,    277, -61.657205,   10
train,    278, -61.453982,   10
train,    279, -62.096960,   10
train,    280, -61.691553,   10
train,    281, -62.277616,   10
train,    282, -61.099043,   10
train,    283, -61.797415,   10
train,    284, -61.163588,   10
train,    285, -61.515968,   10
train,    286, -61.448992,   10
train,    287, -62.012794,   10
train,    288, -61.196211,   10
train,    289, -60.790617,   10
train,    290, -61.264381,   10
train,    291, -62.042974,   10
train,    292, -62.276943,   10
train,    293, -61.744976,   10
train,    294, -61.934490,   10
train,    295, -61.764187,   10
train,    296, -61.761707,   10
train,    297, -61.727790,   10
train,    298, -61.830038,   10
train,    299, -60.915466,   10
val,      299,   -62.502127,    10.0000
train,    300, -61.704213,   10
train,    301, -61.696410,   10
train,    302, -61.096879,   10
train,    303, -61.511883,   10
train,    304, -60.536655,   10
train,    305, -61.254405,   10
train,    306, -61.373007,   10
train,    307, -60.802083,   10
train,    308, -60.330013,   10
train,    309, -60.250625,   10
train,    310, -60.891440,   10
train,    311, -61.015294,   10
train,    312, -60.352969,   10
train,    313, -60.408317,   10
train,    314, -60.851860,   10
train,    315, -61.200390,   10
train,    316, -60.938584,   10
train,    317, -61.097314,   10
train,    318, -61.234421,   10
train,    319, -60.886823,   10
train,    320, -61.763559,   10
train,    321, -60.668665,   10
train,    322, -61.074234,   10
train,    323, -60.633539,   10
train,    324, -61.733334,   10
train,    325, -62.293644,   10
train,    326, 30.043235,   12
train,    327, -62.079774,   10
train,    328, -60.628931,   10
train,    329, -61.479358,   10
train,    330, -62.298740,   10
train,    331, -61.521660,   10
train,    332, -64.551705,   10
train,    333, -66.538969,   10
train,    334, 29.505694,   12
train,    335, -62.082416,   10
train,    336, -60.848883,   10
train,    337, -60.880122,   10
train,    338, -62.202641,   10
train,    339, -61.731721,   10
train,    340, -61.958873,   10
train,    341, -62.081898,   10
train,    342, -62.078582,   10
train,    343, -62.362278,   10
train,    344, -62.030848,   10
train,    345, -61.481761,   10
train,    346, -62.210239,   10
train,    347, -61.571931,   10
train,    348, -61.761281,   10
train,    349, -62.076384,   10
train,    350, -67.035662,   10
train,    351, -61.990544,   10
train,    352, -61.416320,   10
train,    353, -61.560207,   10
train,    354, -61.549878,   10
train,    355, -60.814543,   10
train,    356, -62.508392,   10
train,    357, -62.493387,   10
train,    358, -61.973885,   10
train,    359, -62.233467,   10
train,    360, -62.164216,   10
train,    361, -62.075878,   10
train,    362, -61.133243,   10
train,    363, -61.855142,   10
train,    364, -61.660822,   10
train,    365, -62.110104,   10
train,    366, -62.042518,   10
train,    367, -62.360929,   10
train,    368, -61.425046,   10
train,    369, -61.729893,   10
train,    370, -62.082041,   10
train,    371, -62.301007,   10
train,    372, 28.845866,   12
train,    373, -61.761865,   10
train,    374, -62.640942,   10
train,    375, -62.346902,   10
train,    376, -62.229850,   10
train,    377, -62.653689,   10
train,    378, 28.344325,   12
train,    379, 23.141677,   13
train,    380, -61.989102,   10
train,    381, -62.301720,   10
train,    382, -61.730388,   10
train,    383, -62.596049,   10
train,    384, -62.392340,   10
train,    385, -62.048924,   10
train,    386, -62.840508,   10
train,    387, -62.362926,   10
train,    388, -62.673386,   10
train,    389, -62.110324,   10
train,    390, -62.894708,   10
train,    391, -62.580859,   10
train,    392, -62.042592,   10
train,    393, -61.963969,   10
train,    394, -62.075947,   10
train,    395, -62.259582,   10
train,    396, -62.604751,   10
train,    397, -62.254504,   10
train,    398, -62.240209,   10
train,    399, -62.677906,   10
val,      399,   -62.757051,    10.0000
train,    400, -62.915821,   10
train,    401, -62.554493,   10
train,    402, -62.359112,   10
train,    403, -62.601705,   10
train,    404, -62.576669,   10
train,    405, -62.361835,   10
train,    406, -62.204824,   10
train,    407, -62.359360,   10
train,    408, -62.570785,   10
train,    409, -62.397318,   10
train,    410, -62.642789,   10
train,    411, -62.362754,   10
train,    412, -62.875800,   10
train,    413, -62.015283,   10
train,    414, -62.495738,   10
train,    415, -62.218491,   10
train,    416, -62.584778,   10
train,    417, -62.574156,   10
train,    418, 28.683987,   12
train,    419, -62.357970,   10
train,    420, -62.359179,   10
train,    421, -56.428688,    8
train,    422, -63.273720,   10
train,    423, -74.348450,   11
train,    424, -55.182348,    8
train,    425, -63.471350,   10
train,    426, -62.977851,   10
train,    427, -62.974028,   10
train,    428, -62.732423,   10
train,    429, 28.946980,   12
train,    430, -62.933537,   10
train,    431, -62.361332,   10
train,    432, -62.673713,   10
train,    433, -62.394833,   10
train,    434, -62.823667,   10
train,    435, -62.973783,   10
train,    436, -62.520712,   10
train,    437, -56.609850,    8
train,    438, -62.394418,   10
train,    439, -55.700673,    8
train,    440, -62.878611,   10
train,    441, -61.559817,   10
train,    442, -60.468854,   10
train,    443, -61.965322,   10
train,    444, -60.814274,   10
train,    445, -61.783473,   10
train,    446, -61.629075,   10
train,    447, -61.313493,   10
train,    448, 30.822486,   12
train,    449, -62.025967,   10
train,    450, -62.033287,   10
train,    451, -61.889633,   10
train,    452, -61.500643,   10
train,    453, -62.193726,   10
train,    454, 29.808698,   12
train,    455, -61.952909,   10
train,    456, -61.145923,   10
train,    457, -60.999774,   10
train,    458, -61.127599,   10
train,    459, -61.413011,   10
train,    460, -62.001501,   10
train,    461, -60.814480,   10
train,    462, -60.776058,   10
train,    463, -61.353566,   10
train,    464, -62.295963,   10
train,    465, -61.476141,   10
train,    466, -61.497035,   10
train,    467, -60.566665,   10
train,    468, -60.915749,   10
train,    469, -61.779317,   10
train,    470, -61.322631,   10
train,    471, -60.483203,   10
train,    472, -60.779396,   10
train,    473, -60.917204,   10
train,    474, -61.165842,   10
train,    475, -60.914127,   10
train,    476, -60.319874,   10
train,    477, -60.915534,   10
train,    478, -60.284298,   10
train,    479, -61.633702,   10
train,    480, -60.419634,   10
train,    481, -60.633155,   10
train,    482, -61.511908,   10
train,    483, -60.610171,   10
train,    484, -60.309451,   10
train,    485, -60.774276,   10
train,    486, -60.499183,   10
train,    487, -60.389752,   10
train,    488, -61.130649,   10
train,    489, -60.879072,   10
train,    490, -60.355497,   10
train,    491, -60.882383,   10
train,    492, -61.327216,   10
train,    493, 31.040215,   12
train,    494, -61.186727,   10
train,    495, -60.881859,   10
train,    496, -58.170335,    8
train,    497, -61.448182,   10
train,    498, -60.134864,   10
train,    499, -60.536563,   10
val,      499,   -60.206329,    10.0000
train,    500, -65.366664,   10
train,    501, -60.289618,   10
train,    502, 30.946336,   12
train,    503, -60.669717,   10
train,    504, -60.308693,   10
train,    505, -61.275857,   10
train,    506, -60.844259,   10
train,    507, -60.803590,   10
train,    508, -60.977854,   10
train,    509, -60.749256,   10
train,    510, -60.565279,   10
train,    511, -60.850119,   10
train,    512, -60.216784,   10
train,    513, -60.814208,   10
train,    514, -61.704433,   10
train,    515, -60.907288,   10
train,    516, -61.649986,   10
train,    517, -61.667961,   10
train,    518, -60.820667,   10
train,    519, -60.848789,   10
train,    520, -60.831177,   10
train,    521, -61.388457,   10
train,    522, -65.532400,   10
train,    523, -60.250927,   10
train,    524, -58.785497,   10
train,    525, -60.982329,   10
train,    526, -54.404542,    9
train,    527, -71.784344,   11
train,    528, -60.818914,   10
train,    529, -54.745311,    8
train,    530, 30.714506,   12
train,    531, -57.056634,    9
train,    532, -60.138459,   10
train,    533, -60.326393,   10
train,    534, -60.693177,   10
train,    535, -73.340860,   11
train,    536, -54.897127,    8
train,    537, -72.332916,   11
train,    538, -54.567117,    8
train,    539, -71.318185,   11
train,    540, -91.631171,   12
train,    541, -61.462414,   10
train,    542, -55.712674,    9
train,    543, -65.279599,   10
train,    544, -57.837883,   11
train,    545, -71.338686,   11
train,    546, -60.138926,   10
train,    547, -72.583615,   13
train,    548, -75.843356,   14
train,    549, -59.578936,   11
train,    550, -71.534054,   13
train,    551, -73.840994,   11
train,    552, -59.565539,   10
train,    553, -70.401484,   14
train,    554, -56.415382,   14
train,    555, -53.615769,   11
train,    556, -66.008891,   10
train,    557, -65.524153,   10
train,    558, -71.241709,   11
train,    559, 26.078346,   13
train,    560, -60.140480,   10
train,    561, -61.328277,   10
train,    562, -61.087697,   10
train,    563, -55.531121,    8
train,    564, -60.709445,   10
train,    565, -60.686350,   10
train,    566, 32.296087,   13
train,    567, -61.951943,    8
train,    568, -60.386305,   10
train,    569, -55.083596,    8
train,    570, 29.951748,   12
train,    571, -55.890308,   10
train,    572, -61.538518,   10
train,    573, -60.601716,   10
train,    574, -60.863786,   10
train,    575, -61.118501,   10
train,    576, 30.434834,   12
train,    577, -55.332359,    8
train,    578, -60.886365,   10
train,    579, -54.401472,    8
train,    580, -61.033307,   10
train,    581, -54.432674,    8
train,    582, 30.227104,   12
train,    583, -60.881125,   10
train,    584, -60.806187,   10
train,    585, -54.568134,    8
train,    586, -58.384290,    8
train,    587, -54.468093,    8
train,    588, -60.283298,   10
train,    589, -61.807535,   10
train,    590, 32.487017,   13
train,    591, -61.230124,   10
train,    592, -60.828483,   10
train,    593, 30.109532,   12
train,    594, 31.493401,   12
train,    595, -59.036761,    8
train,    596, -54.974330,    8
train,    597, 31.039996,   12
train,    598, -60.776630,   10
train,    599, -61.080245,   10
val,      599,   -60.210322,    10.0000
train,    600, -61.382522,   10
train,    601, 31.221443,   12
train,    602, -55.282689,    8
train,    603, -60.499862,   10
train,    604, -54.343910,    8
train,    605, -60.320124,   10
train,    606, 31.636673,   12
train,    607, -60.600055,   10
train,    608, -60.395491,   10
