init,     2026-03-26 23:47:45.763299
arguments,Namespace(PPO_epochs=4, adv_norm=1, alg='ppo', cuda=0, curriculum_clean_ratio=0.8, curriculum_entropy_decay=0.9, curriculum_mode='adaptive', curriculum_noise_step=0.02, curriculum_patience=2, entropy=2.0, entropy_min=0.1, eps_clip=0.15, gae_lambda=0.97, gamma=0.995, grad_clip=0.5, gymip_train_xml='inverted_pendulum_ChangeThk_0.050000.xml', hid_group_num=8, hid_group_size=8, hidden_num=64, ignore_checkpoint=True, lane_profile='auto', lr=0.0005, max_noise=0.08, mini_batch_size=128, model='rwtaspk', monitor_time=False, optimizer='rmsprop', rep=11, response_window=40, reward_scale=1.0, rollout_steps=512, rwta_del_connection='none', seed=6, snn_num_steps=15, task='gymip', thread=-1, train_num=2000)
seed,     6
profile,  lane auto-stabilize: lr->0.0005, gamma->0.995, entropy->2.0, PPO_epochs->4, eps_clip->0.15, rollout_steps->512, mini_batch_size->128, gae_lambda->0.97, grad_clip->0.5, curriculum_clean_ratio->0.8, max_noise->0.08, curriculum_noise_step->0.02
train,    1, -2.010811,   24, 1.00,    6, 0.000, 0.000, 2.000, 18
train,    2, -9.163982,   16, 1.00,    5, 0.000, 0.000, 2.000, 18
train,    3, -19.066338,    4, 1.00,    3, 0.000, 0.000, 2.000, 18
train,    4, -15.849325,    3, 1.00,    1, 0.000, 0.000, 2.000, 18
train,    5, -6.006122,   21, 1.00,    8, 0.000, 0.000, 2.000, 18
train,    6, -14.252068,    7, 1.00,    3, 0.000, 0.000, 2.000, 18
train,    7, -18.072178,   10, 1.00,    6, 0.000, 0.000, 2.000, 18
train,    8, -6.949361,   12, 1.00,    3, 0.000, 0.000, 2.000, 18
train,    9, -14.867593,    4, 1.00,    1, 0.000, 0.000, 2.000, 18
train,    10, -13.672895,   11, 1.00,    4, 0.000, 0.000, 2.000, 18
train,    11, -0.589984,   25, 1.00,    7, 0.000, 0.000, 2.000, 18
train,    12, -7.503440,   20, 1.00,    8, 0.000, 0.000, 2.000, 18
train,    13, -12.884838,    5, 1.00,    1, 0.000, 0.000, 2.000, 18
train,    14, -6.930798,   11, 1.00,    2, 0.000, 0.000, 2.000, 18
train,    15, -10.186024,   12, 1.00,    4, 0.000, 0.000, 2.000, 18
train,    16, -18.673394,    4, 1.00,    3, 0.000, 0.000, 2.000, 18
train,    17, -2.049085,   34, 1.00,   15, 0.000, 0.000, 2.000, 18
train,    18, -14.526118,    6, 1.00,    2, 0.000, 0.000, 2.000, 18
train,    19, -10.063751,   16, 1.00,    7, 0.000, 0.000, 2.000, 18
train,    20, -15.708974,    3, 1.00,    1, 0.000, 0.000, 2.000, 18
train,    21, -17.875140,    3, 1.00,    2, 0.000, 0.000, 2.000, 18
train,    22, -11.137074,   32, 1.00,   17, 0.000, 0.000, 2.000, 18
train,    23, -9.467457,    9, 1.00,    2, 0.000, 0.000, 2.000, 18
train,    24, -16.241842,    3, 1.00,    1, 0.000, 0.000, 2.000, 18
val_save, 24, -25.197650, 1.0000,  10.4000,  10.4000
val,      24, -25.197650, 1.0000,  10.4000,  10.4000
train,    25, -7.938164,   44, 1.00,   23, 0.000, 0.000, 2.000, 18
train,    26, -14.863597,   15, 1.00,    8, 0.000, 0.000, 2.000, 18
train,    27, -7.449807,   29, 1.00,   12, 0.000, 0.000, 2.000, 18
train,    28, -11.729804,   15, 1.00,    6, 0.000, 0.000, 2.000, 18
train,    29, -9.802348,   16, 1.00,    6, 0.000, 0.000, 2.000, 18
train,    30, -9.489961,   16, 1.00,    7, 0.000, 0.000, 2.000, 18
train,    31, -15.779150,    3, 1.00,    1, 0.000, 0.000, 2.000, 18
train,    32, -19.005630,    7, 1.00,    5, 0.000, 0.000, 2.000, 18
train,    33, -17.222766,    4, 1.00,    2, 0.000, 0.000, 2.000, 18
train,    34, -16.643556,    4, 1.00,    2, 0.000, 0.000, 2.000, 18
train,    35, -4.992785,   11, 1.00,    1, 0.000, 0.000, 2.000, 18
train,    36, -8.227727,   23, 1.00,   11, 0.000, 0.000, 2.000, 18
train,    37, -12.175478,    8, 1.00,    3, 0.000, 0.000, 2.000, 18
train,    38, -2.741566,   13, 1.00,    0, 0.000, 0.000, 2.000, 18
train,    39, -12.544465,    5, 1.00,    1, 0.000, 0.000, 2.000, 18
train,    40, 3.522393,   44, 1.00,   20, 0.000, 0.000, 2.000, 18
update,   40,    1,  552, -8.587874, 0.000000
train,    41, -8.056019,   10, 1.00,    3, 0.000, 0.000, 2.000, 18
train,    42, -0.980191,   29, 1.00,    9, 0.000, 0.000, 2.000, 18
train,    43, -1.350331,   26, 1.00,    8, 0.000, 0.000, 2.000, 18
train,    44, -9.165189,   18, 1.00,   10, 0.000, 0.000, 2.000, 18
train,    45, -13.288411,   15, 1.00,    8, 0.000, 0.000, 2.000, 18
train,    46, -6.613703,   16, 1.00,    4, 0.000, 0.000, 2.000, 19
train,    47, -14.187206,    4, 1.00,    1, 0.000, 0.000, 2.000, 19
train,    48, -9.890343,   19, 1.00,    9, 0.000, 0.000, 2.000, 19
train,    49, 1.300222,   34, 1.00,   13, 0.000, 0.000, 2.000, 19
val_save, 49, 0.117684, 1.0000,  15.6000,   0.0000
val,      49, 0.117684, 1.0000,  15.6000,   0.0000
curriculum,noise_cap 0.0000 -> 0.0200, entropy 2.0000 -> 1.8000
train,    50, -11.192537,    7, 1.00,    2, 0.000, 0.020, 1.800, 19
train,    51, -15.338881,    8, 1.00,    3, 0.020, 0.020, 1.800, 19
train,    52, -3.351083,   19, 1.00,    5, 0.000, 0.020, 1.800, 19
train,    53, -7.632441,   24, 1.00,   11, 0.000, 0.020, 1.800, 19
train,    54, -1.568912,   27, 1.00,    9, 0.000, 0.020, 1.800, 19
train,    55, -13.359933,    8, 1.00,    2, 0.000, 0.020, 1.800, 19
train,    56, -13.734986,    4, 1.00,    0, 0.000, 0.020, 1.800, 19
train,    57, -9.738229,   16, 1.00,    5, 0.000, 0.020, 1.800, 19
train,    58, -8.729868,   15, 1.00,    6, 0.000, 0.020, 1.800, 19
train,    59, -13.563180,    7, 1.00,    2, 0.000, 0.020, 1.800, 19
train,    60, -9.164859,   17, 1.00,    5, 0.000, 0.020, 1.800, 19
train,    61, -9.969778,   14, 1.00,    4, 0.020, 0.020, 1.800, 19
train,    62, -5.413426,   24, 1.00,    8, 0.000, 0.020, 1.800, 19
train,    63, -14.695474,    4, 1.00,    1, 0.000, 0.020, 1.800, 19
train,    64, -11.310998,   17, 1.00,    7, 0.000, 0.020, 1.800, 19
train,    65, -4.690643,   21, 1.00,    6, 0.000, 0.020, 1.800, 19
train,    66, -11.254632,   14, 1.00,    6, 0.000, 0.020, 1.800, 19
train,    67, -5.199508,   16, 1.00,    3, 0.000, 0.020, 1.800, 19
train,    68, -15.884642,    3, 1.00,    1, 0.020, 0.020, 1.800, 19
train,    69, 46.724364,   94, 1.00,   33, 0.000, 0.020, 1.800, 19
update,   69,    2,  530, -4.963993, 0.000000
train,    70, -8.963035,   19, 1.00,   10, 0.020, 0.020, 1.800, 19
train,    71, -12.504038,   17, 1.00,    7, 0.000, 0.020, 1.800, 19
train,    72, -6.199475,   12, 1.00,    2, 0.020, 0.020, 1.800, 19
train,    73, -8.803509,   17, 1.00,    5, 0.000, 0.020, 1.800, 19
train,    74, -11.984758,   31, 1.00,   15, 0.000, 0.020, 1.800, 19
val,      74, -25.832158, 1.0000,  11.4000,  11.4000
train,    75, -17.413899,    5, 1.00,    3, 0.020, 0.020, 1.800, 19
train,    76, -9.402780,   28, 1.00,   12, 0.020, 0.020, 1.800, 19
train,    77, -11.836651,    9, 1.00,    2, 0.000, 0.020, 1.800, 19
train,    78, -16.834905,   13, 1.00,    7, 0.000, 0.020, 1.800, 19
train,    79, -15.751338,    3, 1.00,    1, 0.000, 0.020, 1.800, 19
train,    80, -14.326873,    5, 1.00,    2, 0.000, 0.020, 1.800, 19
train,    81, -11.754393,   15, 1.00,    6, 0.000, 0.020, 1.800, 19
train,    82, -1.476970,   34, 1.00,   16, 0.020, 0.020, 1.800, 19
train,    83, -13.781086,    6, 1.00,    2, 0.000, 0.020, 1.800, 19
train,    84, -11.269276,   21, 1.00,    9, 0.000, 0.020, 1.800, 19
train,    85, 9.875606,   49, 1.00,   16, 0.000, 0.020, 1.800, 19
train,    86, -16.596025,    7, 1.00,    4, 0.000, 0.020, 1.800, 19
train,    87, -17.662397,    2, 1.00,    1, 0.020, 0.020, 1.800, 19
train,    88, -8.530508,   45, 1.00,   24, 0.020, 0.020, 1.800, 19
train,    89, -8.077568,   12, 1.00,    2, 0.000, 0.020, 1.800, 19
train,    90, -15.781884,    3, 1.00,    1, 0.000, 0.020, 1.800, 19
train,    91, -12.054455,   11, 1.00,    5, 0.000, 0.020, 1.800, 19
train,    92, -2.849656,   33, 1.00,   16, 0.020, 0.020, 1.800, 19
train,    93, -22.853728,   10, 1.00,    9, 0.020, 0.020, 1.800, 19
train,    94, -16.354093,    7, 1.00,    4, 0.000, 0.020, 1.800, 19
train,    95, -19.110668,   13, 1.00,   10, 0.000, 0.020, 1.800, 19
train,    96, -6.678297,   13, 1.00,    2, 0.000, 0.020, 1.800, 19
train,    97, 2.337550,   38, 1.00,   13, 0.000, 0.020, 1.800, 19
train,    98, -7.826982,   12, 1.00,    3, 0.000, 0.020, 1.800, 19
train,    99, -17.868143,    8, 1.00,    6, 0.000, 0.020, 1.800, 19
val_save, 99, -31.695902, 1.0000,  20.8000,  20.8000
val,      99, -31.695902, 1.0000,  20.8000,  20.8000
train,    100, -7.305097,   14, 1.00,    4, 0.020, 0.020, 1.800, 19
update,   100,    3,  512, -8.235379, -0.000000
train,    101, -7.751437,   14, 1.00,    4, 0.000, 0.020, 1.800, 19
train,    102, -13.039801,    9, 1.00,    3, 0.000, 0.020, 1.800, 19
train,    103, 3.837430,   31, 1.00,    9, 0.000, 0.020, 1.800, 19
train,    104, 4.315273,   46, 1.00,   17, 0.000, 0.020, 1.800, 19
train,    105, -3.655168,   18, 1.00,    5, 0.000, 0.020, 1.800, 19
train,    106, -16.531160,    8, 1.00,    4, 0.000, 0.020, 1.800, 19
train,    107, -13.484406,    6, 1.00,    2, 0.000, 0.020, 1.800, 19
train,    108, -13.721040,   17, 1.00,    9, 0.000, 0.020, 1.800, 19
train,    109, -15.988459,    9, 1.00,    4, 0.020, 0.020, 1.800, 19
train,    110, -7.344786,    9, 1.00,    1, 0.000, 0.020, 1.800, 19
train,    111, -17.693166,   32, 1.00,   18, 0.000, 0.020, 1.800, 19
train,    112, -13.581459,   13, 1.00,    7, 0.000, 0.020, 1.800, 19
train,    113, -17.034379,    9, 1.00,    5, 0.000, 0.020, 1.800, 19
train,    114, 3.940846,   33, 1.00,    8, 0.000, 0.020, 1.800, 19
train,    115, -17.838261,    3, 1.00,    2, 0.020, 0.020, 1.800, 19
train,    116, -13.395684,   10, 1.00,    4, 0.000, 0.020, 1.800, 19
train,    117, -19.351665,    4, 1.00,    3, 0.000, 0.020, 1.800, 19
train,    118, -8.387498,    8, 1.00,    0, 0.000, 0.020, 1.800, 19
train,    119, -14.673118,   16, 1.00,    7, 0.000, 0.020, 1.800, 19
train,    120, -16.756327,    4, 1.00,    2, 0.000, 0.020, 1.800, 19
train,    121, -12.931982,   12, 1.00,    4, 0.020, 0.020, 1.800, 19
train,    122, -1.718544,   22, 1.00,    7, 0.000, 0.020, 1.800, 19
train,    123, -6.574719,   28, 1.00,   12, 0.000, 0.020, 1.800, 19
train,    124, -13.560645,    6, 1.00,    2, 0.000, 0.020, 1.800, 19
val_save, 124, 206.989967, 0.0000, 150.0000,   0.0000
val,      124, 206.989967, 0.0000, 150.0000,   0.0000
curriculum,noise_cap 0.0200 -> 0.0400, entropy 1.8000 -> 1.6200
train,    125, 1.092320,   35, 1.00,   14, 0.000, 0.040, 1.620, 19
train,    126, -9.972803,   15, 1.00,    6, 0.040, 0.040, 1.620, 19
train,    127, -7.430671,   19, 1.00,    6, 0.000, 0.040, 1.620, 19
train,    128, -15.992410,    3, 1.00,    1, 0.040, 0.040, 1.620, 19
train,    129, -11.539136,   10, 1.00,    3, 0.040, 0.040, 1.620, 19
train,    130, -14.750649,    5, 1.00,    2, 0.000, 0.040, 1.620, 19
train,    131, -17.199439,   10, 1.00,    5, 0.040, 0.040, 1.620, 19
train,    132, -6.440966,   21, 1.00,    7, 0.000, 0.040, 1.620, 19
train,    133, -11.071494,   15, 1.00,    6, 0.040, 0.040, 1.620, 19
train,    134, -17.340942,    2, 1.00,    1, 0.000, 0.040, 1.620, 19
train,    135, -16.385496,    3, 1.00,    1, 0.000, 0.040, 1.620, 19
train,    136, -16.276374,    9, 1.00,    5, 0.000, 0.040, 1.620, 19
update,   136,    4,  514, -9.219577, 0.000000
train,    137, -17.434768,    5, 1.00,    3, 0.000, 0.040, 1.620, 20
train,    138, -11.972687,   12, 1.00,    4, 0.000, 0.040, 1.620, 20
train,    139, -15.219525,   12, 1.00,    6, 0.000, 0.040, 1.620, 20
train,    140, -13.555562,    8, 1.00,    3, 0.000, 0.040, 1.620, 20
train,    141, -5.458396,   25, 1.00,    8, 0.000, 0.040, 1.620, 20
train,    142, 1.302444,   29, 1.00,   10, 0.000, 0.040, 1.620, 20
train,    143, -0.133240,   22, 1.00,    4, 0.000, 0.040, 1.620, 20
train,    144, -16.028411,    7, 1.00,    4, 0.000, 0.040, 1.620, 20
train,    145, -18.679561,    4, 1.00,    3, 0.000, 0.040, 1.620, 20
train,    146, -4.318162,   22, 1.00,    9, 0.000, 0.040, 1.620, 20
train,    147, -12.191896,   12, 1.00,    4, 0.000, 0.040, 1.620, 20
train,    148, -7.382603,   14, 1.00,    4, 0.000, 0.040, 1.620, 20
train,    149, -10.478757,   11, 1.00,    3, 0.000, 0.040, 1.620, 20
val,      149, -5.614530, 1.0000,   9.4000,   0.6000
train,    150, -10.766076,   15, 1.00,    6, 0.000, 0.040, 1.620, 20
train,    151, -14.143473,    4, 1.00,    1, 0.040, 0.040, 1.620, 20
train,    152, -6.438961,   15, 1.00,    4, 0.000, 0.040, 1.620, 20
train,    153, -15.746796,    3, 1.00,    1, 0.000, 0.040, 1.620, 20
train,    154, -17.527605,    6, 1.00,    4, 0.040, 0.040, 1.620, 20
train,    155, -14.257927,   19, 1.00,   10, 0.000, 0.040, 1.620, 20
train,    156, -6.584983,   17, 1.00,    6, 0.000, 0.040, 1.620, 20
train,    157, -16.988824,   17, 1.00,    9, 0.000, 0.040, 1.620, 20
train,    158, -10.913427,   12, 1.00,    5, 0.000, 0.040, 1.620, 20
train,    159, -13.557353,   10, 1.00,    4, 0.000, 0.040, 1.620, 20
train,    160, -0.835476,   49, 1.00,   23, 0.000, 0.040, 1.620, 20
train,    161, -10.727091,   12, 1.00,    4, 0.000, 0.040, 1.620, 20
train,    162, -9.218929,   14, 1.00,    4, 0.040, 0.040, 1.620, 20
train,    163, -14.555346,   13, 1.00,    5, 0.000, 0.040, 1.620, 20
train,    164, -7.013792,   25, 1.00,    9, 0.000, 0.040, 1.620, 20
train,    165, -16.374843,   10, 1.00,    6, 0.040, 0.040, 1.620, 20
train,    166, -15.362171,    3, 1.00,    0, 0.040, 0.040, 1.620, 20
train,    167, -18.106448,    6, 1.00,    4, 0.000, 0.040, 1.620, 20
train,    168, -8.441528,   16, 1.00,    5, 0.000, 0.040, 1.620, 20
train,    169, -2.522120,   20, 1.00,    6, 0.000, 0.040, 1.620, 20
train,    170, -0.721777,   23, 1.00,    6, 0.000, 0.040, 1.620, 20
