init,     2026-03-30 17:10:22.542440
arguments,Namespace(PPO_epochs=4, adv_norm=1, alg='ppo', cuda=0, curriculum_clean_ratio=1.0, curriculum_entropy_decay=0.85, curriculum_mode='adaptive', curriculum_noise_step=0.0, curriculum_patience=1, entropy=0.1, entropy_min=0.05, eps_clip=0.15, gae_lambda=0.97, gamma=0.995, grad_clip=0.5, gymip_train_xml='inverted_pendulum_ChangeThk_0.050000.xml', hid_group_num=8, hid_group_size=8, hidden_num=64, ignore_checkpoint=True, lane_profile='auto', lr=0.0005, max_noise=0.0, mini_batch_size=128, model='rwtaspk', monitor_time=False, optimizer='rmsprop', rep=11, response_window=40, reward_scale=1.0, road_scenario='merge', rollout_steps=512, rwta_del_connection='none', seed=20, snn_num_steps=15, task='gymip', thread=2, traffic_level='standard', train_num=4000)
seed,     20
model_dir,/root/autodl-tmp/SVPG2023/LANE/log_model/merge
profile,  lane auto-stabilize: lr->0.0005, gamma->0.995, PPO_epochs->4, eps_clip->0.15, rollout_steps->512, mini_batch_size->128, gae_lambda->0.97, grad_clip->0.5, curriculum_clean_ratio->0.8, max_noise->0.08, curriculum_noise_step->0.02, entropy_min->0.05, curriculum_clean_ratio->1.0, max_noise->0.0, curriculum_noise_step->0.0, curriculum_patience->1, curriculum_entropy_decay->0.85
train,    1, -11.289403,   10, 1.00,    4, 0.000, 0.000, 0.100,  8
train,    2, -18.247572,   11, 1.00,    5, 0.000, 0.000, 0.100,  8
train,    3, -18.789883,   11, 1.00,    4, 0.000, 0.000, 0.100,  8
train,    4, -12.135373,    9, 1.00,    5, 0.000, 0.000, 0.100,  8
train,    5, -15.986649,   10, 1.00,    4, 0.000, 0.000, 0.100,  8
train,    6, -13.396951,   10, 1.00,    4, 0.000, 0.000, 0.100,  8
train,    7, -13.716134,    9, 1.00,    4, 0.000, 0.000, 0.100,  8
train,    8, 4.429421,   12, 0.00,    6, 0.000, 0.000, 0.100,  8
train,    9, -13.013665,   10, 1.00,    4, 0.000, 0.000, 0.100,  8
val_save, 9, -13.267357, 1.0000,   8.0000,   8.0000, 0.0000,  28.4816
val,      9, -13.267357, 1.0000,   8.0000,   8.0000, 0.0000,  28.4816
curriculum,noise_cap 0.0000 -> 0.0000, entropy 0.1000 -> 0.0850
train,    10, -11.786539,   10, 1.00,    5, 0.000, 0.000, 0.085,  8
train,    11, -16.361116,   10, 1.00,    5, 0.000, 0.000, 0.085,  8
train,    12, -19.753775,   12, 1.00,    3, 0.000, 0.000, 0.085,  8
train,    13, -11.603428,   10, 1.00,    4, 0.000, 0.000, 0.085,  8
train,    14, -14.512631,   14, 1.00,    4, 0.000, 0.000, 0.085,  8
train,    15, -13.087883,   10, 1.00,    4, 0.000, 0.000, 0.085,  8
train,    16, 18.624505,   12, 0.00,    8, 0.000, 0.000, 0.085,  8
train,    17, 20.188704,   16, 0.00,    7, 0.000, 0.000, 0.085,  8
train,    18, -16.819121,   12, 1.00,    2, 0.000, 0.000, 0.085,  8
train,    19, -14.733889,   10, 1.00,    3, 0.000, 0.000, 0.085,  8
val_save, 19, -13.123069, 1.0000,   8.0000,   8.0000, 0.0000,  28.5279
val,      19, -13.123069, 1.0000,   8.0000,   8.0000, 0.0000,  28.5279
curriculum,noise_cap 0.0000 -> 0.0000, entropy 0.0850 -> 0.0723
train,    20, -12.838208,    8, 1.00,    5, 0.000, 0.000, 0.072,  8
train,    21, -12.655257,    8, 1.00,    6, 0.000, 0.000, 0.072,  8
train,    22, -17.118777,   11, 1.00,    4, 0.000, 0.000, 0.072,  8
train,    23, 4.409168,   12, 0.00,    5, 0.000, 0.000, 0.072,  8
train,    24, -14.507984,   10, 1.00,    2, 0.000, 0.000, 0.072,  8
train,    25, -12.735294,   10, 1.00,    5, 0.000, 0.000, 0.072,  8
train,    26, -17.710894,   10, 1.00,    7, 0.000, 0.000, 0.072,  8
train,    27, -16.203985,   10, 1.00,    4, 0.000, 0.000, 0.072,  8
train,    28, -12.602617,    8, 1.00,    5, 0.000, 0.000, 0.072,  8
train,    29, -11.371024,    9, 1.00,    3, 0.000, 0.000, 0.072,  8
val,      29, -13.287438, 1.0000,   8.0000,   8.0000, 0.0000,  28.3755
train,    30, -15.299723,   12, 1.00,    4, 0.000, 0.000, 0.072,  8
train,    31, -14.346163,   11, 1.00,    5, 0.000, 0.000, 0.072,  8
train,    32, -11.422255,   10, 1.00,    4, 0.000, 0.000, 0.072,  8
train,    33, -12.275825,   11, 1.00,    6, 0.000, 0.000, 0.072,  8
train,    34, -18.004873,   12, 1.00,    6, 0.000, 0.000, 0.072,  8
train,    35, -14.684939,   10, 1.00,    3, 0.000, 0.000, 0.072,  8
train,    36, 21.516167,   17, 0.00,    3, 0.000, 0.000, 0.072,  8
train,    37, -12.473642,   10, 1.00,    4, 0.000, 0.000, 0.072,  8
train,    38, 18.570964,   12, 0.00,    7, 0.000, 0.000, 0.072,  8
train,    39, -11.791832,   10, 1.00,    3, 0.000, 0.000, 0.072,  8
val,      39, -13.365117, 1.0000,   8.0000,   8.0000, 0.0000,  28.3569
train,    40, -13.390507,   10, 1.00,    5, 0.000, 0.000, 0.072,  8
train,    41, -18.014900,   10, 1.00,    7, 0.000, 0.000, 0.072,  8
train,    42, -19.657313,   14, 1.00,    8, 0.000, 0.000, 0.072,  8
train,    43, -16.053469,   10, 1.00,    2, 0.000, 0.000, 0.072,  8
train,    44, -20.951808,   12, 1.00,    1, 0.000, 0.000, 0.072,  8
train,    45, -20.109126,   12, 1.00,    3, 0.000, 0.000, 0.072,  8
train,    46, -11.875968,   10, 1.00,    4, 0.000, 0.000, 0.072,  8
train,    47, -9.427546,   13, 1.00,    4, 0.000, 0.000, 0.072,  8
train,    48, -16.111136,   10, 1.00,    5, 0.000, 0.000, 0.072,  8
update,   48,    1,  520, -9.581010, -0.000000
train,    49, -13.016419,   11, 1.00,    4, 0.000, 0.000, 0.072,  8
val_save, 49, 6.595321, 0.4000,  14.3000,  10.3000, 0.6000,  21.7847
val,      49, 6.595321, 0.4000,  14.3000,  10.3000, 0.6000,  21.7847
curriculum,noise_cap 0.0000 -> 0.0000, entropy 0.0723 -> 0.0614
train,    50, -17.516500,   10, 1.00,    6, 0.000, 0.000, 0.061,  8
train,    51, -11.131986,    8, 1.00,    2, 0.000, 0.000, 0.061,  8
train,    52, -13.203946,   10, 1.00,    5, 0.000, 0.000, 0.061,  8
train,    53, -11.963611,   11, 1.00,    1, 0.000, 0.000, 0.061,  8
train,    54, -12.101322,   10, 1.00,    5, 0.000, 0.000, 0.061,  8
train,    55, -16.705556,   12, 1.00,    6, 0.000, 0.000, 0.061,  8
train,    56, 19.109829,   14, 0.00,    8, 0.000, 0.000, 0.061,  8
train,    57, -17.391062,   11, 1.00,    6, 0.000, 0.000, 0.061,  8
train,    58, -12.174525,   12, 1.00,    9, 0.000, 0.000, 0.061,  8
train,    59, -20.857467,   12, 1.00,    5, 0.000, 0.000, 0.061,  8
val_save, 59, 6.239281, 0.4000,  13.6000,  10.4000, 0.6000,  23.3641
val,      59, 6.239281, 0.4000,  13.6000,  10.4000, 0.6000,  23.3641
curriculum,noise_cap 0.0000 -> 0.0000, entropy 0.0614 -> 0.0522
train,    60, 19.531761,   12, 0.00,    5, 0.000, 0.000, 0.052,  8
train,    61, -13.050583,   12, 1.00,    5, 0.000, 0.000, 0.052,  8
train,    62, -12.604161,   10, 1.00,    4, 0.000, 0.000, 0.052,  8
train,    63, -10.223801,   12, 1.00,    4, 0.000, 0.000, 0.052,  8
train,    64, -11.251195,    9, 1.00,    3, 0.000, 0.000, 0.052,  8
train,    65, -16.395284,   10, 1.00,    5, 0.000, 0.000, 0.052,  8
train,    66, -16.509325,   12, 1.00,    5, 0.000, 0.000, 0.052,  8
train,    67, -12.287262,   10, 1.00,    6, 0.000, 0.000, 0.052,  8
train,    68, -12.817278,   10, 1.00,    3, 0.000, 0.000, 0.052,  8
train,    69, -16.950948,   11, 1.00,    1, 0.000, 0.000, 0.052,  8
val,      69, -0.381692, 0.6000,  12.0000,   9.8000, 0.4000,  24.0726
train,    70, -16.935508,   11, 1.00,    3, 0.000, 0.000, 0.052,  8
train,    71, -19.562964,   11, 1.00,    6, 0.000, 0.000, 0.052,  8
train,    72, -12.642412,   10, 1.00,    5, 0.000, 0.000, 0.052,  8
train,    73, -12.464896,    9, 1.00,    5, 0.000, 0.000, 0.052,  8
train,    74, 14.001659,   16, 0.00,    7, 0.000, 0.000, 0.052,  8
train,    75, -11.277910,   14, 1.00,    5, 0.000, 0.000, 0.052,  8
train,    76, -15.897210,   12, 1.00,    4, 0.000, 0.000, 0.052,  8
train,    77, 17.402472,   15, 0.00,    4, 0.000, 0.000, 0.052,  8
train,    78, -20.145486,   13, 1.00,    3, 0.000, 0.000, 0.052,  8
train,    79, -13.459777,   12, 1.00,    8, 0.000, 0.000, 0.052,  8
val_save, 79, 13.183257, 0.2000,  14.4000,  11.3000, 0.8000,  22.8828
