init,     2026-03-29 22:58:56.304706
arguments,Namespace(PPO_epochs=4, adv_norm=1, alg='ppo', cuda=0, curriculum_clean_ratio=0.8, curriculum_entropy_decay=0.9, curriculum_mode='adaptive', curriculum_noise_step=0.02, curriculum_patience=2, entropy=2.0, entropy_min=0.1, eps_clip=0.15, gae_lambda=0.97, gamma=0.995, grad_clip=0.5, gymip_train_xml='inverted_pendulum_ChangeThk_0.050000.xml', hid_group_num=8, hid_group_size=8, hidden_num=64, ignore_checkpoint=True, lane_profile='auto', lr=0.0005, max_noise=0.08, mini_batch_size=128, model='rwtaspk', monitor_time=False, optimizer='rmsprop', rep=11, response_window=40, reward_scale=1.0, road_scenario='merge', rollout_steps=512, rwta_del_connection='none', seed=1, snn_num_steps=15, task='gymip', thread=-1, traffic_level='standard', train_num=2000)
seed,     1
model_dir,/root/autodl-tmp/SVPG2023/LANE/log_model/merge
profile,  lane auto-stabilize: lr->0.0005, gamma->0.995, PPO_epochs->4, eps_clip->0.15, rollout_steps->512, mini_batch_size->128, gae_lambda->0.97, grad_clip->0.5, curriculum_clean_ratio->0.8, max_noise->0.08, curriculum_noise_step->0.02
train,    1, -6.679573,    9, 1.00,    3, 0.000, 0.000, 2.000, 18
train,    2, -9.865848,    4, 1.00,    2, 0.000, 0.000, 2.000, 18
train,    3, -8.167430,    7, 1.00,    3, 0.000, 0.000, 2.000, 18
train,    4, -11.151799,    6, 1.00,    4, 0.000, 0.000, 2.000, 18
train,    5, -3.979758,   10, 1.00,    2, 0.000, 0.000, 2.000, 18
train,    6, -4.992609,    9, 1.00,    3, 0.000, 0.000, 2.000, 18
train,    7, -8.515058,    6, 1.00,    2, 0.000, 0.000, 2.000, 18
train,    8, -4.634716,    8, 1.00,    2, 0.000, 0.000, 2.000, 18
train,    9, -12.507791,    6, 1.00,    4, 0.000, 0.000, 2.000, 18
train,    10, -7.560715,    7, 1.00,    3, 0.000, 0.000, 2.000, 18
train,    11, -6.863186,    7, 1.00,    3, 0.000, 0.000, 2.000, 18
train,    12, -7.698931,    6, 1.00,    2, 0.000, 0.000, 2.000, 18
train,    13, -7.226358,    5, 1.00,    1, 0.000, 0.000, 2.000, 18
train,    14, -5.806460,   10, 1.00,    4, 0.000, 0.000, 2.000, 18
train,    15, -8.601437,   13, 1.00,    7, 0.000, 0.000, 2.000, 18
train,    16, -7.779704,    9, 1.00,    4, 0.000, 0.000, 2.000, 18
train,    17, -5.521687,   12, 1.00,    5, 0.000, 0.000, 2.000, 18
train,    18, -11.009079,    5, 1.00,    3, 0.000, 0.000, 2.000, 18
train,    19, -5.412995,   14, 1.00,    6, 0.000, 0.000, 2.000, 18
train,    20, 12.055599,   15, 0.00,    3, 0.000, 0.000, 2.000, 18
train,    21, -9.210627,    5, 1.00,    2, 0.000, 0.000, 2.000, 18
train,    22, -7.293089,    4, 1.00,    0, 0.000, 0.000, 2.000, 18
train,    23, -5.789839,    7, 1.00,    2, 0.000, 0.000, 2.000, 18
train,    24, -5.300174,   15, 1.00,    6, 0.000, 0.000, 2.000, 18
val_save, 24, -15.351510, 1.0000,   6.6000,   6.6000
val,      24, -15.351510, 1.0000,   6.6000,   6.6000
train,    25, -0.827333,   17, 1.00,    4, 0.000, 0.000, 2.000, 18
train,    26, -1.787907,   15, 0.00,   10, 0.000, 0.000, 2.000, 18
train,    27, -7.469196,    6, 1.00,    2, 0.000, 0.000, 2.000, 18
train,    28, 13.562301,   16, 0.00,    3, 0.000, 0.000, 2.000, 18
train,    29, -6.378046,    9, 1.00,    4, 0.000, 0.000, 2.000, 18
train,    30, -1.975699,    9, 1.00,    1, 0.000, 0.000, 2.000, 18
train,    31, 11.523263,   16, 0.00,    4, 0.000, 0.000, 2.000, 18
train,    32, -8.908962,    8, 1.00,    4, 0.000, 0.000, 2.000, 18
train,    33, -10.778404,    7, 1.00,    4, 0.000, 0.000, 2.000, 18
train,    34, 6.408588,   12, 0.00,    6, 0.000, 0.000, 2.000, 18
train,    35, -9.981817,    7, 1.00,    4, 0.000, 0.000, 2.000, 18
train,    36, -11.315960,    5, 1.00,    3, 0.000, 0.000, 2.000, 18
train,    37, -9.126904,    6, 1.00,    3, 0.000, 0.000, 2.000, 18
train,    38, -6.734623,    7, 1.00,    2, 0.000, 0.000, 2.000, 18
train,    39, -4.026945,    7, 1.00,    1, 0.000, 0.000, 2.000, 18
train,    40, 10.169587,   17, 0.00,    4, 0.000, 0.000, 2.000, 18
train,    41, 10.476234,   15, 0.00,    4, 0.000, 0.000, 2.000, 18
train,    42, -7.645893,    7, 1.00,    3, 0.000, 0.000, 2.000, 18
train,    43, -7.319944,    9, 1.00,    4, 0.000, 0.000, 2.000, 18
train,    44, -3.436957,   10, 1.00,    3, 0.000, 0.000, 2.000, 18
train,    45, -0.783979,   11, 1.00,    2, 0.000, 0.000, 2.000, 18
train,    46, -9.499946,    5, 1.00,    2, 0.000, 0.000, 2.000, 19
train,    47, -6.788115,    6, 1.00,    2, 0.000, 0.000, 2.000, 19
train,    48, -2.229897,    9, 1.00,    2, 0.000, 0.000, 2.000, 19
train,    49, -9.205728,    6, 1.00,    3, 0.000, 0.000, 2.000, 19
val_save, 49, -12.905583, 0.8000,   7.0000,   7.0000
val,      49, -12.905583, 0.8000,   7.0000,   7.0000
curriculum,noise_cap 0.0000 -> 0.0200, entropy 2.0000 -> 1.8000
train,    50, -6.322885,    7, 1.00,    1, 0.000, 0.020, 1.800, 19
train,    51, 3.128720,   17, 0.00,    8, 0.020, 0.020, 1.800, 19
train,    52, -10.350245,    7, 1.00,    4, 0.000, 0.020, 1.800, 19
train,    53, -11.418439,    5, 1.00,    3, 0.000, 0.020, 1.800, 19
train,    54, -13.264538,    8, 1.00,    6, 0.000, 0.020, 1.800, 19
train,    55, -5.718709,   10, 1.00,    3, 0.000, 0.020, 1.800, 19
train,    56, -11.919371,    5, 1.00,    3, 0.000, 0.020, 1.800, 19
train,    57, -13.475128,   10, 1.00,    6, 0.000, 0.020, 1.800, 19
train,    58, -5.777176,    8, 1.00,    3, 0.000, 0.020, 1.800, 19
update,   58,    1,  518, -5.656148, 0.000000
train,    59, 0.699211,   13, 0.00,    9, 0.000, 0.020, 1.800, 19
train,    60, -11.464678,    5, 1.00,    3, 0.020, 0.020, 1.800, 19
train,    61, 5.108944,   15, 0.00,    6, 0.000, 0.020, 1.800, 19
train,    62, -5.753868,   11, 1.00,    3, 0.000, 0.020, 1.800, 19
train,    63, -6.856904,    6, 1.00,    2, 0.000, 0.020, 1.800, 19
train,    64, -4.671452,   11, 1.00,    3, 0.000, 0.020, 1.800, 19
train,    65, -12.886302,    8, 1.00,    6, 0.000, 0.020, 1.800, 19
train,    66, 8.327132,   14, 0.00,    5, 0.000, 0.020, 1.800, 19
train,    67, -7.514280,    9, 1.00,    4, 0.020, 0.020, 1.800, 19
train,    68, -4.234760,    8, 1.00,    2, 0.020, 0.020, 1.800, 19
train,    69, -7.444000,    7, 1.00,    2, 0.000, 0.020, 1.800, 19
train,    70, -8.835219,    6, 1.00,    3, 0.000, 0.020, 1.800, 19
train,    71, -7.967812,   11, 1.00,    5, 0.000, 0.020, 1.800, 19
train,    72, -10.301981,   11, 1.00,    6, 0.020, 0.020, 1.800, 19
train,    73, 12.249661,   15, 0.00,    3, 0.000, 0.020, 1.800, 19
train,    74, -1.068911,   15, 0.00,   10, 0.000, 0.020, 1.800, 19
val_save, 74, 13.774711, 0.2000,  16.4000,   0.0000
val,      74, 13.774711, 0.2000,  16.4000,   0.0000
train,    75, -9.435292,    5, 1.00,    2, 0.000, 0.020, 1.800, 19
train,    76, -9.820275,   11, 1.00,    5, 0.000, 0.020, 1.800, 19
train,    77, -9.927968,   12, 1.00,    6, 0.000, 0.020, 1.800, 19
train,    78, -3.558290,   10, 1.00,    3, 0.000, 0.020, 1.800, 19
train,    79, -7.798435,    5, 1.00,    1, 0.000, 0.020, 1.800, 19
train,    80, -9.710131,    7, 1.00,    4, 0.000, 0.020, 1.800, 19
train,    81, -9.805322,    4, 1.00,    2, 0.000, 0.020, 1.800, 19
train,    82, -13.749568,   10, 1.00,    7, 0.000, 0.020, 1.800, 19
train,    83, -8.199251,    6, 1.00,    2, 0.000, 0.020, 1.800, 19
train,    84, -7.698931,    6, 1.00,    2, 0.000, 0.020, 1.800, 19
train,    85, -0.250413,   16, 0.00,    9, 0.000, 0.020, 1.800, 19
train,    86, -5.428641,    6, 1.00,    1, 0.020, 0.020, 1.800, 19
train,    87, -8.264620,    7, 1.00,    3, 0.000, 0.020, 1.800, 19
train,    88, -7.901635,    6, 1.00,    2, 0.000, 0.020, 1.800, 19
train,    89, -7.592427,    7, 1.00,    3, 0.000, 0.020, 1.800, 19
train,    90, -4.962059,   12, 1.00,    3, 0.020, 0.020, 1.800, 19
train,    91, 4.360695,   14, 0.00,    7, 0.020, 0.020, 1.800, 19
train,    92, -6.076922,   11, 1.00,    4, 0.000, 0.020, 1.800, 19
train,    93, -8.735826,    5, 1.00,    2, 0.000, 0.020, 1.800, 19
train,    94, -11.930936,    4, 1.00,    3, 0.000, 0.020, 1.800, 19
train,    95, 10.847291,   15, 0.00,    4, 0.000, 0.020, 1.800, 19
train,    96, -3.802198,    9, 1.00,    2, 0.020, 0.020, 1.800, 19
train,    97, -10.915997,    8, 1.00,    5, 0.000, 0.020, 1.800, 19
train,    98, -6.576065,   11, 1.00,    4, 0.020, 0.020, 1.800, 19
