init,     2026-03-27 15:33:11.247384
arguments,Namespace(lr=0.0005, gamma=0.995, entropy=0.1, PPO_epochs=4, eps_clip=0.15, alg='ppo', cuda=-1, thread=-1, train_num=2000, rep=11, seed=-1, ignore_checkpoint=False, monitor_time=False, task='gymip', model='rwtaspk', optimizer='rmsprop', gymip_train_xml='inverted_pendulum_ChangeThk_0.050000.xml', hidden_num=64, hid_group_num=8, hid_group_size=8, rwta_del_connection='none', response_window=40, snn_num_steps=15, rollout_steps=512, mini_batch_size=128, gae_lambda=0.97, adv_norm=1, reward_scale=1.0, grad_clip=0.5, curriculum_mode='adaptive', curriculum_clean_ratio=0.8, max_noise=0.08, entropy_min=0.1, curriculum_patience=2, curriculum_noise_step=0.02, curriculum_entropy_decay=0.9, lane_profile='auto', road_scenario='roundabout', traffic_level='standard')
seed,     11
profile,  lane auto-stabilize: lr->0.0005, gamma->0.995, PPO_epochs->4, eps_clip->0.15, rollout_steps->512, mini_batch_size->128, gae_lambda->0.97, grad_clip->0.5, curriculum_clean_ratio->0.8, max_noise->0.08, curriculum_noise_step->0.02
train,    1, -9.054196,    2, 1.00,    0, 0.000, 0.000, 0.100, 18
train,    2, 6.459965,   15, 0.00,    5, 0.000, 0.000, 0.100, 18
train,    3, -3.024266,   15, 0.00,    9, 0.000, 0.000, 0.100, 18
train,    4, 8.579196,   15, 0.00,    5, 0.000, 0.000, 0.100, 18
train,    5, 16.589580,   15, 0.00,    3, 0.000, 0.000, 0.100, 18
train,    6, 7.468427,   15, 0.00,    8, 0.000, 0.000, 0.100, 18
train,    7, -9.389510,    3, 1.00,    1, 0.000, 0.000, 0.100, 18
train,    8, 6.323042,   15, 0.00,    6, 0.000, 0.000, 0.100, 18
train,    9, -9.396818,    9, 1.00,    5, 0.000, 0.000, 0.100, 18
train,    10, 13.384196,   15, 0.00,    2, 0.000, 0.000, 0.100, 18
train,    11, -10.540245,    6, 1.00,    4, 0.000, 0.000, 0.100, 18
train,    12, -4.721923,   11, 1.00,    5, 0.000, 0.000, 0.100, 18
train,    13, -9.340734,    2, 1.00,    0, 0.000, 0.000, 0.100, 18
train,    14, 10.584965,   15, 0.00,    5, 0.000, 0.000, 0.100, 18
train,    15, 11.904196,   15, 0.00,    5, 0.000, 0.000, 0.100, 18
train,    16, -8.879406,    4, 1.00,    2, 0.000, 0.000, 0.100, 18
train,    17, 3.757273,   15, 0.00,    7, 0.000, 0.000, 0.100, 18
train,    18, 13.621503,   15, 0.00,    5, 0.000, 0.000, 0.100, 18
train,    19, 3.803811,   15, 0.00,    6, 0.000, 0.000, 0.100, 18
train,    20, -10.010350,    2, 1.00,    1, 0.000, 0.000, 0.100, 18
train,    21, -0.458741,   14, 1.00,    6, 0.000, 0.000, 0.100, 18
train,    22, -8.261014,    6, 1.00,    3, 0.000, 0.000, 0.100, 18
train,    23, -0.575734,   13, 1.00,    2, 0.000, 0.000, 0.100, 18
train,    24, 11.131503,   15, 0.00,    4, 0.000, 0.000, 0.100, 18
val_save, 24, -13.016713, 0.6000,  10.0000,  10.0000
val,      24, -13.016713, 0.6000,  10.0000,  10.0000
train,    25, 2.897273,   15, 0.00,    8, 0.000, 0.000, 0.100, 18
train,    26, 4.526888,   15, 0.00,    6, 0.000, 0.000, 0.100, 18
train,    27, -9.340734,    2, 1.00,    0, 0.000, 0.000, 0.100, 18
train,    28, -7.145734,   13, 1.00,    5, 0.000, 0.000, 0.100, 18
train,    29, 4.539196,   15, 0.00,    9, 0.000, 0.000, 0.100, 18
train,    30, -10.010350,    2, 1.00,    1, 0.000, 0.000, 0.100, 18
train,    31, 6.013042,   15, 0.00,    7, 0.000, 0.000, 0.100, 18
train,    32, 11.008042,   15, 0.00,    5, 0.000, 0.000, 0.100, 18
train,    33, 1.714580,   15, 0.00,    8, 0.000, 0.000, 0.100, 18
train,    34, 5.713427,   15, 0.00,    6, 0.000, 0.000, 0.100, 18
train,    35, 1.314580,   15, 0.00,    8, 0.000, 0.000, 0.100, 18
train,    36, -7.323252,    4, 1.00,    1, 0.000, 0.000, 0.100, 18
train,    37, 5.463427,   15, 0.00,    6, 0.000, 0.000, 0.100, 18
train,    38, 3.879965,   15, 0.00,    8, 0.000, 0.000, 0.100, 18
train,    39, 3.580350,   15, 0.00,    7, 0.000, 0.000, 0.100, 18
train,    40, -9.054196,    2, 1.00,    0, 0.000, 0.000, 0.100, 18
train,    41, 0.041503,   15, 0.00,    8, 0.000, 0.000, 0.100, 18
train,    42, 4.053811,   15, 0.00,    6, 0.000, 0.000, 0.100, 18
train,    43, 5.076119,   15, 0.00,    8, 0.000, 0.000, 0.100, 18
train,    44, -5.434266,    5, 1.00,    0, 0.000, 0.000, 0.100, 18
train,    45, 9.324965,   15, 0.00,    6, 0.000, 0.000, 0.100, 18
update,   45,    1,  520, 1.034804, -0.000000
train,    46, 17.382657,   15, 0.00,    1, 0.000, 0.000, 0.100, 19
train,    47, 2.896888,   15, 0.00,    9, 0.000, 0.000, 0.100, 19
