init,     2026-03-29 23:04:56.835109
arguments,Namespace(PPO_epochs=4, adv_norm=1, alg='ppo', cuda=0, curriculum_clean_ratio=0.8, curriculum_entropy_decay=0.9, curriculum_mode='adaptive', curriculum_noise_step=0.02, curriculum_patience=2, entropy=0.1, entropy_min=0.1, eps_clip=0.15, gae_lambda=0.97, gamma=0.995, grad_clip=0.5, gymip_train_xml='inverted_pendulum_ChangeThk_0.050000.xml', hid_group_num=8, hid_group_size=8, hidden_num=64, ignore_checkpoint=True, lane_profile='auto', lr=0.0005, max_noise=0.08, mini_batch_size=128, model='rwtaspk', monitor_time=False, optimizer='rmsprop', rep=11, response_window=40, reward_scale=1.0, road_scenario='merge', rollout_steps=512, rwta_del_connection='none', seed=6, snn_num_steps=15, task='gymip', thread=-1, traffic_level='standard', train_num=2000)
seed,     6
model_dir,/root/autodl-tmp/SVPG2023/LANE/log_model/merge
profile,  lane auto-stabilize: lr->0.0005, gamma->0.995, PPO_epochs->4, eps_clip->0.15, rollout_steps->512, mini_batch_size->128, gae_lambda->0.97, grad_clip->0.5, curriculum_clean_ratio->0.8, max_noise->0.08, curriculum_noise_step->0.02
train,    1, -6.625878,   10, 1.00,    3, 0.000, 0.000, 0.100, 18
train,    2, -0.478872,   14, 1.00,    3, 0.000, 0.000, 0.100, 18
train,    3, -6.526210,   12, 1.00,    4, 0.000, 0.000, 0.100, 18
train,    4, -8.267251,    4, 1.00,    1, 0.000, 0.000, 0.100, 18
train,    5, -10.792550,    5, 1.00,    3, 0.000, 0.000, 0.100, 18
train,    6, -7.316772,    9, 1.00,    4, 0.000, 0.000, 0.100, 18
train,    7, -5.462607,   11, 1.00,    3, 0.000, 0.000, 0.100, 18
train,    8, -8.794165,    7, 1.00,    4, 0.000, 0.000, 0.100, 18
train,    9, -7.356127,    6, 1.00,    2, 0.000, 0.000, 0.100, 18
train,    10, -11.155967,    8, 1.00,    5, 0.000, 0.000, 0.100, 18
train,    11, -4.158523,    7, 1.00,    1, 0.000, 0.000, 0.100, 18
train,    12, -6.777735,   15, 1.00,    6, 0.000, 0.000, 0.100, 18
train,    13, -3.827991,    7, 1.00,    1, 0.000, 0.000, 0.100, 18
train,    14, 6.213535,   16, 0.00,    6, 0.000, 0.000, 0.100, 18
train,    15, -2.437283,    8, 1.00,    1, 0.000, 0.000, 0.100, 18
train,    16, -11.945614,    7, 1.00,    5, 0.000, 0.000, 0.100, 18
train,    17, -7.175687,    6, 1.00,    1, 0.000, 0.000, 0.100, 18
train,    18, -8.438431,    4, 1.00,    1, 0.000, 0.000, 0.100, 18
train,    19, -4.944682,    7, 1.00,    2, 0.000, 0.000, 0.100, 18
train,    20, -2.243690,    9, 1.00,    1, 0.000, 0.000, 0.100, 18
train,    21, -6.831824,    9, 1.00,    3, 0.000, 0.000, 0.100, 18
train,    22, -11.327617,    6, 1.00,    4, 0.000, 0.000, 0.100, 18
train,    23, 3.770036,   14, 0.00,    7, 0.000, 0.000, 0.100, 18
train,    24, -5.972585,   11, 1.00,    5, 0.000, 0.000, 0.100, 18
val_save, 24, -10.952281, 0.6000,   8.4000,   8.4000
val,      24, -10.952281, 0.6000,   8.4000,   8.4000
train,    25, -10.830123,   17, 1.00,    9, 0.000, 0.000, 0.100, 18
train,    26, -7.324956,    6, 1.00,    2, 0.000, 0.000, 0.100, 18
train,    27, -8.904444,    7, 1.00,    4, 0.000, 0.000, 0.100, 18
train,    28, -5.314795,    7, 1.00,    2, 0.000, 0.000, 0.100, 18
train,    29, 11.848499,   13, 0.00,    4, 0.000, 0.000, 0.100, 18
train,    30, -9.820397,    5, 1.00,    2, 0.000, 0.000, 0.100, 18
train,    31, -11.072713,    8, 1.00,    5, 0.000, 0.000, 0.100, 18
train,    32, -6.411829,    8, 1.00,    3, 0.000, 0.000, 0.100, 18
train,    33, -7.431926,    5, 1.00,    1, 0.000, 0.000, 0.100, 18
train,    34, -7.295974,    8, 1.00,    4, 0.000, 0.000, 0.100, 18
train,    35, -5.472339,    7, 1.00,    2, 0.000, 0.000, 0.100, 18
train,    36, -10.162037,    4, 1.00,    2, 0.000, 0.000, 0.100, 18
train,    37, 2.451428,   15, 0.00,    8, 0.000, 0.000, 0.100, 18
train,    38, -7.674557,    8, 1.00,    3, 0.000, 0.000, 0.100, 18
train,    39, 1.452743,   15, 0.00,    8, 0.000, 0.000, 0.100, 18
train,    40, -11.210697,    5, 1.00,    3, 0.000, 0.000, 0.100, 18
train,    41, -11.448038,    5, 1.00,    3, 0.000, 0.000, 0.100, 18
train,    42, -11.046536,    6, 1.00,    4, 0.000, 0.000, 0.100, 18
train,    43, -4.921338,    9, 1.00,    3, 0.000, 0.000, 0.100, 18
train,    44, 7.123973,   15, 0.00,    6, 0.000, 0.000, 0.100, 18
train,    45, -7.377824,    7, 1.00,    3, 0.000, 0.000, 0.100, 18
train,    46, -7.740179,    7, 1.00,    3, 0.000, 0.000, 0.100, 19
train,    47, -8.113780,    7, 1.00,    3, 0.000, 0.000, 0.100, 19
train,    48, -10.328048,    4, 1.00,    2, 0.000, 0.000, 0.100, 19
train,    49, -7.399863,    5, 1.00,    1, 0.000, 0.000, 0.100, 19
val,      49, -14.941075, 1.0000,   5.6000,   5.6000
train,    50, -11.614396,    7, 1.00,    5, 0.000, 0.000, 0.100, 19
train,    51, -8.158645,    6, 1.00,    2, 0.000, 0.000, 0.100, 19
train,    52, -4.362046,    9, 1.00,    2, 0.000, 0.000, 0.100, 19
train,    53, -7.275077,    5, 1.00,    1, 0.000, 0.000, 0.100, 19
train,    54, -13.734887,    7, 1.00,    5, 0.000, 0.000, 0.100, 19
train,    55, -3.287555,    8, 1.00,    2, 0.000, 0.000, 0.100, 19
train,    56, -8.864837,    7, 1.00,    4, 0.000, 0.000, 0.100, 19
train,    57, 12.148752,   12, 0.00,    3, 0.000, 0.000, 0.100, 19
train,    58, -3.838341,    7, 1.00,    0, 0.000, 0.000, 0.100, 19
train,    59, -7.585595,    5, 1.00,    1, 0.000, 0.000, 0.100, 19
train,    60, 8.619837,   12, 0.00,    5, 0.000, 0.000, 0.100, 19
train,    61, -8.878766,    8, 1.00,    4, 0.000, 0.000, 0.100, 19
train,    62, -2.305330,   11, 1.00,    2, 0.000, 0.000, 0.100, 19
update,   62,    1,  519, -6.328866, -0.000000
train,    63, 5.315250,   17, 0.00,    7, 0.000, 0.000, 0.100, 19
train,    64, -6.690809,    5, 1.00,    1, 0.000, 0.000, 0.100, 19
train,    65, 8.475476,   16, 0.00,    5, 0.000, 0.000, 0.100, 19
train,    66, 13.011572,   12, 0.00,    3, 0.000, 0.000, 0.100, 19
train,    67, 8.826048,   16, 0.00,    5, 0.000, 0.000, 0.100, 19
train,    68, -4.625283,    9, 1.00,    3, 0.000, 0.000, 0.100, 19
train,    69, -11.180481,   13, 1.00,    7, 0.000, 0.000, 0.100, 19
train,    70, -4.112463,   12, 1.00,    4, 0.000, 0.000, 0.100, 19
train,    71, -4.919728,   11, 1.00,    4, 0.000, 0.000, 0.100, 19
train,    72, -5.041525,    8, 1.00,    2, 0.000, 0.000, 0.100, 19
train,    73, -6.865604,    5, 1.00,    1, 0.000, 0.000, 0.100, 19
train,    74, -10.837287,    5, 1.00,    3, 0.000, 0.000, 0.100, 19
val,      74, -1.963089, 1.0000,   7.4000,   0.0000
train,    75, 5.560051,   15, 0.00,    6, 0.000, 0.000, 0.100, 19
train,    76, -7.927489,    9, 1.00,    4, 0.000, 0.000, 0.100, 19
train,    77, -5.670782,    6, 1.00,    1, 0.000, 0.000, 0.100, 19
train,    78, 12.365288,   15, 0.00,    3, 0.000, 0.000, 0.100, 19
train,    79, -5.949546,   10, 1.00,    4, 0.000, 0.000, 0.100, 19
train,    80, -7.118294,    4, 1.00,    0, 0.000, 0.000, 0.100, 19
train,    81, -11.454603,    7, 1.00,    5, 0.000, 0.000, 0.100, 19
train,    82, 9.783235,   15, 0.00,    5, 0.000, 0.000, 0.100, 19
train,    83, 4.893231,   15, 0.00,    7, 0.000, 0.000, 0.100, 19
train,    84, -2.849228,    9, 1.00,    2, 0.000, 0.000, 0.100, 19
train,    85, 6.860683,   15, 0.00,    6, 0.000, 0.000, 0.100, 19
train,    86, -3.141188,    8, 1.00,    1, 0.000, 0.000, 0.100, 19
train,    87, -9.523636,    5, 1.00,    2, 0.000, 0.000, 0.100, 19
train,    88, -2.319895,   10, 1.00,    1, 0.000, 0.000, 0.100, 19
train,    89, 0.211314,   17, 0.00,    9, 0.000, 0.000, 0.100, 19
train,    90, -9.823118,    7, 1.00,    4, 0.000, 0.000, 0.100, 19
train,    91, -12.771510,    4, 1.00,    3, 0.000, 0.000, 0.100, 19
train,    92, -7.918086,   11, 1.00,    5, 0.000, 0.000, 0.100, 19
train,    93, -2.633213,    9, 1.00,    1, 0.000, 0.000, 0.100, 19
train,    94, -5.480721,    8, 1.00,    3, 0.000, 0.000, 0.100, 19
train,    95, -4.547556,    6, 1.00,    0, 0.000, 0.000, 0.100, 19
train,    96, -9.379457,    6, 1.00,    3, 0.000, 0.000, 0.100, 19
train,    97, 15.093194,   14, 0.00,    2, 0.000, 0.000, 0.100, 19
train,    98, 5.933393,   15, 0.00,    7, 0.000, 0.000, 0.100, 19
train,    99, -8.953542,   10, 1.00,    5, 0.000, 0.000, 0.100, 19
val,      99, -3.692482, 1.0000,   6.4000,   0.0000
train,    100, -6.155990,    6, 1.00,    1, 0.000, 0.000, 0.100, 19
train,    101, -6.455217,    5, 1.00,    0, 0.000, 0.000, 0.100, 19
train,    102, -5.342070,    9, 1.00,    2, 0.000, 0.000, 0.100, 19
train,    103, 14.168094,   12, 0.00,    2, 0.000, 0.000, 0.100, 19
train,    104, 5.577668,   16, 0.00,    6, 0.000, 0.000, 0.100, 19
train,    105, -8.283031,    4, 1.00,    1, 0.000, 0.000, 0.100, 19
train,    106, 7.367618,   15, 0.00,    6, 0.000, 0.000, 0.100, 19
train,    107, -5.812312,   10, 1.00,    4, 0.000, 0.000, 0.100, 19
train,    108, -5.074492,   10, 1.00,    4, 0.000, 0.000, 0.100, 19
train,    109, -1.371105,   15, 1.00,    4, 0.000, 0.000, 0.100, 19
train,    110, -4.848783,    8, 1.00,    1, 0.000, 0.000, 0.100, 19
train,    111, -3.033266,   13, 1.00,    4, 0.000, 0.000, 0.100, 19
train,    112, 0.151845,   12, 1.00,    1, 0.000, 0.000, 0.100, 19
update,   112,    2,  514, -2.926873, -0.000000
train,    113, -10.309415,    5, 1.00,    3, 0.000, 0.000, 0.100, 19
train,    114, -5.467042,    7, 1.00,    2, 0.000, 0.000, 0.100, 19
train,    115, -7.951111,    4, 1.00,    1, 0.000, 0.000, 0.100, 19
train,    116, -5.716605,   10, 1.00,    3, 0.000, 0.000, 0.100, 19
train,    117, -4.774999,   12, 1.00,    3, 0.000, 0.000, 0.100, 19
train,    118, -4.834438,    6, 1.00,    0, 0.000, 0.000, 0.100, 19
train,    119, -5.031030,   11, 1.00,    4, 0.000, 0.000, 0.100, 19
train,    120, -3.335109,    7, 1.00,    0, 0.000, 0.000, 0.100, 19
train,    121, -6.115699,   10, 1.00,    4, 0.000, 0.000, 0.100, 19
train,    122, -8.147341,   10, 1.00,    5, 0.000, 0.000, 0.100, 19
train,    123, 9.560497,   15, 0.00,    5, 0.000, 0.000, 0.100, 19
train,    124, -2.565330,   12, 1.00,    2, 0.000, 0.000, 0.100, 19
val,      124, -5.528396, 1.0000,   5.2000,   0.0000
train,    125, -0.288095,   10, 1.00,    1, 0.000, 0.000, 0.100, 19
train,    126, -2.314858,    9, 1.00,    1, 0.000, 0.000, 0.100, 19
train,    127, -8.166182,    7, 1.00,    3, 0.000, 0.000, 0.100, 19
train,    128, -7.920207,    7, 1.00,    3, 0.000, 0.000, 0.100, 19
train,    129, -8.889275,   11, 1.00,    6, 0.000, 0.000, 0.100, 19
train,    130, -9.289998,    8, 1.00,    3, 0.000, 0.000, 0.100, 19
train,    131, -7.005609,    8, 1.00,    3, 0.000, 0.000, 0.100, 19
train,    132, -7.214925,   11, 1.00,    4, 0.000, 0.000, 0.100, 19
train,    133, -7.030150,    5, 1.00,    1, 0.000, 0.000, 0.100, 19
train,    134, 11.614534,   15, 0.00,    3, 0.000, 0.000, 0.100, 19
train,    135, 10.024587,   17, 0.00,    5, 0.000, 0.000, 0.100, 19
train,    136, -7.944214,   11, 1.00,    5, 0.000, 0.000, 0.100, 19
train,    137, 1.927139,   16, 0.00,    8, 0.000, 0.000, 0.100, 20
