init,     2026-03-30 16:09:56.494900
arguments,Namespace(PPO_epochs=4, adv_norm=1, alg='ppo', cuda=0, curriculum_clean_ratio=1.0, curriculum_entropy_decay=0.85, curriculum_mode='adaptive', curriculum_noise_step=0.0, curriculum_patience=1, entropy=0.1, entropy_min=0.05, eps_clip=0.15, gae_lambda=0.97, gamma=0.995, grad_clip=0.5, gymip_train_xml='inverted_pendulum_ChangeThk_0.050000.xml', hid_group_num=8, hid_group_size=8, hidden_num=64, ignore_checkpoint=True, lane_profile='auto', lr=0.0005, max_noise=0.0, mini_batch_size=128, model='rwtaspk', monitor_time=False, optimizer='rmsprop', rep=11, response_window=40, reward_scale=1.0, road_scenario='merge', rollout_steps=512, rwta_del_connection='none', seed=15, snn_num_steps=15, task='gymip', thread=3, traffic_level='standard', train_num=5000)
seed,     15
model_dir,/root/autodl-tmp/SVPG2023/LANE/log_model/merge
profile,  lane auto-stabilize: lr->0.0005, gamma->0.995, PPO_epochs->4, eps_clip->0.15, rollout_steps->512, mini_batch_size->128, gae_lambda->0.97, grad_clip->0.5, curriculum_clean_ratio->0.8, max_noise->0.08, curriculum_noise_step->0.02, entropy_min->0.05, curriculum_clean_ratio->1.0, max_noise->0.0, curriculum_noise_step->0.0, curriculum_patience->1, curriculum_entropy_decay->0.85
train,    1, -6.259501,   12, 1.00,    4, 0.000, 0.000, 0.100,  8
train,    2, -13.671053,    5, 1.00,    4, 0.000, 0.000, 0.100,  8
train,    3, -13.894033,    5, 1.00,    4, 0.000, 0.000, 0.100,  8
train,    4, -10.146961,    7, 1.00,    4, 0.000, 0.000, 0.100,  8
train,    5, 5.949135,   14, 0.00,    8, 0.000, 0.000, 0.100,  8
train,    6, -11.338156,   12, 1.00,    5, 0.000, 0.000, 0.100,  8
train,    7, -5.803112,   15, 0.00,    5, 0.000, 0.000, 0.100,  8
train,    8, -8.805234,    5, 1.00,    1, 0.000, 0.000, 0.100,  8
train,    9, -12.697587,    6, 1.00,    2, 0.000, 0.000, 0.100,  8
val_save, 9, -14.239450, 1.0000,   6.8000,   6.8000, 0.0000,  28.8352
val,      9, -14.239450, 1.0000,   6.8000,   6.8000, 0.0000,  28.8352
curriculum,noise_cap 0.0000 -> 0.0000, entropy 0.1000 -> 0.0850
train,    10, -12.862418,    9, 1.00,    4, 0.000, 0.000, 0.085,  8
train,    11, -11.833970,    5, 1.00,    2, 0.000, 0.000, 0.085,  8
train,    12, -11.815216,   13, 1.00,    5, 0.000, 0.000, 0.085,  8
train,    13, -8.356898,    9, 1.00,    2, 0.000, 0.000, 0.085,  8
train,    14, -9.204614,    9, 1.00,    4, 0.000, 0.000, 0.085,  8
train,    15, -13.480837,    6, 1.00,    3, 0.000, 0.000, 0.085,  8
train,    16, -8.821092,    9, 1.00,    1, 0.000, 0.000, 0.085,  8
train,    17, -8.058138,    7, 1.00,    2, 0.000, 0.000, 0.085,  8
train,    18, -4.776377,   10, 1.00,    2, 0.000, 0.000, 0.085,  8
train,    19, -10.995439,    4, 1.00,    2, 0.000, 0.000, 0.085,  8
val,      19, -14.357581, 1.0000,   5.5000,   5.5000, 0.0000,  28.0875
train,    20, -7.681593,    8, 1.00,    1, 0.000, 0.000, 0.085,  8
train,    21, -8.663158,    5, 1.00,    1, 0.000, 0.000, 0.085,  8
train,    22, -7.331269,    9, 1.00,    2, 0.000, 0.000, 0.085,  8
train,    23, -9.133087,   10, 1.00,    4, 0.000, 0.000, 0.085,  8
train,    24, -14.943842,   16, 1.00,    8, 0.000, 0.000, 0.085,  8
train,    25, -11.029299,    6, 1.00,    3, 0.000, 0.000, 0.085,  8
train,    26, -11.049246,   11, 1.00,    2, 0.000, 0.000, 0.085,  8
train,    27, -16.141565,    5, 1.00,    5, 0.000, 0.000, 0.085,  8
train,    28, -12.245425,    6, 1.00,    3, 0.000, 0.000, 0.085,  8
train,    29, 8.959429,   13, 0.00,    6, 0.000, 0.000, 0.085,  8
val,      29, -15.286589, 1.0000,   6.2000,   6.2000, 0.0000,  28.6619
train,    30, -14.152890,    5, 1.00,    2, 0.000, 0.000, 0.085,  8
train,    31, -10.684401,    5, 1.00,    2, 0.000, 0.000, 0.085,  8
train,    32, -8.896491,    6, 1.00,    3, 0.000, 0.000, 0.085,  8
train,    33, -12.971288,    7, 1.00,    3, 0.000, 0.000, 0.085,  8
train,    34, -11.247935,    4, 1.00,    2, 0.000, 0.000, 0.085,  8
train,    35, 4.820556,   15, 0.00,    7, 0.000, 0.000, 0.085,  8
train,    36, -12.432647,    4, 1.00,    2, 0.000, 0.000, 0.085,  8
train,    37, -8.051135,    8, 1.00,    3, 0.000, 0.000, 0.085,  8
train,    38, -14.220486,    6, 1.00,    4, 0.000, 0.000, 0.085,  8
train,    39, -15.052945,   12, 1.00,    7, 0.000, 0.000, 0.085,  8
val,      39, -14.111739, 1.0000,   6.1000,   6.1000, 0.0000,  28.2018
train,    40, -13.799331,   10, 1.00,    4, 0.000, 0.000, 0.085,  8
train,    41, -15.781858,    5, 1.00,    4, 0.000, 0.000, 0.085,  8
train,    42, -12.979376,    6, 1.00,    3, 0.000, 0.000, 0.085,  8
train,    43, -9.092643,    7, 1.00,    2, 0.000, 0.000, 0.085,  8
train,    44, -16.489041,    9, 1.00,    5, 0.000, 0.000, 0.085,  8
train,    45, -13.371252,    5, 1.00,    3, 0.000, 0.000, 0.085,  8
train,    46, -17.167032,   10, 1.00,    5, 0.000, 0.000, 0.085,  8
train,    47, -12.608757,   12, 1.00,    6, 0.000, 0.000, 0.085,  8
train,    48, -10.687268,    6, 1.00,    2, 0.000, 0.000, 0.085,  8
train,    49, -11.155317,   13, 1.00,    5, 0.000, 0.000, 0.085,  8
val,      49, -14.618098, 1.0000,   5.7000,   5.7000, 0.0000,  28.2534
train,    50, -14.160989,   16, 0.00,    2, 0.000, 0.000, 0.085,  8
train,    51, -9.729035,    5, 1.00,    2, 0.000, 0.000, 0.085,  8
train,    52, -10.503502,    5, 1.00,    1, 0.000, 0.000, 0.085,  8
train,    53, -5.703546,   10, 1.00,    3, 0.000, 0.000, 0.085,  8
train,    54, -10.382844,    5, 1.00,    2, 0.000, 0.000, 0.085,  8
train,    55, 2.705701,   16, 0.00,    7, 0.000, 0.000, 0.085,  8
train,    56, -8.819864,   13, 1.00,    4, 0.000, 0.000, 0.085,  8
train,    57, -16.122294,   11, 1.00,    7, 0.000, 0.000, 0.085,  8
train,    58, -14.822145,   11, 1.00,    4, 0.000, 0.000, 0.085,  8
train,    59, -10.203788,   12, 1.00,    4, 0.000, 0.000, 0.085,  8
val_save, 59, -13.641849, 0.9000,   6.4000,   6.4000, 0.0000,  28.0470
val,      59, -13.641849, 0.9000,   6.4000,   6.4000, 0.0000,  28.0470
curriculum,noise_cap 0.0000 -> 0.0000, entropy 0.0850 -> 0.0723
train,    60, -11.702297,    6, 1.00,    2, 0.000, 0.000, 0.072,  8
update,   60,    1,  516, -10.078101, 0.000000
train,    61, -11.368775,    9, 1.00,    4, 0.000, 0.000, 0.072,  8
train,    62, -5.579575,   11, 1.00,    3, 0.000, 0.000, 0.072,  8
train,    63, -19.963785,   11, 1.00,    5, 0.000, 0.000, 0.072,  8
train,    64, -10.843759,    7, 1.00,    2, 0.000, 0.000, 0.072,  8
train,    65, -14.471416,    5, 1.00,    3, 0.000, 0.000, 0.072,  8
train,    66, -12.689880,    4, 1.00,    2, 0.000, 0.000, 0.072,  8
train,    67, -7.143169,   10, 1.00,    2, 0.000, 0.000, 0.072,  8
train,    68, -10.991471,    5, 1.00,    2, 0.000, 0.000, 0.072,  8
train,    69, -12.369882,    5, 1.00,    2, 0.000, 0.000, 0.072,  8
val_save, 69, -1.982726, 0.7000,  14.6000,   0.0000, 0.0000,  20.2506
val,      69, -1.982726, 0.7000,  14.6000,   0.0000, 0.0000,  20.2506
curriculum,noise_cap 0.0000 -> 0.0000, entropy 0.0723 -> 0.0614
train,    70, -10.370307,    4, 1.00,    1, 0.000, 0.000, 0.061,  8
train,    71, -10.140081,    6, 1.00,    1, 0.000, 0.000, 0.061,  8
train,    72, 7.205701,   17, 0.00,    4, 0.000, 0.000, 0.061,  8
train,    73, -10.562245,    5, 1.00,    2, 0.000, 0.000, 0.061,  8
train,    74, 7.693418,   16, 0.00,    4, 0.000, 0.000, 0.061,  8
train,    75, -8.478648,    8, 1.00,    2, 0.000, 0.000, 0.061,  8
train,    76, -10.316755,    6, 1.00,    2, 0.000, 0.000, 0.061,  8
train,    77, -10.636665,    5, 1.00,    1, 0.000, 0.000, 0.061,  8
train,    78, -11.104440,   10, 1.00,    4, 0.000, 0.000, 0.061,  8
train,    79, -9.896974,    6, 1.00,    0, 0.000, 0.000, 0.061,  8
val_save, 79, -1.888830, 0.6000,  14.9000,   0.0000, 0.0000,  20.1836
val,      79, -1.888830, 0.6000,  14.9000,   0.0000, 0.0000,  20.1836
curriculum,noise_cap 0.0000 -> 0.0000, entropy 0.0614 -> 0.0522
train,    80, -13.942608,    4, 1.00,    3, 0.000, 0.000, 0.052,  8
train,    81, -13.219682,   13, 1.00,    7, 0.000, 0.000, 0.052,  8
train,    82, 6.428281,   14, 0.00,    6, 0.000, 0.000, 0.052,  8
train,    83, -11.672008,    5, 1.00,    2, 0.000, 0.000, 0.052,  8
train,    84, -11.897495,   10, 1.00,    4, 0.000, 0.000, 0.052,  8
train,    85, -6.206447,   15, 0.00,    6, 0.000, 0.000, 0.052,  8
train,    86, -11.849986,   10, 1.00,    3, 0.000, 0.000, 0.052,  8
train,    87, -12.162222,    7, 1.00,    4, 0.000, 0.000, 0.052,  8
train,    88, -11.737852,    5, 1.00,    1, 0.000, 0.000, 0.052,  8
train,    89, -12.771317,   11, 1.00,    5, 0.000, 0.000, 0.052,  8
val,      89, -6.245681, 0.9000,  15.1000,   0.0000, 0.0000,  20.1040
train,    90, -13.920022,    7, 1.00,    3, 0.000, 0.000, 0.052,  8
train,    91, 6.408045,   14, 0.00,    7, 0.000, 0.000, 0.052,  8
train,    92, -13.097512,   15, 1.00,    6, 0.000, 0.000, 0.052,  8
train,    93, -10.135111,    7, 1.00,    4, 0.000, 0.000, 0.052,  8
train,    94, -10.049458,    8, 1.00,    4, 0.000, 0.000, 0.052,  8
train,    95, -7.366344,    7, 1.00,    1, 0.000, 0.000, 0.052,  8
train,    96, -9.308501,    7, 1.00,    3, 0.000, 0.000, 0.052,  8
train,    97, -9.704155,    6, 1.00,    3, 0.000, 0.000, 0.052,  8
train,    98, -8.435451,    8, 1.00,    3, 0.000, 0.000, 0.052,  8
train,    99, -31.307056,   13, 1.00,    6, 0.000, 0.000, 0.052,  8
val_save, 99, -1.271204, 0.6000,  16.0000,   0.0000, 0.0000,  20.2153
val,      99, -1.271204, 0.6000,  16.0000,   0.0000, 0.0000,  20.2153
curriculum,noise_cap 0.0000 -> 0.0000, entropy 0.0522 -> 0.0500
train,    100, -5.276963,   13, 1.00,    4, 0.000, 0.000, 0.050,  8
train,    101, -10.058765,    8, 1.00,    4, 0.000, 0.000, 0.050,  8
train,    102, 6.965247,   15, 0.00,    6, 0.000, 0.000, 0.050,  8
train,    103, -12.733712,    5, 1.00,    3, 0.000, 0.000, 0.050,  8
train,    104, -6.105233,   12, 1.00,    1, 0.000, 0.000, 0.050,  8
train,    105, -11.671269,    5, 1.00,    2, 0.000, 0.000, 0.050,  8
train,    106, -14.147842,    5, 1.00,    3, 0.000, 0.000, 0.050,  8
train,    107, -13.046922,    5, 1.00,    2, 0.000, 0.000, 0.050,  8
train,    108, -13.452930,    5, 1.00,    3, 0.000, 0.000, 0.050,  8
train,    109, -12.707888,    5, 1.00,    3, 0.000, 0.000, 0.050,  8
val,      109, -2.572329, 0.7000,  14.6000,   0.0000, 0.0000,  20.0864
train,    110, -15.040737,    9, 1.00,    3, 0.000, 0.000, 0.050,  8
train,    111, -12.116833,    5, 1.00,    3, 0.000, 0.000, 0.050,  8
train,    112, -2.049441,   14, 0.00,    4, 0.000, 0.000, 0.050,  8
train,    113, -13.373786,    4, 1.00,    3, 0.000, 0.000, 0.050,  8
train,    114, -14.387583,   11, 1.00,    6, 0.000, 0.000, 0.050,  8
train,    115, -11.066791,    6, 1.00,    1, 0.000, 0.000, 0.050,  8
train,    116, -11.560143,    4, 1.00,    2, 0.000, 0.000, 0.050,  8
train,    117, -13.144958,    7, 1.00,    5, 0.000, 0.000, 0.050,  8
train,    118, -13.601173,    8, 1.00,    4, 0.000, 0.000, 0.050,  8
train,    119, -10.476313,    4, 1.00,    1, 0.000, 0.000, 0.050,  8
val,      119, -4.402802, 0.8000,  15.1000,   0.0000, 0.0000,  20.1995
train,    120, -10.372980,    5, 1.00,    2, 0.000, 0.000, 0.050,  8
train,    121, -9.009836,    6, 1.00,    2, 0.000, 0.000, 0.050,  8
train,    122, -10.831831,    7, 1.00,    2, 0.000, 0.000, 0.050,  8
train,    123, -10.885092,    6, 1.00,    3, 0.000, 0.000, 0.050,  8
train,    124, -18.804864,   11, 1.00,    6, 0.000, 0.000, 0.050,  8
update,   124,    2,  521, -9.759506, 0.000000
train,    125, -12.407895,    5, 1.00,    4, 0.000, 0.000, 0.050,  8
train,    126, -13.670779,    5, 1.00,    2, 0.000, 0.000, 0.050,  8
train,    127, -7.349170,   11, 1.00,    2, 0.000, 0.000, 0.050,  8
train,    128, -11.787179,    4, 1.00,    2, 0.000, 0.000, 0.050,  8
train,    129, -11.562821,    8, 1.00,    3, 0.000, 0.000, 0.050,  8
val,      129, -7.548393, 1.0000,  13.5000,   0.0000, 0.0000,  20.1066
train,    130, -13.776721,    7, 1.00,    2, 0.000, 0.000, 0.050,  8
train,    131, -4.861306,   15, 1.00,    3, 0.000, 0.000, 0.050,  8
train,    132, -12.032577,    5, 1.00,    1, 0.000, 0.000, 0.050,  8
train,    133, -13.428141,    5, 1.00,    2, 0.000, 0.000, 0.050,  8
train,    134, -10.214161,    7, 1.00,    3, 0.000, 0.000, 0.050,  8
train,    135, -10.028029,   10, 1.00,    2, 0.000, 0.000, 0.050,  8
train,    136, -1.003548,   14, 0.00,    3, 0.000, 0.000, 0.050,  8
train,    137, -9.117045,    9, 1.00,    2, 0.000, 0.000, 0.050,  8
train,    138, -11.588796,    6, 1.00,    3, 0.000, 0.000, 0.050,  8
train,    139, 11.082874,   15, 0.00,    4, 0.000, 0.000, 0.050,  8
val,      139, -5.311149, 0.8000,  14.8000,   0.0000, 0.0000,  20.0626
train,    140, -9.996985,    9, 1.00,    2, 0.000, 0.000, 0.050,  8
train,    141, -9.957003,    6, 1.00,    1, 0.000, 0.000, 0.050,  8
train,    142, -4.997263,    9, 1.00,    2, 0.000, 0.000, 0.050,  8
train,    143, -11.216918,    6, 1.00,    1, 0.000, 0.000, 0.050,  8
train,    144, -10.396936,    6, 1.00,    2, 0.000, 0.000, 0.050,  8
train,    145, -10.560265,    6, 1.00,    1, 0.000, 0.000, 0.050,  8
train,    146, 6.512875,   16, 0.00,    4, 0.000, 0.000, 0.050,  8
train,    147, 3.092056,   17, 0.00,    6, 0.000, 0.000, 0.050,  8
train,    148, -24.271549,   11, 1.00,    7, 0.000, 0.000, 0.050,  8
train,    149, -9.963287,    4, 1.00,    1, 0.000, 0.000, 0.050,  8
val,      149, -4.560271, 0.8000,  15.1000,   0.0000, 0.0000,  20.3079
train,    150, -11.681348,    9, 1.00,    6, 0.000, 0.000, 0.050,  8
train,    151, -15.391919,    5, 1.00,    3, 0.000, 0.000, 0.050,  8
train,    152, -9.857606,    9, 1.00,    2, 0.000, 0.000, 0.050,  8
train,    153, -13.001981,   10, 1.00,    4, 0.000, 0.000, 0.050,  8
train,    154, -10.108547,    7, 1.00,    3, 0.000, 0.000, 0.050,  8
train,    155, -14.094818,    6, 1.00,    3, 0.000, 0.000, 0.050,  8
train,    156, -12.308217,    7, 1.00,    3, 0.000, 0.000, 0.050,  8
train,    157, -5.834079,   11, 1.00,    3, 0.000, 0.000, 0.050,  8
train,    158, 10.805751,   15, 0.00,    2, 0.000, 0.000, 0.050,  8
train,    159, -10.733841,    8, 1.00,    3, 0.000, 0.000, 0.050,  8
val,      159, -6.758824, 0.8000,  15.0000,   0.0000, 0.0000,  20.1085
train,    160, -10.070254,    8, 1.00,    4, 0.000, 0.000, 0.050,  8
train,    161, -10.272576,    4, 1.00,    1, 0.000, 0.000, 0.050,  8
train,    162, -11.249120,    9, 1.00,    3, 0.000, 0.000, 0.050,  8
train,    163, -11.577154,    7, 1.00,    2, 0.000, 0.000, 0.050,  8
train,    164, -13.281579,    5, 1.00,    4, 0.000, 0.000, 0.050,  8
train,    165, -9.183587,   10, 1.00,    5, 0.000, 0.000, 0.050,  8
train,    166, -12.977784,    5, 1.00,    3, 0.000, 0.000, 0.050,  8
train,    167, -10.867544,    5, 1.00,    3, 0.000, 0.000, 0.050,  8
train,    168, -5.400307,   14, 1.00,    2, 0.000, 0.000, 0.050,  8
train,    169, -7.113644,    7, 1.00,    2, 0.000, 0.000, 0.050,  8
val,      169, -3.818211, 0.8000,  14.4000,   0.0000, 0.0000,  20.1792
train,    170, -9.460860,    8, 1.00,    4, 0.000, 0.000, 0.050,  8
train,    171, -9.600910,    5, 1.00,    1, 0.000, 0.000, 0.050,  8
train,    172, -13.293893,   11, 1.00,    5, 0.000, 0.000, 0.050,  8
train,    173, 10.655295,   15, 0.00,    3, 0.000, 0.000, 0.050,  8
train,    174, -6.993857,    9, 1.00,    4, 0.000, 0.000, 0.050,  8
train,    175, -8.580492,    7, 1.00,    2, 0.000, 0.000, 0.050,  8
train,    176, -12.464632,    5, 1.00,    2, 0.000, 0.000, 0.050,  8
train,    177, -10.151024,   11, 1.00,    5, 0.000, 0.000, 0.050,  8
train,    178, 9.645810,   16, 0.00,    3, 0.000, 0.000, 0.050,  8
train,    179, -10.566659,    5, 1.00,    1, 0.000, 0.000, 0.050,  8
val,      179, -4.846046, 0.9000,  15.1000,   0.0000, 0.0000,  20.1739
train,    180, -14.690711,    5, 1.00,    3, 0.000, 0.000, 0.050,  8
train,    181, -14.651770,    6, 1.00,    3, 0.000, 0.000, 0.050,  8
train,    182, -10.570525,   12, 1.00,    3, 0.000, 0.000, 0.050,  8
train,    183, -13.330084,   11, 1.00,    5, 0.000, 0.000, 0.050,  8
train,    184, -16.522400,    5, 1.00,    5, 0.000, 0.000, 0.050,  8
train,    185, -7.335666,   10, 1.00,    4, 0.000, 0.000, 0.050,  8
update,   185,    3,  518, -8.864529, -0.000000
