init,     2026-03-30 17:10:21.825891
arguments,Namespace(PPO_epochs=4, adv_norm=1, alg='ppo', cuda=0, curriculum_clean_ratio=1.0, curriculum_entropy_decay=0.85, curriculum_mode='adaptive', curriculum_noise_step=0.0, curriculum_patience=1, entropy=0.1, entropy_min=0.05, eps_clip=0.15, gae_lambda=0.97, gamma=0.995, grad_clip=0.5, gymip_train_xml='inverted_pendulum_ChangeThk_0.050000.xml', hid_group_num=8, hid_group_size=8, hidden_num=64, ignore_checkpoint=True, lane_profile='auto', lr=0.0005, max_noise=0.0, mini_batch_size=128, model='rwtaspk', monitor_time=False, optimizer='rmsprop', rep=11, response_window=40, reward_scale=1.0, road_scenario='merge', rollout_steps=512, rwta_del_connection='none', seed=19, snn_num_steps=15, task='gymip', thread=2, traffic_level='standard', train_num=4000)
seed,     19
model_dir,/root/autodl-tmp/SVPG2023/LANE/log_model/merge
profile,  lane auto-stabilize: lr->0.0005, gamma->0.995, PPO_epochs->4, eps_clip->0.15, rollout_steps->512, mini_batch_size->128, gae_lambda->0.97, grad_clip->0.5, curriculum_clean_ratio->0.8, max_noise->0.08, curriculum_noise_step->0.02, entropy_min->0.05, curriculum_clean_ratio->1.0, max_noise->0.0, curriculum_noise_step->0.0, curriculum_patience->1, curriculum_entropy_decay->0.85
train,    1, -12.536886,    9, 1.00,    4, 0.000, 0.000, 0.100,  8
train,    2, 18.618928,   12, 0.00,    7, 0.000, 0.000, 0.100,  8
train,    3, -16.818470,   10, 1.00,    4, 0.000, 0.000, 0.100,  8
train,    4, -19.789223,   12, 1.00,    2, 0.000, 0.000, 0.100,  8
train,    5, -11.099796,   13, 1.00,    5, 0.000, 0.000, 0.100,  8
train,    6, -19.259838,   13, 1.00,    4, 0.000, 0.000, 0.100,  8
train,    7, -16.698447,   10, 1.00,    4, 0.000, 0.000, 0.100,  8
train,    8, -14.761667,   11, 1.00,    5, 0.000, 0.000, 0.100,  8
train,    9, -12.196494,   13, 1.00,    5, 0.000, 0.000, 0.100,  8
val_save, 9, -13.172956, 1.0000,   8.0000,   8.0000, 0.0000,  28.5114
val,      9, -13.172956, 1.0000,   8.0000,   8.0000, 0.0000,  28.5114
curriculum,noise_cap 0.0000 -> 0.0000, entropy 0.1000 -> 0.0850
train,    10, 17.532360,   13, 0.00,    6, 0.000, 0.000, 0.085,  8
train,    11, -11.918115,   10, 1.00,    6, 0.000, 0.000, 0.085,  8
train,    12, -12.325915,   10, 1.00,    4, 0.000, 0.000, 0.085,  8
train,    13, -10.835475,   13, 1.00,    3, 0.000, 0.000, 0.085,  8
train,    14, -12.567742,   11, 1.00,    3, 0.000, 0.000, 0.085,  8
train,    15, -14.193457,   10, 1.00,    7, 0.000, 0.000, 0.085,  8
train,    16, -20.124483,   11, 1.00,    5, 0.000, 0.000, 0.085,  8
train,    17, -11.025629,   10, 1.00,    3, 0.000, 0.000, 0.085,  8
train,    18, -15.132378,   11, 1.00,    2, 0.000, 0.000, 0.085,  8
train,    19, -12.054227,    9, 1.00,    6, 0.000, 0.000, 0.085,  8
val,      19, -13.155305, 1.0000,   8.0000,   8.0000, 0.0000,  28.4816
train,    20, -13.051971,   12, 1.00,    6, 0.000, 0.000, 0.085,  8
train,    21, -12.999950,   10, 1.00,    4, 0.000, 0.000, 0.085,  8
train,    22, -11.989115,   10, 1.00,    5, 0.000, 0.000, 0.085,  8
train,    23, -12.039811,    8, 1.00,    5, 0.000, 0.000, 0.085,  8
train,    24, -12.957085,   10, 1.00,    4, 0.000, 0.000, 0.085,  8
train,    25, -17.187770,   10, 1.00,    6, 0.000, 0.000, 0.085,  8
train,    26, -15.471761,   12, 1.00,    3, 0.000, 0.000, 0.085,  8
train,    27, -17.872261,   13, 1.00,    4, 0.000, 0.000, 0.085,  8
train,    28, -6.482770,   14, 1.00,    7, 0.000, 0.000, 0.085,  8
train,    29, -15.821579,   10, 1.00,    2, 0.000, 0.000, 0.085,  8
val_save, 29, -13.178261, 1.0000,   8.0000,   8.0000, 0.0000,  28.5279
val,      29, -13.178261, 1.0000,   8.0000,   8.0000, 0.0000,  28.5279
curriculum,noise_cap 0.0000 -> 0.0000, entropy 0.0850 -> 0.0723
train,    30, 19.664198,   15, 0.00,    7, 0.000, 0.000, 0.072,  8
train,    31, -11.744918,    8, 1.00,    3, 0.000, 0.000, 0.072,  8
train,    32, -22.787313,   12, 1.00,    4, 0.000, 0.000, 0.072,  8
train,    33, -17.604462,   11, 1.00,    4, 0.000, 0.000, 0.072,  8
train,    34, -11.801891,    8, 1.00,    4, 0.000, 0.000, 0.072,  8
train,    35, 20.322442,   14, 0.00,    9, 0.000, 0.000, 0.072,  8
train,    36, -13.065097,   11, 1.00,    4, 0.000, 0.000, 0.072,  8
train,    37, 19.843693,   12, 0.00,    5, 0.000, 0.000, 0.072,  8
train,    38, -7.834458,   13, 1.00,    5, 0.000, 0.000, 0.072,  8
train,    39, -11.643135,   10, 1.00,    4, 0.000, 0.000, 0.072,  8
val_save, 39, -13.168752, 1.0000,   8.0000,   8.0000, 0.0000,  28.5279
val,      39, -13.168752, 1.0000,   8.0000,   8.0000, 0.0000,  28.5279
curriculum,noise_cap 0.0000 -> 0.0000, entropy 0.0723 -> 0.0614
train,    40, -11.537050,    9, 1.00,    3, 0.000, 0.000, 0.061,  8
train,    41, -17.969554,   12, 1.00,    6, 0.000, 0.000, 0.061,  8
train,    42, -12.489459,   10, 1.00,    2, 0.000, 0.000, 0.061,  8
train,    43, -19.091755,   14, 1.00,    1, 0.000, 0.000, 0.061,  8
train,    44, -13.897593,   12, 1.00,    7, 0.000, 0.000, 0.061,  8
train,    45, -11.829694,   10, 1.00,    2, 0.000, 0.000, 0.061,  8
train,    46, -21.468934,   12, 1.00,    3, 0.000, 0.000, 0.061,  8
update,   46,    1,  513, -9.335024, -0.000000
train,    47, -15.652918,   10, 1.00,    3, 0.000, 0.000, 0.061,  8
train,    48, -13.038843,   13, 1.00,    6, 0.000, 0.000, 0.061,  8
train,    49, -12.428233,   11, 1.00,    9, 0.000, 0.000, 0.061,  8
val_save, 49, -14.911435, 1.0000,   9.7000,   9.7000, 0.0000,  28.5526
val,      49, -14.911435, 1.0000,   9.7000,   9.7000, 0.0000,  28.5526
train,    50, 18.110444,   12, 0.00,    6, 0.000, 0.000, 0.061,  8
train,    51, -11.254806,    9, 1.00,    3, 0.000, 0.000, 0.061,  8
train,    52, -11.777851,    8, 1.00,    3, 0.000, 0.000, 0.061,  8
train,    53, -19.171225,   11, 1.00,    6, 0.000, 0.000, 0.061,  8
train,    54, -13.561453,   10, 1.00,    5, 0.000, 0.000, 0.061,  8
train,    55, -12.885993,    8, 1.00,    5, 0.000, 0.000, 0.061,  8
train,    56, 19.560572,   12, 0.00,    6, 0.000, 0.000, 0.061,  8
train,    57, -11.806072,   10, 1.00,    6, 0.000, 0.000, 0.061,  8
train,    58, -15.694816,   12, 1.00,    7, 0.000, 0.000, 0.061,  8
train,    59, -12.127205,   13, 1.00,    6, 0.000, 0.000, 0.061,  8
val,      59, -14.742051, 1.0000,  10.0000,  10.0000, 0.0000,  28.4887
train,    60, -16.704176,   10, 1.00,    5, 0.000, 0.000, 0.061,  8
train,    61, -15.460909,   10, 1.00,    3, 0.000, 0.000, 0.061,  8
train,    62, -13.326736,   11, 1.00,    6, 0.000, 0.000, 0.061,  8
train,    63, -14.219818,   10, 1.00,    6, 0.000, 0.000, 0.061,  8
train,    64, -15.017226,   10, 1.00,    4, 0.000, 0.000, 0.061,  8
train,    65, -14.179764,    9, 1.00,    5, 0.000, 0.000, 0.061,  8
train,    66, -13.715550,   11, 1.00,    6, 0.000, 0.000, 0.061,  8
train,    67, -11.887029,    9, 1.00,    4, 0.000, 0.000, 0.061,  8
train,    68, -17.324721,   12, 1.00,    2, 0.000, 0.000, 0.061,  8
train,    69, -19.014379,   13, 1.00,    5, 0.000, 0.000, 0.061,  8
val,      69, -14.752544, 1.0000,  10.0000,  10.0000, 0.0000,  28.4887
train,    70, -11.774444,    9, 1.00,    4, 0.000, 0.000, 0.061,  8
train,    71, -9.862779,   11, 1.00,    3, 0.000, 0.000, 0.061,  8
train,    72, -16.449235,   12, 1.00,    1, 0.000, 0.000, 0.061,  8
train,    73, -16.223682,   10, 1.00,    4, 0.000, 0.000, 0.061,  8
train,    74, -14.097852,   10, 1.00,    7, 0.000, 0.000, 0.061,  8
train,    75, -15.411799,   10, 1.00,    4, 0.000, 0.000, 0.061,  8
train,    76, -20.236905,   11, 1.00,    3, 0.000, 0.000, 0.061,  8
train,    77, -20.719843,   12, 1.00,    7, 0.000, 0.000, 0.061,  8
train,    78, 18.801577,   15, 0.00,    6, 0.000, 0.000, 0.061,  8
train,    79, -16.456896,   10, 1.00,    5, 0.000, 0.000, 0.061,  8
val_save, 79, -14.840460, 1.0000,   9.8000,   9.8000, 0.0000,  28.7190
val,      79, -14.840460, 1.0000,   9.8000,   9.8000, 0.0000,  28.7190
curriculum,noise_cap 0.0000 -> 0.0000, entropy 0.0614 -> 0.0522
train,    80, 18.839205,   16, 0.00,    6, 0.000, 0.000, 0.052,  8
train,    81, -17.188070,   12, 1.00,    6, 0.000, 0.000, 0.052,  8
train,    82, 17.261317,   14, 0.00,    5, 0.000, 0.000, 0.052,  8
train,    83, -14.084221,   11, 1.00,    6, 0.000, 0.000, 0.052,  8
train,    84, -15.574447,   11, 1.00,    3, 0.000, 0.000, 0.052,  8
train,    85, 17.593113,   17, 0.00,    7, 0.000, 0.000, 0.052,  8
train,    86, 20.124795,   14, 0.00,    6, 0.000, 0.000, 0.052,  8
train,    87, -20.946697,   12, 1.00,    5, 0.000, 0.000, 0.052,  8
train,    88, -10.300295,   16, 1.00,    9, 0.000, 0.000, 0.052,  8
train,    89, -12.169814,   10, 1.00,    5, 0.000, 0.000, 0.052,  8
