init,     2026-03-30 15:56:02.132636
arguments,Namespace(PPO_epochs=4, adv_norm=1, alg='ppo', cuda=0, curriculum_clean_ratio=1.0, curriculum_entropy_decay=0.85, curriculum_mode='adaptive', curriculum_noise_step=0.0, curriculum_patience=1, entropy=0.1, entropy_min=0.05, eps_clip=0.15, gae_lambda=0.97, gamma=0.995, grad_clip=0.5, gymip_train_xml='inverted_pendulum_ChangeThk_0.050000.xml', hid_group_num=8, hid_group_size=8, hidden_num=64, ignore_checkpoint=True, lane_profile='auto', lr=0.0005, max_noise=0.0, mini_batch_size=128, model='rwtaspk', monitor_time=False, optimizer='rmsprop', rep=11, response_window=40, reward_scale=1.0, road_scenario='merge', rollout_steps=512, rwta_del_connection='none', seed=12, snn_num_steps=15, task='gymip', thread=4, traffic_level='standard', train_num=5000)
seed,     12
model_dir,/root/autodl-tmp/SVPG2023/LANE/log_model/merge
profile,  lane auto-stabilize: lr->0.0005, gamma->0.995, PPO_epochs->4, eps_clip->0.15, rollout_steps->512, mini_batch_size->128, gae_lambda->0.97, grad_clip->0.5, curriculum_clean_ratio->0.8, max_noise->0.08, curriculum_noise_step->0.02, entropy_min->0.05, curriculum_clean_ratio->1.0, max_noise->0.0, curriculum_noise_step->0.0, curriculum_patience->1, curriculum_entropy_decay->0.85
train,    1, -7.005703,    7, 1.00,    2, 0.000, 0.000, 0.100,  8
train,    2, -14.053094,    9, 1.00,    3, 0.000, 0.000, 0.100,  8
train,    3, -11.014068,    4, 1.00,    1, 0.000, 0.000, 0.100,  8
train,    4, -7.477262,   14, 1.00,    5, 0.000, 0.000, 0.100,  8
train,    5, -19.822371,   14, 1.00,    4, 0.000, 0.000, 0.100,  8
train,    6, -11.313842,    6, 1.00,    2, 0.000, 0.000, 0.100,  8
train,    7, -13.281579,    5, 1.00,    4, 0.000, 0.000, 0.100,  8
train,    8, -10.000229,    6, 1.00,    2, 0.000, 0.000, 0.100,  8
train,    9, -9.962677,    8, 1.00,    4, 0.000, 0.000, 0.100,  8
val_save, 9, -13.856816, 1.0000,   5.6000,   5.6000, 0.0000,  28.6175
val,      9, -13.856816, 1.0000,   5.6000,   5.6000, 0.0000,  28.6175
curriculum,noise_cap 0.0000 -> 0.0000, entropy 0.1000 -> 0.0850
train,    10, -10.505871,    5, 1.00,    0, 0.000, 0.000, 0.085,  8
train,    11, -8.978068,    9, 1.00,    5, 0.000, 0.000, 0.085,  8
train,    12, -9.871767,   12, 1.00,    6, 0.000, 0.000, 0.085,  8
train,    13, -9.764672,    7, 1.00,    3, 0.000, 0.000, 0.085,  8
train,    14, -6.803550,    9, 1.00,    4, 0.000, 0.000, 0.085,  8
train,    15, -13.602110,    8, 1.00,    5, 0.000, 0.000, 0.085,  8
train,    16, -15.765110,    5, 1.00,    5, 0.000, 0.000, 0.085,  8
train,    17, -12.283167,    5, 1.00,    2, 0.000, 0.000, 0.085,  8
train,    18, -13.212299,    6, 1.00,    3, 0.000, 0.000, 0.085,  8
train,    19, -11.425788,    5, 1.00,    2, 0.000, 0.000, 0.085,  8
val,      19, -14.581946, 1.0000,   5.7000,   5.7000, 0.0000,  27.8761
train,    20, -10.275784,    4, 1.00,    1, 0.000, 0.000, 0.085,  8
train,    21, -10.000411,   10, 1.00,    4, 0.000, 0.000, 0.085,  8
train,    22, -11.111509,    5, 1.00,    1, 0.000, 0.000, 0.085,  8
train,    23, -9.817314,   13, 1.00,    4, 0.000, 0.000, 0.085,  8
train,    24, -13.592564,    9, 1.00,    3, 0.000, 0.000, 0.085,  8
train,    25, -27.561313,   16, 1.00,    8, 0.000, 0.000, 0.085,  8
train,    26, -12.673813,    7, 1.00,    3, 0.000, 0.000, 0.085,  8
train,    27, -10.342169,    5, 1.00,    1, 0.000, 0.000, 0.085,  8
train,    28, -8.842454,    6, 1.00,    1, 0.000, 0.000, 0.085,  8
train,    29, -13.111646,    5, 1.00,    3, 0.000, 0.000, 0.085,  8
val,      29, -14.204159, 1.0000,   5.5000,   5.5000, 0.0000,  28.1566
train,    30, -12.148835,    5, 1.00,    2, 0.000, 0.000, 0.085,  8
train,    31, -13.954750,    6, 1.00,    3, 0.000, 0.000, 0.085,  8
train,    32, -12.193202,    7, 1.00,    4, 0.000, 0.000, 0.085,  8
train,    33, -16.858129,    5, 1.00,    4, 0.000, 0.000, 0.085,  8
train,    34, -13.563962,   14, 1.00,    8, 0.000, 0.000, 0.085,  8
train,    35, -13.106851,    8, 1.00,    4, 0.000, 0.000, 0.085,  8
train,    36, -11.687379,    9, 1.00,    3, 0.000, 0.000, 0.085,  8
train,    37, -15.850853,    6, 1.00,    4, 0.000, 0.000, 0.085,  8
train,    38, -12.376489,    4, 1.00,    2, 0.000, 0.000, 0.085,  8
train,    39, -10.610783,   10, 1.00,    4, 0.000, 0.000, 0.085,  8
val,      39, -14.859557, 1.0000,   6.0000,   6.0000, 0.0000,  27.6085
train,    40, -7.067360,   11, 1.00,    4, 0.000, 0.000, 0.085,  8
train,    41, -19.776737,   14, 1.00,    3, 0.000, 0.000, 0.085,  8
train,    42, -11.600646,    5, 1.00,    3, 0.000, 0.000, 0.085,  8
train,    43, -10.421741,    6, 1.00,    2, 0.000, 0.000, 0.085,  8
train,    44, -16.678407,    5, 1.00,    5, 0.000, 0.000, 0.085,  8
train,    45, -12.754872,    8, 1.00,    6, 0.000, 0.000, 0.085,  8
train,    46, -11.262965,    6, 1.00,    2, 0.000, 0.000, 0.085,  8
train,    47, -11.790542,    4, 1.00,    2, 0.000, 0.000, 0.085,  8
train,    48, -9.228858,   10, 1.00,    3, 0.000, 0.000, 0.085,  8
train,    49, -12.398789,    7, 1.00,    4, 0.000, 0.000, 0.085,  8
val,      49, -14.042994, 1.0000,   5.8000,   5.8000, 0.0000,  28.3715
train,    50, -13.803954,    6, 1.00,    4, 0.000, 0.000, 0.085,  8
train,    51, -9.697368,    4, 1.00,    1, 0.000, 0.000, 0.085,  8
train,    52, -11.543156,    4, 1.00,    2, 0.000, 0.000, 0.085,  8
train,    53, -8.676444,    5, 1.00,    1, 0.000, 0.000, 0.085,  8
train,    54, -10.857895,    4, 1.00,    2, 0.000, 0.000, 0.085,  8
train,    55, -13.163524,    9, 1.00,    4, 0.000, 0.000, 0.085,  8
train,    56, -11.043167,    5, 1.00,    2, 0.000, 0.000, 0.085,  8
train,    57, -7.496962,   12, 1.00,    3, 0.000, 0.000, 0.085,  8
train,    58, -18.813949,   10, 1.00,    6, 0.000, 0.000, 0.085,  8
train,    59, -16.389289,    7, 1.00,    5, 0.000, 0.000, 0.085,  8
val,      59, -15.118394, 1.0000,   6.3000,   6.3000, 0.0000,  27.9110
train,    60, -11.153271,   10, 1.00,    2, 0.000, 0.000, 0.085,  8
train,    61, -9.823684,    4, 1.00,    1, 0.000, 0.000, 0.085,  8
train,    62, -9.600877,    6, 1.00,    3, 0.000, 0.000, 0.085,  8
train,    63, -7.291586,    8, 1.00,    1, 0.000, 0.000, 0.085,  8
train,    64, -7.044388,    8, 1.00,    1, 0.000, 0.000, 0.085,  8
train,    65, -13.863434,    7, 1.00,    5, 0.000, 0.000, 0.085,  8
train,    66, -17.414085,    6, 1.00,    5, 0.000, 0.000, 0.085,  8
train,    67, -15.351944,   12, 1.00,    4, 0.000, 0.000, 0.085,  8
train,    68, -12.746749,    4, 1.00,    2, 0.000, 0.000, 0.085,  8
train,    69, -13.727919,    6, 1.00,    4, 0.000, 0.000, 0.085,  8
val,      69, -15.272369, 1.0000,   5.6000,   5.6000, 0.0000,  27.6878
train,    70, 6.876371,   14, 0.00,    6, 0.000, 0.000, 0.085,  8
update,   70,    1,  525, -12.061588, 0.000000
train,    71, -11.058547,    7, 1.00,    3, 0.000, 0.000, 0.085,  8
train,    72, 11.670363,   15, 0.00,    5, 0.000, 0.000, 0.085,  8
train,    73, -10.131116,   10, 1.00,    2, 0.000, 0.000, 0.085,  8
train,    74, 9.482941,   14, 0.00,    5, 0.000, 0.000, 0.085,  8
train,    75, -11.284369,    5, 1.00,    2, 0.000, 0.000, 0.085,  8
train,    76, -17.375532,   13, 1.00,    5, 0.000, 0.000, 0.085,  8
train,    77, -12.687201,    6, 1.00,    3, 0.000, 0.000, 0.085,  8
train,    78, -10.989909,    9, 1.00,    1, 0.000, 0.000, 0.085,  8
train,    79, -12.219679,    6, 1.00,    2, 0.000, 0.000, 0.085,  8
val,      79, -7.808277, 1.0000,   6.4000,   0.0000, 0.0000,  28.0673
curriculum,noise_cap 0.0000 -> 0.0000, entropy 0.0850 -> 0.0723
train,    80, -8.798738,    8, 1.00,    3, 0.000, 0.000, 0.072,  8
train,    81, -12.639446,    6, 1.00,    3, 0.000, 0.000, 0.072,  8
train,    82, -12.112431,    5, 1.00,    3, 0.000, 0.000, 0.072,  8
train,    83, -6.957654,    8, 1.00,    2, 0.000, 0.000, 0.072,  8
train,    84, -10.910181,    5, 1.00,    0, 0.000, 0.000, 0.072,  8
train,    85, -12.748644,   10, 1.00,    4, 0.000, 0.000, 0.072,  8
train,    86, -9.926449,   12, 1.00,    5, 0.000, 0.000, 0.072,  8
train,    87, -13.390957,    5, 1.00,    2, 0.000, 0.000, 0.072,  8
train,    88, 23.414258,   12, 0.00,    4, 0.000, 0.000, 0.072,  8
train,    89, -9.862926,    6, 1.00,    2, 0.000, 0.000, 0.072,  8
val,      89, -8.549863, 1.0000,   6.2000,   0.0000, 0.0000,  27.9050
train,    90, -12.260863,    5, 1.00,    3, 0.000, 0.000, 0.072,  8
train,    91, -12.188796,    6, 1.00,    3, 0.000, 0.000, 0.072,  8
train,    92, -9.392105,    4, 1.00,    1, 0.000, 0.000, 0.072,  8
train,    93, -9.630193,    6, 1.00,    2, 0.000, 0.000, 0.072,  8
train,    94, -10.636424,   13, 1.00,    3, 0.000, 0.000, 0.072,  8
train,    95, -8.362835,    6, 1.00,    1, 0.000, 0.000, 0.072,  8
train,    96, -13.478524,    6, 1.00,    3, 0.000, 0.000, 0.072,  8
train,    97, -10.626653,    5, 1.00,    2, 0.000, 0.000, 0.072,  8
train,    98, -11.848077,    4, 1.00,    2, 0.000, 0.000, 0.072,  8
train,    99, -11.499468,    4, 1.00,    2, 0.000, 0.000, 0.072,  8
val_save, 99, -7.796209, 1.0000,   6.1000,   0.0000, 0.0000,  28.7232
val,      99, -7.796209, 1.0000,   6.1000,   0.0000, 0.0000,  28.7232
curriculum,noise_cap 0.0000 -> 0.0000, entropy 0.0723 -> 0.0614
train,    100, -12.092313,    5, 1.00,    2, 0.000, 0.000, 0.061,  8
train,    101, -10.319298,    5, 1.00,    3, 0.000, 0.000, 0.061,  8
train,    102, -8.896664,    6, 1.00,    2, 0.000, 0.000, 0.061,  8
train,    103, -8.347368,    5, 1.00,    1, 0.000, 0.000, 0.061,  8
train,    104, -12.759115,    8, 1.00,    3, 0.000, 0.000, 0.061,  8
train,    105, -11.551585,    7, 1.00,    3, 0.000, 0.000, 0.061,  8
train,    106, -10.755970,    6, 1.00,    1, 0.000, 0.000, 0.061,  8
train,    107, -11.873344,    5, 1.00,    3, 0.000, 0.000, 0.061,  8
train,    108, -10.309822,    5, 1.00,    2, 0.000, 0.000, 0.061,  8
train,    109, -10.165104,    5, 1.00,    1, 0.000, 0.000, 0.061,  8
val,      109, -7.749446, 1.0000,   6.2000,   0.0000, 0.0000,  28.4642
