init,     2026-04-10 17:55:30.264852
arguments,Namespace(PPO_epochs=4, adv_norm=1, alg='ppo', cuda=0, curriculum_clean_ratio=0.8, curriculum_entropy_decay=0.9, curriculum_mode='adaptive', curriculum_noise_step=0.02, curriculum_patience=2, entropy=2.0, entropy_min=0.1, eps_clip=0.15, gae_lambda=0.97, gamma=0.995, grad_clip=0.5, gymip_train_xml='inverted_pendulum_ChangeThk_0.050000.xml', hid_group_num=8, hid_group_size=8, hidden_num=64, ignore_checkpoint=True, lane_profile='auto', lr=0.0005, max_noise=0.08, mini_batch_size=128, model='rwtaspk', monitor_time=False, optimizer='rmsprop', rep=11, response_window=40, reward_scale=1.0, road_scenario='highway', rollout_steps=512, rwta_del_connection='none', seed=10051, snn_num_steps=15, task='gymip', thread=-1, traffic_level='standard', train_num=120, warm_start_kind='none', warm_start_prefix='/root/autodl-tmp/SVPG2023/LANE/training_runs/ours/highway_standard/backups/seed10051_pre_retrain_20260410_095142_utc/models/ppo_gymip_rwtaspk_h8-8-40_none_rmsprop_0.000500_2.00_0.99500_4_0.1500_ro512_mb128_lam0.97_rs1.00_gc0.50_adaptive_roadhighway_tfstandard_seed10051_best')
seed,     10051
model_dir,/root/autodl-tmp/SVPG2023/LANE/training_runs/ours/highway_standard/models
log_dir,  /root/autodl-tmp/SVPG2023/LANE/training_runs/ours/highway_standard/logs
warm_start,/root/autodl-tmp/SVPG2023/LANE/training_runs/ours/highway_standard/backups/seed10051_pre_retrain_20260410_095142_utc/models/ppo_gymip_rwtaspk_h8-8-40_none_rmsprop_0.000500_2.00_0.99500_4_0.1500_ro512_mb128_lam0.97_rs1.00_gc0.50_adaptive_roadhighway_tfstandard_seed10051_best
warm_critic,/root/autodl-tmp/SVPG2023/LANE/training_runs/ours/highway_standard/backups/seed10051_pre_retrain_20260410_095142_utc/models/ppo_gymip_rwtaspk_h8-8-40_none_rmsprop_0.000500_2.00_0.99500_4_0.1500_ro512_mb128_lam0.97_rs1.00_gc0.50_adaptive_roadhighway_tfstandard_seed10051critic_best
train,    1, -11.286938,    3, 1.00,    1, 0.000, 0.000, 2.000, 32
train,    2, 22.766324,   14, 1.00,    4, 0.000, 0.000, 2.000, 32
train,    3, 10.112458,   13, 1.00,    4, 0.000, 0.000, 2.000, 32
train,    4, -6.138509,    6, 1.00,    2, 0.000, 0.000, 2.000, 32
train,    5, 2.545564,    9, 1.00,    6, 0.000, 0.000, 2.000, 32
train,    6, -10.690677,    3, 1.00,    1, 0.000, 0.000, 2.000, 32
train,    7, -31.661014,   72, 1.00,   27, 0.000, 0.000, 2.000, 32
train,    8, -19.391930,   12, 1.00,    3, 0.000, 0.000, 2.000, 32
train,    9, 14.325738,   37, 1.00,    9, 0.000, 0.000, 2.000, 32
train,    10, -15.062691,    5, 1.00,    4, 0.000, 0.000, 2.000, 32
train,    11, -9.644083,    4, 1.00,    1, 0.000, 0.000, 2.000, 33
train,    12, 53.086637,   89, 1.00,   32, 0.000, 0.000, 2.000, 33
train,    13, -23.644730,   12, 1.00,    5, 0.000, 0.000, 2.000, 33
train,    14, 2.963453,    9, 1.00,    5, 0.000, 0.000, 2.000, 33
train,    15, 4.488928,   12, 1.00,    7, 0.000, 0.000, 2.000, 33
train,    16, 24.270320,   21, 1.00,   10, 0.000, 0.000, 2.000, 33
train,    17, 51.013104,   29, 1.00,    8, 0.000, 0.000, 2.000, 33
train,    18, 60.335376,   44, 1.00,   15, 0.000, 0.000, 2.000, 33
train,    19, 7.119781,   10, 1.00,    2, 0.000, 0.000, 2.000, 33
train,    20, 10.314182,   17, 1.00,    7, 0.000, 0.000, 2.000, 33
train,    21, -24.160631,   72, 1.00,   29, 0.000, 0.000, 2.000, 33
train,    22, -9.935027,    3, 1.00,    0, 0.000, 0.000, 2.000, 33
train,    23, -3.624859,   23, 1.00,   11, 0.000, 0.000, 2.000, 33
update,   23,    1,  519, -1.088175, -0.000000
train,    24, -23.675028,   21, 1.00,    8, 0.000, 0.000, 2.000, 33
val_save, 24, 29.466584, 1.0000,  15.4000,   0.0000, 0.0000,  29.5825
val,      24, 29.466584, 1.0000,  15.4000,   0.0000, 0.0000,  29.5825
train,    25, -11.701248,    4, 1.00,    1, 0.000, 0.000, 2.000, 33
train,    26, -53.597355,   63, 1.00,   30, 0.000, 0.000, 2.000, 33
train,    27, 44.205270,   39, 1.00,   16, 0.000, 0.000, 2.000, 33
train,    28, -11.198036,   14, 1.00,    7, 0.000, 0.000, 2.000, 33
train,    29, -3.070524,    7, 1.00,    2, 0.000, 0.000, 2.000, 33
train,    30, -14.645693,    3, 1.00,    2, 0.000, 0.000, 2.000, 34
train,    31, -20.028505,   16, 1.00,    6, 0.000, 0.000, 2.000, 34
train,    32, -11.864962,    3, 1.00,    1, 0.000, 0.000, 2.000, 34
train,    33, -17.694496,    7, 1.00,    5, 0.000, 0.000, 2.000, 34
train,    34, -10.826002,    4, 1.00,    1, 0.000, 0.000, 2.000, 34
train,    35, 11.033319,   11, 1.00,    3, 0.000, 0.000, 2.000, 34
train,    36, 37.291678,   60, 1.00,   27, 0.000, 0.000, 2.000, 34
train,    37, 45.204232,  150, 0.00,   57, 0.000, 0.000, 2.000, 34
train,    38, -13.956996,    3, 1.00,    0, 0.000, 0.000, 2.000, 34
train,    39, -16.928824,   23, 1.00,    9, 0.000, 0.000, 2.000, 34
train,    40, -15.480689,    3, 1.00,    1, 0.000, 0.000, 2.000, 34
train,    41, -14.283838,    3, 1.00,    2, 0.000, 0.000, 2.000, 34
train,    42, -1.133048,   25, 1.00,    9, 0.000, 0.000, 2.000, 34
train,    43, -9.204739,    4, 1.00,    3, 0.000, 0.000, 2.000, 34
train,    44, -8.584794,    5, 1.00,    2, 0.000, 0.000, 2.000, 34
train,    45, 2.410464,   13, 1.00,    5, 0.000, 0.000, 2.000, 34
train,    46, -8.290548,    7, 1.00,    2, 0.000, 0.000, 2.000, 34
train,    47, -12.645477,    4, 1.00,    1, 0.000, 0.000, 2.000, 34
train,    48, -7.509952,    4, 1.00,    1, 0.000, 0.000, 2.000, 34
train,    49, -6.398286,    5, 1.00,    1, 0.000, 0.000, 2.000, 34
val,      49, 33.473806, 1.0000,  17.4000,   0.0000, 0.0000,  29.2654
curriculum,noise_cap 0.0000 -> 0.0200, entropy 2.0000 -> 1.8000
train,    50, -10.384115,    6, 1.00,    3, 0.000, 0.020, 1.800, 34
train,    51, -4.628579,    6, 1.00,    3, 0.020, 0.020, 1.800, 35
update,   51,    2,  513, -4.280187, -0.000000
train,    52, -9.063481,    5, 1.00,    3, 0.000, 0.020, 1.800, 35
train,    53, -0.430318,    9, 1.00,    5, 0.000, 0.020, 1.800, 35
train,    54, 0.379520,    7, 1.00,    4, 0.000, 0.020, 1.800, 35
train,    55, -23.665870,   55, 1.00,   24, 0.000, 0.020, 1.800, 35
train,    56, 0.274158,   23, 1.00,   13, 0.000, 0.020, 1.800, 35
train,    57, -13.295091,    3, 1.00,    1, 0.000, 0.020, 1.800, 35
train,    58, -21.450194,   23, 1.00,   13, 0.000, 0.020, 1.800, 35
train,    59, -11.874422,    4, 1.00,    3, 0.000, 0.020, 1.800, 35
train,    60, 0.797661,    8, 1.00,    4, 0.000, 0.020, 1.800, 35
train,    61, -2.863050,    5, 1.00,    1, 0.020, 0.020, 1.800, 35
train,    62, -6.648835,   21, 1.00,   10, 0.000, 0.020, 1.800, 35
train,    63, 41.866262,   96, 1.00,   35, 0.000, 0.020, 1.800, 35
train,    64, -15.372334,    3, 1.00,    1, 0.000, 0.020, 1.800, 35
train,    65, -13.376115,    3, 1.00,    0, 0.000, 0.020, 1.800, 35
train,    66, -40.018834,   58, 1.00,   25, 0.020, 0.020, 1.800, 35
train,    67, -12.536354,    6, 1.00,    1, 0.000, 0.020, 1.800, 35
train,    68, -8.754454,   43, 1.00,   19, 0.000, 0.020, 1.800, 35
train,    69, -15.883524,    3, 1.00,    3, 0.020, 0.020, 1.800, 35
train,    70, 24.588152,   17, 1.00,    6, 0.000, 0.020, 1.800, 36
train,    71, -43.775643,   30, 1.00,   15, 0.020, 0.020, 1.800, 36
train,    72, -26.165058,   45, 1.00,   19, 0.000, 0.020, 1.800, 36
train,    73, 6.240891,    9, 1.00,    4, 0.020, 0.020, 1.800, 36
train,    74, -13.964329,    5, 1.00,    2, 0.000, 0.020, 1.800, 36
val,      74, -6.752179, 1.0000,   8.4000,   8.4000, 0.0000,  28.7933
train,    75, -22.154677,    9, 1.00,    3, 0.000, 0.020, 1.800, 36
train,    76, -13.563880,    5, 1.00,    1, 0.000, 0.020, 1.800, 36
train,    77, -14.576259,    3, 1.00,    2, 0.020, 0.020, 1.800, 36
train,    78, 29.898946,   29, 1.00,   13, 0.020, 0.020, 1.800, 36
update,   78,    3,  527, -8.285815, 0.000000
train,    79, 0.684656,   18, 1.00,    6, 0.000, 0.020, 1.800, 36
train,    80, -13.127204,    5, 1.00,    2, 0.020, 0.020, 1.800, 36
train,    81, -12.252960,    3, 1.00,    1, 0.000, 0.020, 1.800, 36
train,    82, -0.481326,   12, 1.00,    5, 0.000, 0.020, 1.800, 36
train,    83, -14.946352,    3, 1.00,    0, 0.000, 0.020, 1.800, 36
train,    84, 9.353667,   15, 1.00,    5, 0.000, 0.020, 1.800, 36
train,    85, 8.052003,   12, 1.00,    6, 0.000, 0.020, 1.800, 36
train,    86, 27.592161,   18, 1.00,   10, 0.000, 0.020, 1.800, 36
train,    87, -11.765751,    3, 1.00,    2, 0.000, 0.020, 1.800, 36
train,    88, -12.998703,    3, 1.00,    1, 0.000, 0.020, 1.800, 36
train,    89, -55.538878,   55, 1.00,   24, 0.000, 0.020, 1.800, 36
train,    90, -42.728524,   74, 1.00,   32, 0.000, 0.020, 1.800, 36
train,    91, -11.747861,    3, 1.00,    1, 0.000, 0.020, 1.800, 37
train,    92, -14.321851,    7, 1.00,    3, 0.000, 0.020, 1.800, 37
train,    93, -1.541325,   14, 1.00,    3, 0.000, 0.020, 1.800, 37
train,    94, -78.613921,   90, 0.00,   41, 0.000, 0.020, 1.800, 37
train,    95, -14.361241,   68, 1.00,   22, 0.000, 0.020, 1.800, 37
train,    96, -14.154382,    3, 1.00,    2, 0.000, 0.020, 1.800, 37
train,    97, 10.207159,   12, 1.00,    5, 0.000, 0.020, 1.800, 37
train,    98, 5.900257,   51, 1.00,   16, 0.020, 0.020, 1.800, 37
train,    99, -14.585229,    3, 1.00,    1, 0.000, 0.020, 1.800, 37
val_save, 99, -129.248263, 0.0000,  60.0000,  34.0000, 0.0000,  20.1166
val,      99, -129.248263, 0.0000,  60.0000,  34.0000, 0.0000,  20.1166
train,    100, -11.945524,    8, 1.00,    4, 0.020, 0.020, 1.800, 37
train,    101, 18.565781,   23, 1.00,    9, 0.020, 0.020, 1.800, 37
train,    102, -8.920050,    6, 1.00,    4, 0.000, 0.020, 1.800, 37
train,    103, 18.789693,   61, 1.00,   23, 0.000, 0.020, 1.800, 37
update,   103,    4,  570, -12.037718, -0.000000
train,    104, -23.304403,   47, 1.00,   17, 0.000, 0.020, 1.800, 37
train,    105, -13.509921,    5, 1.00,    2, 0.000, 0.020, 1.800, 37
train,    106, -61.267889,  109, 0.00,   45, 0.020, 0.020, 1.800, 37
train,    107, 16.510244,   14, 1.00,    4, 0.000, 0.020, 1.800, 37
train,    108, -13.645659,    3, 1.00,    2, 0.000, 0.020, 1.800, 37
train,    109, 18.539103,   49, 1.00,   16, 0.000, 0.020, 1.800, 37
train,    110, -65.615726,   90, 0.00,   41, 0.000, 0.020, 1.800, 38
train,    111, -21.650274,    8, 1.00,    3, 0.020, 0.020, 1.800, 38
train,    112, 45.025318,   29, 1.00,    7, 0.020, 0.020, 1.800, 38
train,    113, -11.765751,    3, 1.00,    2, 0.000, 0.020, 1.800, 38
train,    114, -5.377538,   32, 1.00,   13, 0.000, 0.020, 1.800, 38
train,    115, 19.984847,   59, 1.00,   17, 0.000, 0.020, 1.800, 38
train,    116, -9.995930,    7, 1.00,    4, 0.000, 0.020, 1.800, 38
train,    117, -1.630256,   29, 1.00,   11, 0.000, 0.020, 1.800, 38
train,    118, -10.656494,   20, 1.00,    5, 0.000, 0.020, 1.800, 38
train,    119, -7.885133,    9, 1.00,    6, 0.000, 0.020, 1.800, 38
update,   119,    5,  513, -10.022861, -0.000000
checkpoint_cleanup,promoted=0, kept=8, removed=8
finish,   2026-04-10 18:11:33.308339
