init,     2026-04-09 12:12:54.134041
arguments,Namespace(PPO_epochs=5, alg='ppo', cuda=0, entropy=0.1, eps_clip=0.2, gamma=0.97, gymip_train_xml='inverted_pendulum_ChangeThk_0.050000.xml', hid_group_num=8, hid_group_size=8, hidden_num=64, ignore_checkpoint=True, lr=0.001, model='rwtaspk', monitor_time=False, optimizer='rmsprop', rep=11, response_window=40, road_scenario='roundabout', rwta_del_connection='none', skip_post_tests=True, snn_num_steps=15, task='gymip', thread=3, traffic_level='standard', train_num=2000)
model_dir,/root/autodl-tmp/SVPG2023/LANE/training_runs/baseline/roundabout/models
log_dir,  /root/autodl-tmp/SVPG2023/LANE/training_runs/baseline/roundabout/logs
train,    1, -42.646154,   22
train,    2, -48.457692,    2
train,    3, -48.521154,    2
train,    4, 59.192949,   11
train,    5, 59.035897,    9
train,    6, -42.942308,   13
train,    7, -48.786538,    2
train,    8, -48.521154,    2
train,    9, 66.359615,   36
train,    10, -43.236538,    8
train,    11, 65.374359,   26
train,    12, 22.171795,   90
train,    13, 37.935897,   90
train,    14, -38.700000,   19
train,    15, 40.379487,   90
train,    16, -37.531410,   23
train,    17, 46.626282,   90
train,    18, 85.780769,   69
train,    19, -40.053846,   21
train,    20, 38.811538,   90
train,    21, 40.263462,   90
train,    22, -43.592308,   13
train,    23, 39.542308,   90
train,    24, 40.976923,   90
train,    25, 39.011538,   90
train,    26, 39.871154,   90
train,    27, 38.871795,   90
train,    28, 39.871154,   90
train,    29, 39.807692,   90
train,    30, 40.465385,   90
train,    31, 40.136538,   90
train,    32, 39.807692,   90
train,    33, 39.871154,   90
train,    34, 39.871154,   90
train,    35, 39.003846,   90
train,    36, 39.807692,   90
train,    37, 41.780769,   90
train,    38, 41.245513,   90
train,    39, 39.337179,   90
train,    40, 40.200000,   90
train,    41, 40.465385,   90
train,    42, 40.465385,   90
train,    43, 39.807692,   90
train,    44, -44.755769,   12
train,    45, 39.998077,   90
train,    46, 35.550641,   90
train,    47, -44.248718,   12
train,    48, 37.216667,   90
train,    49, 39.807692,   90
train,    50, 39.605769,   90
train,    51, 40.794231,   90
train,    52, 39.542308,   90
train,    53, 39.807692,   90
train,    54, 39.542308,   90
train,    55, -35.025000,   34
train,    56, 40.136538,   90
train,    57, 41.780769,   90
train,    58, 41.186538,   90
train,    59, 39.807692,   90
train,    60, 40.465385,   90
train,    61, 39.807692,   90
train,    62, 40.465385,   90
train,    63, 39.807692,   90
train,    64, 41.780769,   90
train,    65, 39.582692,   90
train,    66, -30.626923,   40
train,    67, 43.159615,   90
train,    68, 41.123077,   90
train,    69, 43.096154,   90
train,    70, 40.136538,   90
train,    71, 40.465385,   90
train,    72, 40.857692,   90
train,    73, 40.465385,   90
train,    74, 40.136538,   90
train,    75, 40.794231,   90
train,    76, 40.136538,   90
train,    77, 41.780769,   90
train,    78, 40.465385,   90
train,    79, 41.123077,   90
train,    80, 40.465385,   90
train,    81, 39.807692,   90
train,    82, 40.136538,   90
train,    83, 40.794231,   90
train,    84, 40.136538,   90
train,    85, 40.794231,   90
train,    86, 40.794231,   90
train,    87, 42.109615,   90
train,    88, 40.465385,   90
train,    89, 40.136538,   90
train,    90, 43.753846,   90
train,    91, 40.136538,   90
train,    92, 39.807692,   90
train,    93, 39.807692,   90
train,    94, 40.136538,   90
train,    95, 40.794231,   90
train,    96, 40.136538,   90
train,    97, 40.794231,   90
train,    98, 40.465385,   90
train,    99, 40.136538,   90
val_save, 99,   15.348077,    66.5000
val,      99,   15.348077,    66.5000
train,    100, 40.136538,   90
train,    101, 39.807692,   90
train,    102, 39.807692,   90
train,    103, 39.807692,   90
train,    104, 40.465385,   90
train,    105, 40.465385,   90
train,    106, 40.794231,   90
train,    107, 39.807692,   90
train,    108, 41.780769,   90
train,    109, 40.136538,   90
train,    110, -43.428846,   15
train,    111, 41.451923,   90
train,    112, 84.226923,   64
train,    113, -36.715385,   22
train,    114, 62.213462,   12
train,    115, -39.788462,   21
train,    116, -44.755769,   12
train,    117, 39.807692,   90
train,    118, 39.807692,   90
train,    119, -42.998077,   13
train,    120, 40.136538,   90
train,    121, 41.451923,   90
train,    122, 39.807692,   90
train,    123, 39.807692,   90
train,    124, 40.465385,   90
train,    125, -43.440385,   12
train,    126, 41.780769,   90
train,    127, 45.726923,   90
train,    128, 40.794231,   90
train,    129, 62.338462,   16
train,    130, 43.096154,   90
train,    131, 39.807692,   90
train,    132, 39.807692,   90
train,    133, 40.136538,   90
train,    134, -38.575000,   23
train,    135, -48.078846,    3
train,    136, 40.794231,   90
train,    137, 40.794231,   90
train,    138, 40.794231,   90
train,    139, 40.465385,   90
train,    140, 40.465385,   90
train,    141, 39.807692,   90
train,    142, 39.807692,   90
train,    143, 40.465385,   90
train,    144, 40.465385,   90
train,    145, 39.807692,   90
train,    146, 40.794231,   90
train,    147, 39.807692,   90
train,    148, 40.465385,   90
train,    149, 39.807692,   90
train,    150, 39.807692,   90
train,    151, 40.136538,   90
train,    152, 39.807692,   90
train,    153, 39.807692,   90
train,    154, 40.465385,   90
train,    155, 39.807692,   90
train,    156, 40.136538,   90
train,    157, 40.136538,   90
train,    158, 40.136538,   90
train,    159, 40.136538,   90
train,    160, 40.465385,   90
train,    161, 40.136538,   90
train,    162, 40.465385,   90
train,    163, 39.807692,   90
train,    164, 40.465385,   90
train,    165, 40.136538,   90
train,    166, 39.807692,   90
train,    167, 40.136538,   90
train,    168, 40.465385,   90
train,    169, 40.136538,   90
train,    170, 40.136538,   90
train,    171, 39.807692,   90
train,    172, -48.078846,    3
train,    173, 40.465385,   90
train,    174, 40.136538,   90
train,    175, 40.136538,   90
train,    176, 41.451923,   90
train,    177, 44.740385,   90
train,    178, 46.384615,   90
train,    179, 46.713462,   90
train,    180, -48.192308,    2
train,    181, 44.082692,   90
train,    182, 66.205769,   24
train,    183, -38.711538,   16
train,    184, -49.050000,    2
train,    185, 41.451923,   90
train,    186, 40.465385,   90
train,    187, 39.807692,   90
train,    188, 41.451923,   90
train,    189, 39.807692,   90
train,    190, 39.807692,   90
train,    191, 40.136538,   90
train,    192, 40.465385,   90
train,    193, 40.794231,   90
train,    194, 39.807692,   90
train,    195, 39.807692,   90
train,    196, 39.807692,   90
train,    197, -44.313462,   13
train,    198, 39.807692,   90
train,    199, 39.807692,   90
val_save, 199,   39.807692,    90.0000
val,      199,   39.807692,    90.0000
train,    200, 40.136538,   90
train,    201, 40.136538,   90
train,    202, 39.807692,   90
train,    203, 39.807692,   90
train,    204, 39.807692,   90
train,    205, 39.807692,   90
train,    206, 41.123077,   90
train,    207, 39.807692,   90
train,    208, 40.136538,   90
train,    209, 39.807692,   90
train,    210, 39.807692,   90
train,    211, 39.807692,   90
train,    212, 39.807692,   90
train,    213, 40.136538,   90
train,    214, 39.807692,   90
train,    215, 40.136538,   90
train,    216, 39.807692,   90
train,    217, 39.807692,   90
train,    218, 39.807692,   90
train,    219, 40.136538,   90
train,    220, 39.807692,   90
train,    221, 39.807692,   90
train,    222, 39.807692,   90
train,    223, 39.807692,   90
train,    224, 40.136538,   90
train,    225, 39.807692,   90
train,    226, 40.136538,   90
train,    227, 39.807692,   90
train,    228, 40.136538,   90
train,    229, 40.136538,   90
train,    230, 39.807692,   90
train,    231, 39.807692,   90
train,    232, 39.807692,   90
train,    233, 40.136538,   90
train,    234, 41.123077,   90
train,    235, 40.465385,   90
train,    236, 36.998077,   90
train,    237, -36.703846,   25
train,    238, 94.184615,   88
train,    239, 40.136538,   90
train,    240, 39.807692,   90
train,    241, 40.136538,   90
train,    242, 48.357692,   90
train,    243, 40.136538,   90
train,    244, 40.136538,   90
train,    245, -23.082692,   61
train,    246, 39.807692,   90
train,    247, 40.794231,   90
train,    248, 39.807692,   90
train,    249, -28.832692,   48
train,    250, 42.109615,   90
train,    251, -34.492308,   30
train,    252, 39.051923,   90
train,    253, -48.521154,    2
train,    254, 59.242308,    9
train,    255, 43.096154,   90
train,    256, 39.807692,   90
train,    257, 41.780769,   90
train,    258, 39.807692,   90
train,    259, 40.794231,   90
train,    260, 40.136538,   90
train,    261, 41.780769,   90
train,    262, 39.807692,   90
train,    263, 39.807692,   90
train,    264, 39.807692,   90
train,    265, 39.807692,   90
train,    266, -43.315385,   16
train,    267, 39.807692,   90
train,    268, 40.136538,   90
train,    269, 40.465385,   90
train,    270, 39.807692,   90
train,    271, 39.807692,   90
train,    272, 40.136538,   90
train,    273, 39.807692,   90
train,    274, 40.136538,   90
train,    275, 40.136538,   90
train,    276, 39.807692,   90
train,    277, 40.136538,   90
train,    278, 40.136538,   90
train,    279, 39.807692,   90
train,    280, 39.807692,   90
train,    281, 39.807692,   90
train,    282, 40.136538,   90
train,    283, 41.123077,   90
train,    284, 46.223077,   90
train,    285, 62.225000,   15
train,    286, 35.965385,   90
train,    287, 40.794231,   90
train,    288, 42.109615,   90
train,    289, 64.550000,   21
train,    290, 41.451923,   90
train,    291, -37.917308,   23
train,    292, 39.807692,   90
train,    293, 39.807692,   90
train,    294, -44.755769,   12
train,    295, 40.794231,   90
train,    296, 40.136538,   90
train,    297, 40.465385,   90
train,    298, 39.807692,   90
train,    299, 40.465385,   90
val_save, 299,   39.807692,    90.0000
val,      299,   39.807692,    90.0000
train,    300, 39.807692,   90
train,    301, 77.819231,   51
train,    302, 46.067308,   90
train,    303, 34.482692,   90
train,    304, 42.767308,   90
train,    305, 90.861538,   79
train,    306, -40.900000,   17
train,    307, -27.098077,   43
train,    308, 43.096154,   90
train,    309, 39.807692,   90
train,    310, 40.136538,   90
train,    311, 39.807692,   90
train,    312, 39.807692,   90
train,    313, 39.807692,   90
train,    314, 40.136538,   90
train,    315, 39.807692,   90
train,    316, 40.136538,   90
train,    317, 39.807692,   90
train,    318, 39.807692,   90
train,    319, 39.807692,   90
train,    320, 39.807692,   90
train,    321, -45.084615,   12
train,    322, 39.807692,   90
train,    323, 39.807692,   90
train,    324, 40.465385,   90
train,    325, -23.967308,   59
train,    326, 39.807692,   90
train,    327, 40.465385,   90
train,    328, 39.807692,   90
train,    329, 39.807692,   90
train,    330, 39.807692,   90
train,    331, 39.807692,   90
train,    332, 39.807692,   90
train,    333, 39.807692,   90
train,    334, 39.807692,   90
train,    335, 39.807692,   90
train,    336, 39.807692,   90
train,    337, 39.807692,   90
train,    338, 39.807692,   90
train,    339, 39.807692,   90
train,    340, 39.807692,   90
train,    341, 39.807692,   90
train,    342, 39.807692,   90
train,    343, 39.807692,   90
train,    344, 39.807692,   90
train,    345, 39.807692,   90
train,    346, 39.807692,   90
train,    347, 39.807692,   90
train,    348, 39.807692,   90
train,    349, 39.807692,   90
train,    350, 39.807692,   90
train,    351, 39.807692,   90
train,    352, 39.807692,   90
train,    353, 40.136538,   90
train,    354, 39.807692,   90
train,    355, 39.807692,   90
train,    356, 40.465385,   90
train,    357, 43.182692,   90
train,    358, 42.438462,   90
train,    359, -48.623077,    4
train,    360, 89.761538,   78
train,    361, 73.396154,   41
train,    362, -45.436538,    6
train,    363, -43.757692,   15
train,    364, 39.807692,   90
train,    365, 39.807692,   90
train,    366, 40.136538,   90
train,    367, 39.807692,   90
train,    368, 41.123077,   90
train,    369, 83.126923,   63
train,    370, 42.109615,   90
train,    371, 40.136538,   90
train,    372, 77.592308,   49
train,    373, 70.515385,   33
train,    374, 63.880769,   18
train,    375, -48.521154,    2
train,    376, -44.778846,    6
train,    377, 40.944231,   90
train,    378, 76.492308,   48
train,    379, 39.807692,   90
train,    380, 39.807692,   90
train,    381, 48.276923,   90
train,    382, 45.905769,   90
train,    383, -39.788462,   21
train,    384, -42.113462,   15
train,    385, -26.640385,   34
train,    386, 46.575000,   90
train,    387, 71.626923,   37
train,    388, 59.900000,    9
train,    389, 63.551923,   18
train,    390, -12.953846,   69
train,    391, 38.469231,   90
train,    392, -48.521154,    2
train,    393, 59.900000,    9
train,    394, -48.521154,    2
train,    395, -48.521154,    2
train,    396, 32.867308,   90
train,    397, -22.955769,   44
train,    398, 62.338462,   16
train,    399, -41.909615,   11
val,      399,   15.633269,    58.5000
train,    400, -30.675000,   23
train,    401, 63.551923,   18
train,    402, -46.650000,    4
train,    403, 64.436538,   20
train,    404, 59.900000,    9
train,    405, 59.900000,    9
train,    406, 61.782692,   14
train,    407, -44.665385,    7
train,    408, -48.521154,    2
train,    409, 64.992308,   22
train,    410, -46.207692,    5
train,    411, 44.267308,   90
train,    412, 41.844231,   90
train,    413, 62.338462,   16
train,    414, 40.136538,   90
train,    415, 59.900000,    9
train,    416, -28.640385,   41
train,    417, 25.413462,   90
train,    418, -44.994231,    7
train,    419, 62.338462,   16
train,    420, 62.780769,   17
train,    421, 62.338462,   16
train,    422, 46.338462,   90
train,    423, 62.338462,   16
train,    424, 62.338462,   16
train,    425, 62.338462,   16
train,    426, 40.136538,   90
train,    427, -27.336538,   39
train,    428, 62.338462,   16
train,    429, 78.261538,   52
train,    430, -45.878846,    5
train,    431, -5.061538,   90
train,    432, -44.755769,   12
train,    433, -36.148077,   27
train,    434, 39.807692,   90
train,    435, 48.559615,   90
train,    436, 39.807692,   90
train,    437, -44.755769,   12
train,    438, 40.136538,   90
train,    439, 39.807692,   90
train,    440, 39.807692,   90
train,    441, 39.807692,   90
train,    442, 39.807692,   90
train,    443, 40.794231,   90
train,    444, 39.807692,   90
train,    445, 40.136538,   90
train,    446, 39.807692,   90
train,    447, 39.807692,   90
train,    448, 39.807692,   90
train,    449, 39.807692,   90
train,    450, 40.136538,   90
train,    451, 39.807692,   90
train,    452, 39.807692,   90
train,    453, 39.807692,   90
train,    454, 39.807692,   90
train,    455, 39.807692,   90
train,    456, -44.200000,   14
train,    457, 39.807692,   90
train,    458, 39.807692,   90
train,    459, 39.807692,   90
train,    460, 39.807692,   90
train,    461, 39.807692,   90
train,    462, 40.136538,   90
train,    463, 39.807692,   90
train,    464, 40.136538,   90
train,    465, 39.807692,   90
train,    466, 39.807692,   90
train,    467, 40.136538,   90
train,    468, 39.807692,   90
train,    469, 39.807692,   90
train,    470, 39.807692,   90
train,    471, 39.807692,   90
train,    472, 39.807692,   90
train,    473, 39.807692,   90
train,    474, 39.807692,   90
train,    475, 39.807692,   90
train,    476, 40.136538,   90
train,    477, 39.807692,   90
train,    478, 40.136538,   90
train,    479, 40.136538,   90
train,    480, 39.807692,   90
train,    481, 39.807692,   90
train,    482, 39.807692,   90
train,    483, 39.807692,   90
train,    484, 39.807692,   90
train,    485, 39.807692,   90
train,    486, 39.807692,   90
train,    487, 40.465385,   90
train,    488, 39.807692,   90
train,    489, 39.807692,   90
train,    490, 39.807692,   90
train,    491, 39.807692,   90
train,    492, 39.807692,   90
train,    493, 39.807692,   90
train,    494, 41.780769,   90
train,    495, 39.807692,   90
train,    496, 39.807692,   90
train,    497, 39.807692,   90
train,    498, 39.807692,   90
train,    499, 40.136538,   90
val_save, 499,   39.807692,    90.0000
val,      499,   39.807692,    90.0000
train,    500, 39.807692,   90
train,    501, 39.807692,   90
train,    502, 39.807692,   90
train,    503, 39.807692,   90
train,    504, 39.807692,   90
train,    505, 39.807692,   90
train,    506, 39.807692,   90
train,    507, 39.807692,   90
train,    508, 39.807692,   90
train,    509, 40.136538,   90
train,    510, 39.807692,   90
train,    511, 39.807692,   90
train,    512, 39.807692,   90
train,    513, 39.807692,   90
train,    514, 39.807692,   90
train,    515, 39.807692,   90
train,    516, 39.807692,   90
train,    517, 39.807692,   90
train,    518, 39.807692,   90
train,    519, 39.807692,   90
train,    520, 39.807692,   90
train,    521, 39.807692,   90
train,    522, 39.807692,   90
train,    523, 39.807692,   90
train,    524, 39.807692,   90
train,    525, 39.807692,   90
train,    526, 39.807692,   90
train,    527, 39.807692,   90
train,    528, 39.807692,   90
train,    529, 40.794231,   90
train,    530, 39.807692,   90
train,    531, 39.807692,   90
train,    532, 39.807692,   90
train,    533, 39.807692,   90
train,    534, 39.807692,   90
train,    535, 39.807692,   90
train,    536, 39.807692,   90
train,    537, 39.807692,   90
train,    538, 39.807692,   90
train,    539, 39.807692,   90
train,    540, 39.807692,   90
train,    541, 39.807692,   90
train,    542, 39.807692,   90
train,    543, 39.807692,   90
train,    544, 39.807692,   90
train,    545, 39.807692,   90
train,    546, 40.136538,   90
train,    547, 39.807692,   90
train,    548, 39.807692,   90
train,    549, 39.807692,   90
train,    550, 39.807692,   90
train,    551, 39.807692,   90
train,    552, 39.807692,   90
train,    553, 39.807692,   90
train,    554, 39.807692,   90
train,    555, 39.807692,   90
train,    556, 39.807692,   90
train,    557, 39.807692,   90
train,    558, 39.807692,   90
train,    559, 39.807692,   90
train,    560, 39.807692,   90
train,    561, 39.807692,   90
train,    562, 39.807692,   90
train,    563, 39.807692,   90
train,    564, 39.807692,   90
train,    565, 39.807692,   90
train,    566, 39.807692,   90
train,    567, 39.807692,   90
train,    568, 39.807692,   90
train,    569, 39.807692,   90
train,    570, 41.451923,   90
train,    571, -27.948077,   50
train,    572, 41.123077,   90
train,    573, 44.740385,   90
train,    574, 41.123077,   90
train,    575, 47.700000,   90
train,    576, 41.451923,   90
train,    577, 41.780769,   90
train,    578, 39.807692,   90
train,    579, 39.807692,   90
train,    580, 39.807692,   90
train,    581, 40.136538,   90
train,    582, 39.807692,   90
train,    583, 39.807692,   90
train,    584, 39.807692,   90
train,    585, 39.807692,   90
train,    586, 39.807692,   90
train,    587, 39.807692,   90
train,    588, 39.807692,   90
train,    589, 39.807692,   90
train,    590, 39.807692,   90
train,    591, 39.807692,   90
train,    592, 39.807692,   90
train,    593, 39.807692,   90
train,    594, 39.807692,   90
train,    595, 39.807692,   90
train,    596, 39.807692,   90
train,    597, 39.807692,   90
train,    598, -44.642308,   13
train,    599, 40.136538,   90
val,      599,   31.659808,    82.6000
train,    600, 39.807692,   90
train,    601, 40.136538,   90
train,    602, 39.807692,   90
train,    603, 40.136538,   90
train,    604, 39.807692,   90
train,    605, 78.261538,   52
train,    606, 40.465385,   90
train,    607, 45.421154,   90
train,    608, 40.136538,   90
train,    609, 39.807692,   90
train,    610, -44.755769,   12
train,    611, 40.136538,   90
train,    612, 40.136538,   90
train,    613, 39.807692,   90
train,    614, 39.807692,   90
train,    615, 39.807692,   90
train,    616, 40.136538,   90
train,    617, 39.807692,   90
train,    618, 39.807692,   90
train,    619, 39.807692,   90
train,    620, 39.807692,   90
train,    621, 39.807692,   90
train,    622, 39.807692,   90
train,    623, 39.807692,   90
train,    624, -31.600000,   41
train,    625, -48.078846,    3
train,    626, 39.807692,   90
train,    627, 39.807692,   90
train,    628, 39.807692,   90
train,    629, 39.807692,   90
train,    630, 40.465385,   90
train,    631, 44.740385,   90
train,    632, 39.807692,   90
train,    633, 40.136538,   90
train,    634, 40.136538,   90
train,    635, 40.136538,   90
train,    636, 40.136538,   90
train,    637, 39.807692,   90
train,    638, 39.807692,   90
train,    639, 39.807692,   90
train,    640, 39.807692,   90
train,    641, 39.807692,   90
train,    642, 42.109615,   90
train,    643, 39.807692,   90
train,    644, 39.807692,   90
train,    645, 39.807692,   90
train,    646, 39.807692,   90
train,    647, 39.807692,   90
train,    648, 39.807692,   90
train,    649, 39.807692,   90
train,    650, 40.136538,   90
train,    651, 39.807692,   90
train,    652, 39.807692,   90
train,    653, 39.807692,   90
train,    654, 39.807692,   90
train,    655, 39.807692,   90
train,    656, 39.807692,   90
train,    657, 39.807692,   90
train,    658, 39.807692,   90
train,    659, 39.807692,   90
train,    660, 39.807692,   90
train,    661, 39.807692,   90
train,    662, 39.807692,   90
train,    663, 39.807692,   90
train,    664, 39.807692,   90
train,    665, 39.807692,   90
train,    666, 39.807692,   90
train,    667, 39.807692,   90
train,    668, 39.807692,   90
train,    669, 39.807692,   90
train,    670, 39.807692,   90
train,    671, 39.807692,   90
train,    672, 39.807692,   90
train,    673, 39.807692,   90
train,    674, 39.807692,   90
train,    675, 39.807692,   90
train,    676, 39.807692,   90
train,    677, 40.794231,   90
train,    678, 39.807692,   90
train,    679, 39.807692,   90
train,    680, 39.807692,   90
train,    681, 39.807692,   90
train,    682, 39.807692,   90
train,    683, 39.807692,   90
train,    684, 39.807692,   90
train,    685, 39.807692,   90
train,    686, 39.807692,   90
train,    687, 39.807692,   90
train,    688, -44.642308,   13
train,    689, 39.807692,   90
train,    690, 39.807692,   90
train,    691, 39.807692,   90
train,    692, 39.807692,   90
train,    693, 39.807692,   90
train,    694, 39.807692,   90
train,    695, 39.807692,   90
train,    696, 39.807692,   90
train,    697, 39.807692,   90
train,    698, 39.807692,   90
train,    699, 39.807692,   90
val_save, 699,   39.807692,    90.0000
val,      699,   39.807692,    90.0000
train,    700, 39.807692,   90
train,    701, 39.807692,   90
train,    702, 39.807692,   90
train,    703, 39.807692,   90
train,    704, 39.807692,   90
train,    705, 39.807692,   90
train,    706, 39.807692,   90
train,    707, 39.807692,   90
train,    708, 40.465385,   90
train,    709, 39.807692,   90
train,    710, 39.807692,   90
train,    711, 39.807692,   90
train,    712, 39.807692,   90
train,    713, 39.807692,   90
train,    714, 39.807692,   90
train,    715, 39.807692,   90
train,    716, 40.465385,   90
train,    717, 39.807692,   90
train,    718, 39.807692,   90
train,    719, 39.807692,   90
train,    720, 39.807692,   90
train,    721, 39.807692,   90
train,    722, 39.807692,   90
train,    723, 39.807692,   90
train,    724, 39.807692,   90
train,    725, 39.807692,   90
train,    726, 39.807692,   90
train,    727, 39.807692,   90
train,    728, 39.807692,   90
train,    729, 39.807692,   90
train,    730, 39.807692,   90
train,    731, 39.807692,   90
train,    732, 39.807692,   90
train,    733, 39.807692,   90
train,    734, 39.807692,   90
train,    735, 39.807692,   90
train,    736, 39.807692,   90
train,    737, 39.807692,   90
train,    738, 39.807692,   90
train,    739, -44.642308,   13
train,    740, 39.807692,   90
train,    741, 39.807692,   90
train,    742, 40.136538,   90
train,    743, 39.807692,   90
train,    744, 93.300000,   86
train,    745, 39.807692,   90
train,    746, 39.807692,   90
train,    747, 39.807692,   90
train,    748, 39.807692,   90
train,    749, 39.807692,   90
train,    750, -46.411538,    9
train,    751, 40.136538,   90
train,    752, 39.807692,   90
train,    753, 64.992308,   22
train,    754, 39.807692,   90
train,    755, 39.807692,   90
train,    756, 39.807692,   90
train,    757, 39.807692,   90
train,    758, -44.755769,   12
train,    759, 39.807692,   90
train,    760, 39.807692,   90
train,    761, 39.807692,   90
train,    762, 39.807692,   90
train,    763, 39.807692,   90
train,    764, 39.807692,   90
train,    765, 39.807692,   90
train,    766, -44.755769,   12
train,    767, 39.807692,   90
train,    768, 39.807692,   90
train,    769, 39.807692,   90
train,    770, 39.807692,   90
train,    771, 39.807692,   90
train,    772, 39.807692,   90
train,    773, 39.807692,   90
train,    774, 40.136538,   90
train,    775, 40.136538,   90
train,    776, 40.136538,   90
train,    777, 39.807692,   90
train,    778, 39.807692,   90
train,    779, 39.807692,   90
train,    780, -26.621154,   53
train,    781, 40.136538,   90
train,    782, 39.807692,   90
train,    783, -43.757692,   15
train,    784, 30.807692,   90
train,    785, -48.521154,    2
train,    786, 43.759615,   90
train,    787, -40.901923,   12
train,    788, 60.455769,   11
train,    789, 61.782692,   14
train,    790, -49.050000,    2
train,    791, -49.050000,    2
train,    792, -45.878846,    5
train,    793, 44.705769,   90
train,    794, -42.101923,   18
train,    795, 46.759615,   90
train,    796, 39.807692,   90
train,    797, 89.976923,   77
train,    798, -26.269231,   36
train,    799, 79.803846,   54
val_save, 799,   39.972115,    90.0000
val,      799,   39.972115,    90.0000
train,    800, 40.794231,   90
train,    801, 39.807692,   90
train,    802, 40.136538,   90
train,    803, -5.490385,   85
train,    804, 40.465385,   90
train,    805, 27.098077,   90
train,    806, 39.807692,   90
train,    807, 39.807692,   90
train,    808, 40.136538,   90
train,    809, 39.807692,   90
train,    810, 39.807692,   90
train,    811, 39.807692,   90
train,    812, 39.807692,   90
train,    813, 41.123077,   90
train,    814, 39.807692,   90
train,    815, 39.807692,   90
train,    816, 39.807692,   90
train,    817, 43.425000,   90
train,    818, -44.755769,   12
train,    819, 39.807692,   90
train,    820, 39.807692,   90
train,    821, 39.807692,   90
train,    822, 39.807692,   90
train,    823, 39.807692,   90
train,    824, 39.807692,   90
train,    825, 39.807692,   90
train,    826, 39.807692,   90
train,    827, 39.807692,   90
train,    828, 39.807692,   90
train,    829, 39.807692,   90
train,    830, -43.315385,   16
train,    831, 39.807692,   90
train,    832, 39.807692,   90
train,    833, 42.438462,   90
train,    834, 39.807692,   90
train,    835, 39.807692,   90
train,    836, 40.136538,   90
train,    837, 39.807692,   90
train,    838, 39.807692,   90
train,    839, 40.465385,   90
train,    840, 39.807692,   90
train,    841, 39.807692,   90
train,    842, 39.807692,   90
train,    843, 40.465385,   90
train,    844, 39.807692,   90
train,    845, 39.807692,   90
train,    846, 39.807692,   90
train,    847, 39.807692,   90
train,    848, 39.807692,   90
train,    849, -43.757692,   15
train,    850, 39.807692,   90
train,    851, 39.807692,   90
train,    852, 39.807692,   90
train,    853, 39.807692,   90
train,    854, 39.807692,   90
train,    855, 39.807692,   90
train,    856, 39.807692,   90
train,    857, 39.807692,   90
train,    858, 39.807692,   90
train,    859, 39.807692,   90
train,    860, 40.136538,   90
train,    861, 39.807692,   90
train,    862, 39.807692,   90
train,    863, 40.136538,   90
train,    864, 39.807692,   90
train,    865, -42.567308,   11
train,    866, -27.030769,   32
train,    867, 69.301923,   31
train,    868, 40.465385,   90
train,    869, 39.807692,   90
train,    870, 40.136538,   90
train,    871, 45.069231,   90
train,    872, 40.465385,   90
train,    873, 39.807692,   90
train,    874, 39.807692,   90
train,    875, 39.807692,   90
train,    876, -30.409615,   37
train,    877, 39.807692,   90
train,    878, 39.807692,   90
train,    879, 40.465385,   90
train,    880, 39.807692,   90
train,    881, 39.807692,   90
train,    882, 39.807692,   90
train,    883, 39.807692,   90
train,    884, 39.807692,   90
train,    885, 39.807692,   90
train,    886, 39.807692,   90
train,    887, 39.807692,   90
train,    888, 46.384615,   90
train,    889, 39.807692,   90
train,    890, 39.807692,   90
train,    891, 39.807692,   90
train,    892, 39.807692,   90
train,    893, 39.807692,   90
train,    894, 39.807692,   90
train,    895, 39.807692,   90
train,    896, 39.807692,   90
train,    897, 39.807692,   90
train,    898, 39.807692,   90
train,    899, 39.807692,   90
val,      899,   39.807692,    90.0000
train,    900, 39.807692,   90
train,    901, 39.807692,   90
train,    902, 39.807692,   90
train,    903, 39.807692,   90
train,    904, 39.807692,   90
train,    905, 39.807692,   90
train,    906, 39.807692,   90
train,    907, 39.807692,   90
train,    908, -44.642308,   13
train,    909, 39.807692,   90
train,    910, 39.807692,   90
train,    911, 39.807692,   90
train,    912, 39.807692,   90
train,    913, 39.807692,   90
train,    914, 39.807692,   90
train,    915, 39.807692,   90
train,    916, 40.465385,   90
train,    917, 39.807692,   90
train,    918, 39.807692,   90
train,    919, 39.807692,   90
train,    920, 39.807692,   90
train,    921, 39.807692,   90
train,    922, 39.807692,   90
train,    923, 39.807692,   90
train,    924, 39.807692,   90
train,    925, 39.807692,   90
train,    926, 39.807692,   90
train,    927, 39.807692,   90
train,    928, 39.807692,   90
train,    929, 39.807692,   90
train,    930, 39.807692,   90
train,    931, 39.807692,   90
train,    932, 39.807692,   90
train,    933, 39.807692,   90
train,    934, 39.807692,   90
train,    935, 39.807692,   90
train,    936, 39.807692,   90
train,    937, 39.807692,   90
train,    938, 39.807692,   90
train,    939, 39.807692,   90
train,    940, 39.807692,   90
train,    941, 39.807692,   90
train,    942, 39.807692,   90
train,    943, 39.807692,   90
train,    944, 39.807692,   90
train,    945, 39.807692,   90
train,    946, 39.807692,   90
train,    947, 39.807692,   90
train,    948, 39.807692,   90
train,    949, 39.807692,   90
train,    950, 39.807692,   90
train,    951, 40.136538,   90
train,    952, 39.807692,   90
train,    953, 40.136538,   90
train,    954, 39.807692,   90
train,    955, 39.807692,   90
train,    956, 39.807692,   90
train,    957, 39.807692,   90
train,    958, 39.807692,   90
train,    959, 41.123077,   90
train,    960, 40.465385,   90
train,    961, 41.123077,   90
train,    962, 40.136538,   90
train,    963, 40.794231,   90
train,    964, 40.136538,   90
train,    965, 40.136538,   90
train,    966, -37.678846,   28
train,    967, 41.123077,   90
train,    968, 40.136538,   90
train,    969, 39.807692,   90
train,    970, 40.136538,   90
train,    971, 39.807692,   90
train,    972, 39.807692,   90
train,    973, 39.807692,   90
train,    974, 39.807692,   90
train,    975, 39.807692,   90
train,    976, 39.807692,   90
train,    977, 39.807692,   90
train,    978, 39.807692,   90
train,    979, 39.807692,   90
train,    980, 39.807692,   90
train,    981, 39.807692,   90
train,    982, 39.807692,   90
train,    983, -44.642308,   13
train,    984, 39.807692,   90
train,    985, 39.807692,   90
train,    986, 39.807692,   90
train,    987, 39.807692,   90
train,    988, 39.807692,   90
train,    989, 39.807692,   90
train,    990, 39.807692,   90
train,    991, 39.807692,   90
train,    992, 39.807692,   90
train,    993, 39.807692,   90
train,    994, 40.136538,   90
train,    995, 39.807692,   90
train,    996, 40.136538,   90
train,    997, 39.807692,   90
train,    998, 39.807692,   90
train,    999, 39.807692,   90
val,      999,   39.840577,    90.0000
train,    1000, 39.807692,   90
train,    1001, 39.807692,   90
train,    1002, 42.109615,   90
train,    1003, 40.136538,   90
train,    1004, 39.807692,   90
train,    1005, 39.807692,   90
train,    1006, -47.750000,    3
train,    1007, 40.136538,   90
train,    1008, 44.740385,   90
train,    1009, 10.713462,   90
train,    1010, 40.136538,   90
train,    1011, 42.438462,   90
train,    1012, 40.136538,   90
train,    1013, -43.451923,    9
train,    1014, 40.465385,   90
train,    1015, 40.136538,   90
train,    1016, 40.465385,   90
train,    1017, 62.338462,   16
train,    1018, 40.136538,   90
train,    1019, 62.338462,   16
train,    1020, 40.136538,   90
train,    1021, 62.338462,   16
train,    1022, -27.336538,   39
train,    1023, -45.765385,    6
train,    1024, 62.338462,   16
train,    1025, 40.136538,   90
train,    1026, 42.109615,   90
train,    1027, 30.213462,   90
train,    1028, 40.465385,   90
train,    1029, 40.136538,   90
train,    1030, -27.286538,   40
train,    1031, 39.807692,   90
train,    1032, 40.136538,   90
train,    1033, 39.807692,   90
train,    1034, 39.807692,   90
train,    1035, 39.807692,   90
train,    1036, 39.807692,   90
train,    1037, 39.807692,   90
train,    1038, 45.726923,   90
train,    1039, 39.807692,   90
train,    1040, -13.703846,   77
train,    1041, 39.807692,   90
train,    1042, 39.807692,   90
train,    1043, 40.136538,   90
train,    1044, 41.123077,   90
train,    1045, 39.807692,   90
train,    1046, 39.807692,   90
train,    1047, 39.807692,   90
train,    1048, 39.807692,   90
train,    1049, 39.807692,   90
train,    1050, 39.807692,   90
train,    1051, 39.807692,   90
train,    1052, 39.807692,   90
train,    1053, 39.807692,   90
train,    1054, 39.807692,   90
train,    1055, 39.807692,   90
train,    1056, 39.807692,   90
train,    1057, 39.807692,   90
train,    1058, 41.780769,   90
train,    1059, 39.807692,   90
train,    1060, 39.807692,   90
train,    1061, 39.807692,   90
train,    1062, 39.807692,   90
train,    1063, 39.807692,   90
train,    1064, 39.807692,   90
train,    1065, 39.807692,   90
train,    1066, 39.807692,   90
train,    1067, 39.807692,   90
train,    1068, 39.807692,   90
train,    1069, 39.807692,   90
train,    1070, 39.807692,   90
train,    1071, 39.807692,   90
train,    1072, 39.807692,   90
train,    1073, 39.807692,   90
train,    1074, 39.807692,   90
train,    1075, -44.642308,   13
train,    1076, 39.807692,   90
train,    1077, 39.807692,   90
train,    1078, 39.807692,   90
train,    1079, 39.807692,   90
train,    1080, 39.807692,   90
train,    1081, 39.807692,   90
train,    1082, 39.807692,   90
train,    1083, 39.807692,   90
train,    1084, 39.807692,   90
train,    1085, 48.686538,   90
train,    1086, 47.371154,   90
train,    1087, 84.340385,   65
train,    1088, -7.678846,   80
train,    1089, 37.707692,   90
train,    1090, 43.096154,   90
train,    1091, 85.996154,   68
train,    1092, -40.332692,   22
train,    1093, 45.675000,   90
train,    1094, 79.917308,   55
train,    1095, -38.234615,   26
train,    1096, 74.723077,   44
train,    1097, 72.284615,   37
train,    1098, 90.646154,   80
train,    1099, 43.182692,   90
val_save, 1099,   40.415769,    90.0000
val,      1099,   40.415769,    90.0000
train,    1100, 40.794231,   90
train,    1101, -39.119231,   24
train,    1102, 78.148077,   51
train,    1103, 65.876923,   24
train,    1104, -43.667308,   10
train,    1105, 85.111538,   66
train,    1106, 39.807692,   90
train,    1107, 44.953846,   90
train,    1108, 44.244231,   90
train,    1109, 79.917308,   55
train,    1110, 69.857692,   33
train,    1111, 45.536538,   90
train,    1112, -43.667308,   10
train,    1113, -48.521154,    2
train,    1114, -15.030769,   74
train,    1115, 67.861538,   27
train,    1116, -48.521154,    2
train,    1117, 59.900000,    9
train,    1118, -18.221154,   57
train,    1119, -7.636538,   87
train,    1120, 65.763462,   23
train,    1121, -44.755769,   12
train,    1122, 59.571154,    9
train,    1123, -40.151923,   12
train,    1124, 60.590385,   13
train,    1125, 40.090385,   90
train,    1126, -48.521154,    2
train,    1127, -20.392308,   52
train,    1128, -42.351923,   10
train,    1129, -41.796154,   12
train,    1130, -46.207692,    5
train,    1131, -37.928846,   20
train,    1132, 62.780769,   17
train,    1133, 82.015385,   59
train,    1134, 83.455769,   63
train,    1135, -49.050000,    2
train,    1136, -43.123077,    9
train,    1137, 64.107692,   20
train,    1138, 42.138462,   90
train,    1139, 63.438462,   17
train,    1140, 59.571154,    9
train,    1141, -41.909615,   11
train,    1142, -11.551923,   75
train,    1143, 62.338462,   16
train,    1144, -44.755769,   12
train,    1145, 62.338462,   16
train,    1146, 39.807692,   90
train,    1147, 47.290385,   90
train,    1148, 40.136538,   90
train,    1149, 40.136538,   90
train,    1150, 92.415385,   84
train,    1151, 39.807692,   90
train,    1152, -44.642308,   13
train,    1153, 46.805769,   90
train,    1154, -27.313462,   44
train,    1155, 42.634615,   90
train,    1156, -44.200000,   14
train,    1157, 46.707692,   90
train,    1158, 39.807692,   90
train,    1159, 46.361538,   90
train,    1160, 48.357692,   90
train,    1161, 43.425000,   90
train,    1162, -26.621154,   53
train,    1163, 48.605769,   90
train,    1164, 39.807692,   90
train,    1165, 39.807692,   90
train,    1166, 94.626923,   89
train,    1167, 39.807692,   90
train,    1168, 38.336538,   90
train,    1169, 39.807692,   90
train,    1170, 39.807692,   90
train,    1171, 39.807692,   90
train,    1172, 39.807692,   90
train,    1173, 43.096154,   90
train,    1174, -39.788462,   21
train,    1175, 39.807692,   90
train,    1176, 46.551923,   90
train,    1177, 39.807692,   90
train,    1178, 43.096154,   90
train,    1179, 44.613462,   90
train,    1180, 44.411538,   90
train,    1181, 46.621154,   90
train,    1182, 39.807692,   90
train,    1183, 39.807692,   90
train,    1184, 39.807692,   90
train,    1185, 80.915385,   58
train,    1186, 39.807692,   90
train,    1187, -12.025000,   86
train,    1188, 40.465385,   90
train,    1189, 45.069231,   90
train,    1190, 39.807692,   90
train,    1191, 40.136538,   90
train,    1192, 39.807692,   90
train,    1193, -3.526923,   87
train,    1194, 49.280769,   90
train,    1195, 39.807692,   90
train,    1196, 39.807692,   90
train,    1197, 39.807692,   90
train,    1198, 39.807692,   90
train,    1199, 39.807692,   90
val,      1199,   39.807692,    90.0000
train,    1200, 39.807692,   90
train,    1201, 39.807692,   90
train,    1202, 39.807692,   90
train,    1203, 39.807692,   90
train,    1204, 43.753846,   90
train,    1205, 39.807692,   90
train,    1206, 39.807692,   90
train,    1207, 42.438462,   90
train,    1208, 39.807692,   90
train,    1209, 40.136538,   90
train,    1210, 39.807692,   90
train,    1211, 39.807692,   90
train,    1212, 39.807692,   90
train,    1213, 39.807692,   90
train,    1214, 39.807692,   90
train,    1215, 39.807692,   90
train,    1216, 39.807692,   90
train,    1217, 39.807692,   90
train,    1218, 39.807692,   90
train,    1219, 40.465385,   90
train,    1220, -36.351923,   31
train,    1221, 45.398077,   90
train,    1222, 40.136538,   90
train,    1223, 39.807692,   90
train,    1224, 39.807692,   90
train,    1225, 39.807692,   90
train,    1226, 39.807692,   90
train,    1227, 39.807692,   90
train,    1228, 39.807692,   90
train,    1229, 39.807692,   90
train,    1230, 39.807692,   90
train,    1231, 39.807692,   90
train,    1232, 39.807692,   90
train,    1233, 39.807692,   90
train,    1234, 39.807692,   90
train,    1235, 39.807692,   90
train,    1236, 39.807692,   90
train,    1237, 39.807692,   90
train,    1238, 39.807692,   90
train,    1239, 39.807692,   90
train,    1240, 39.807692,   90
train,    1241, 39.807692,   90
train,    1242, 39.807692,   90
train,    1243, 39.807692,   90
train,    1244, 39.807692,   90
train,    1245, 39.807692,   90
train,    1246, 39.807692,   90
train,    1247, 39.807692,   90
train,    1248, 39.807692,   90
train,    1249, -44.642308,   13
train,    1250, 39.807692,   90
train,    1251, 39.807692,   90
train,    1252, 39.807692,   90
train,    1253, 39.807692,   90
train,    1254, 39.807692,   90
train,    1255, 39.807692,   90
train,    1256, 39.807692,   90
train,    1257, 40.136538,   90
train,    1258, 40.465385,   90
train,    1259, 40.136538,   90
train,    1260, 40.136538,   90
train,    1261, 73.838462,   42
train,    1262, 45.046154,   90
train,    1263, 40.136538,   90
train,    1264, -29.400000,   43
train,    1265, -8.294231,   87
train,    1266, 40.136538,   90
train,    1267, 39.807692,   90
train,    1268, 44.740385,   90
train,    1269, 36.230769,   90
train,    1270, 40.136538,   90
train,    1271, 48.686538,   90
train,    1272, 44.740385,   90
train,    1273, 41.123077,   90
train,    1274, 40.136538,   90
train,    1275, 39.807692,   90
train,    1276, 39.807692,   90
train,    1277, 45.726923,   90
train,    1278, 39.807692,   90
train,    1279, 39.807692,   90
train,    1280, 39.807692,   90
train,    1281, 39.807692,   90
train,    1282, 39.807692,   90
train,    1283, 40.136538,   90
train,    1284, 40.794231,   90
train,    1285, 39.807692,   90
train,    1286, 41.123077,   90
train,    1287, 39.807692,   90
train,    1288, 39.807692,   90
train,    1289, 40.794231,   90
train,    1290, 39.807692,   90
train,    1291, 39.807692,   90
train,    1292, 39.807692,   90
train,    1293, -44.200000,   14
train,    1294, 40.136538,   90
train,    1295, 39.807692,   90
train,    1296, 39.807692,   90
train,    1297, 39.807692,   90
train,    1298, 39.807692,   90
train,    1299, 39.807692,   90
val,      1299,   39.807692,    90.0000
train,    1300, 39.807692,   90
train,    1301, 39.807692,   90
train,    1302, 39.807692,   90
train,    1303, 39.807692,   90
train,    1304, 39.807692,   90
train,    1305, 39.807692,   90
train,    1306, -44.642308,   13
train,    1307, 39.807692,   90
train,    1308, 39.807692,   90
train,    1309, 39.807692,   90
train,    1310, 39.807692,   90
train,    1311, 39.807692,   90
train,    1312, 39.807692,   90
train,    1313, 47.371154,   90
train,    1314, 39.807692,   90
train,    1315, 39.807692,   90
train,    1316, 39.807692,   90
train,    1317, -29.275000,   47
train,    1318, 49.344231,   90
train,    1319, 39.807692,   90
train,    1320, 39.807692,   90
train,    1321, 39.807692,   90
train,    1322, 39.807692,   90
train,    1323, 39.807692,   90
train,    1324, 40.136538,   90
train,    1325, 39.807692,   90
train,    1326, 39.807692,   90
train,    1327, 39.807692,   90
train,    1328, 42.109615,   90
train,    1329, 42.109615,   90
train,    1330, 39.807692,   90
train,    1331, -43.757692,   15
train,    1332, 39.807692,   90
train,    1333, 39.807692,   90
train,    1334, 39.807692,   90
train,    1335, 39.807692,   90
train,    1336, 39.807692,   90
train,    1337, -44.200000,   14
train,    1338, 39.807692,   90
train,    1339, 40.136538,   90
train,    1340, 39.807692,   90
train,    1341, 39.807692,   90
train,    1342, 39.807692,   90
train,    1343, 39.807692,   90
train,    1344, 39.807692,   90
train,    1345, 39.807692,   90
train,    1346, 39.807692,   90
train,    1347, 39.807692,   90
train,    1348, 39.807692,   90
train,    1349, 39.807692,   90
train,    1350, 39.807692,   90
train,    1351, 39.807692,   90
train,    1352, 39.807692,   90
train,    1353, 39.807692,   90
train,    1354, 39.807692,   90
train,    1355, 39.807692,   90
train,    1356, 39.807692,   90
train,    1357, 39.807692,   90
train,    1358, 39.807692,   90
train,    1359, 39.807692,   90
train,    1360, 39.807692,   90
train,    1361, 39.807692,   90
train,    1362, 39.807692,   90
train,    1363, 39.807692,   90
train,    1364, 39.807692,   90
train,    1365, 39.807692,   90
train,    1366, 39.807692,   90
train,    1367, 39.807692,   90
train,    1368, 39.807692,   90
train,    1369, 39.807692,   90
train,    1370, 40.136538,   90
train,    1371, 39.807692,   90
train,    1372, 42.109615,   90
train,    1373, 39.807692,   90
train,    1374, 39.807692,   90
train,    1375, 40.136538,   90
train,    1376, 39.807692,   90
train,    1377, 39.807692,   90
train,    1378, 39.807692,   90
train,    1379, 39.807692,   90
train,    1380, 39.807692,   90
train,    1381, 39.807692,   90
train,    1382, 39.807692,   90
train,    1383, 39.807692,   90
train,    1384, 39.807692,   90
train,    1385, 39.807692,   90
train,    1386, 39.807692,   90
train,    1387, 39.807692,   90
train,    1388, 39.807692,   90
train,    1389, 39.807692,   90
train,    1390, 39.807692,   90
train,    1391, 39.807692,   90
train,    1392, 39.807692,   90
train,    1393, 39.807692,   90
train,    1394, 39.807692,   90
train,    1395, 39.807692,   90
train,    1396, 39.807692,   90
train,    1397, 39.807692,   90
train,    1398, 39.807692,   90
train,    1399, 39.807692,   90
val,      1399,   39.807692,    90.0000
train,    1400, 39.807692,   90
train,    1401, 39.807692,   90
train,    1402, 39.807692,   90
train,    1403, 39.807692,   90
train,    1404, 39.807692,   90
train,    1405, 39.807692,   90
train,    1406, 39.807692,   90
train,    1407, 39.807692,   90
train,    1408, 39.807692,   90
train,    1409, 39.807692,   90
train,    1410, 39.807692,   90
train,    1411, 39.807692,   90
train,    1412, 39.807692,   90
train,    1413, 39.807692,   90
train,    1414, 39.807692,   90
train,    1415, 39.807692,   90
train,    1416, 39.807692,   90
train,    1417, 39.807692,   90
train,    1418, 46.436538,   90
train,    1419, 41.359615,   90
train,    1420, 46.021154,   90
train,    1421, 47.659615,   90
train,    1422, 39.807692,   90
train,    1423, 45.190385,   90
train,    1424, 39.807692,   90
train,    1425, 39.807692,   90
train,    1426, 39.807692,   90
train,    1427, 39.807692,   90
train,    1428, 39.807692,   90
train,    1429, 39.807692,   90
train,    1430, 39.807692,   90
train,    1431, 39.807692,   90
train,    1432, 43.753846,   90
train,    1433, 73.169231,   39
train,    1434, 72.840385,   39
train,    1435, 44.451923,   90
train,    1436, -48.521154,    2
train,    1437, -6.388462,   87
train,    1438, 40.136538,   90
train,    1439, 47.169231,   90
train,    1440, 47.682692,   90
train,    1441, 85.111538,   66
train,    1442, 39.807692,   90
train,    1443, 39.807692,   90
train,    1444, 47.446154,   90
train,    1445, 39.807692,   90
train,    1446, 40.136538,   90
train,    1447, 39.807692,   90
train,    1448, 44.400000,   90
train,    1449, 42.282692,   90
train,    1450, 39.807692,   90
train,    1451, 39.807692,   90
train,    1452, 45.992308,   90
train,    1453, 39.807692,   90
train,    1454, 39.807692,   90
train,    1455, 39.807692,   90
train,    1456, 39.807692,   90
train,    1457, 39.807692,   90
train,    1458, 92.188462,   82
train,    1459, 45.467308,   90
train,    1460, 39.807692,   90
train,    1461, -15.600000,   62
train,    1462, -26.430769,   48
train,    1463, 45.790385,   90
train,    1464, -28.186538,   45
train,    1465, 46.638462,   90
train,    1466, -44.642308,   13
train,    1467, -9.811538,   73
train,    1468, 43.915385,   90
train,    1469, 86.994231,   71
train,    1470, 45.467308,   90
train,    1471, 40.136538,   90
train,    1472, -44.200000,   14
train,    1473, 39.807692,   90
train,    1474, 42.109615,   90
train,    1475, 45.075000,   90
train,    1476, 39.807692,   90
train,    1477, 39.807692,   90
train,    1478, 39.807692,   90
train,    1479, 42.109615,   90
train,    1480, 43.753846,   90
train,    1481, 44.936538,   90
train,    1482, 45.028846,   90
train,    1483, 39.807692,   90
train,    1484, 39.807692,   90
train,    1485, 46.436538,   90
train,    1486, 39.807692,   90
train,    1487, 40.136538,   90
train,    1488, 39.807692,   90
train,    1489, 39.807692,   90
train,    1490, 40.136538,   90
train,    1491, -9.092308,   80
train,    1492, 85.667308,   68
train,    1493, -39.459615,   21
train,    1494, 78.590385,   52
train,    1495, -12.944231,   75
train,    1496, 43.898077,   90
train,    1497, -33.086538,   25
train,    1498, -23.434615,   55
train,    1499, 39.807692,   90
resume,   2026-04-09 22:00:38.698987
train,    1500, 83.898077,   64
train,    1501, 45.859615,   90
train,    1502, 40.136538,   90
train,    1503, -44.994231,    7
train,    1504, 40.136538,   90
train,    1505, 62.338462,   16
train,    1506, 40.136538,   90
train,    1507, 39.807692,   90
train,    1508, 39.807692,   90
train,    1509, 40.136538,   90
train,    1510, 40.136538,   90
train,    1511, 39.807692,   90
train,    1512, 39.807692,   90
train,    1513, 40.136538,   90
train,    1514, 40.136538,   90
train,    1515, 40.136538,   90
train,    1516, -43.440385,   12
train,    1517, 40.136538,   90
train,    1518, 40.465385,   90
train,    1519, 40.136538,   90
train,    1520, -44.755769,   12
train,    1521, -27.336538,   39
train,    1522, 39.807692,   90
train,    1523, 40.136538,   90
train,    1524, 21.813462,   90
train,    1525, 40.136538,   90
train,    1526, 42.109615,   90
train,    1527, 40.136538,   90
train,    1528, 40.136538,   90
train,    1529, -44.755769,   12
train,    1530, 40.136538,   90
train,    1531, -41.909615,   11
train,    1532, 39.807692,   90
train,    1533, 40.136538,   90
train,    1534, 40.465385,   90
train,    1535, 40.136538,   90
train,    1536, -44.223077,    8
train,    1537, -44.755769,   12
train,    1538, -27.336538,   39
train,    1539, 42.109615,   90
train,    1540, 39.807692,   90
train,    1541, 40.465385,   90
train,    1542, 40.465385,   90
train,    1543, 40.136538,   90
train,    1544, 39.807692,   90
train,    1545, 40.136538,   90
train,    1546, -44.755769,   12
train,    1547, 40.465385,   90
train,    1548, 39.807692,   90
train,    1549, 40.136538,   90
train,    1550, 40.136538,   90
train,    1551, 40.136538,   90
train,    1552, 62.338462,   16
train,    1553, 62.338462,   16
train,    1554, 25.113462,   90
train,    1555, 62.338462,   16
train,    1556, 40.136538,   90
train,    1557, -44.223077,    8
train,    1558, 62.338462,   16
train,    1559, -41.138462,   12
train,    1560, 62.338462,   16
train,    1561, 62.338462,   16
train,    1562, 40.136538,   90
train,    1563, 25.413462,   90
train,    1564, 40.113462,   90
train,    1565, 62.338462,   16
train,    1566, 62.338462,   16
train,    1567, -42.680769,   10
train,    1568, 62.338462,   16
train,    1569, -27.536538,   35
train,    1570, 40.136538,   90
train,    1571, 40.465385,   90
train,    1572, -48.078846,    3
train,    1573, -43.451923,    9
train,    1574, 62.338462,   16
train,    1575, 30.813462,   90
train,    1576, 41.446154,   90
train,    1577, 37.713462,   90
train,    1578, 37.413462,   90
train,    1579, 43.159615,   90
train,    1580, -41.909615,   11
train,    1581, 62.338462,   16
train,    1582, -41.138462,   12
train,    1583, 36.813462,   90
train,    1584, 62.338462,   16
train,    1585, -48.078846,    3
train,    1586, -48.078846,    3
train,    1587, -41.138462,   12
train,    1588, 38.013462,   90
train,    1589, 38.013462,   90
train,    1590, 37.113462,   90
train,    1591, 62.338462,   16
train,    1592, 37.413462,   90
train,    1593, -40.378846,   10
train,    1594, -44.994231,    7
train,    1595, 62.338462,   16
train,    1596, 62.338462,   16
train,    1597, -27.336538,   39
train,    1598, 62.338462,   16
train,    1599, 62.338462,   16
val_save, 1599,   48.472500,    36.1000
val,      1599,   48.472500,    36.1000
train,    1600, -27.136538,   43
train,    1601, 62.338462,   16
train,    1602, -41.909615,   11
train,    1603, 62.338462,   16
train,    1604, 62.338462,   16
train,    1605, 29.613462,   90
train,    1606, 62.338462,   16
train,    1607, 62.338462,   16
train,    1608, 62.338462,   16
train,    1609, -27.336538,   39
train,    1610, -27.136538,   43
train,    1611, 35.613462,   90
train,    1612, 35.013462,   90
train,    1613, -41.909615,   11
train,    1614, -41.909615,   11
train,    1615, 62.338462,   16
train,    1616, -48.078846,    3
train,    1617, -41.909615,   11
train,    1618, 62.225000,   15
train,    1619, 62.338462,   16
train,    1620, -42.680769,   10
train,    1621, 46.165385,   90
train,    1622, 62.338462,   16
train,    1623, 62.338462,   16
train,    1624, 62.338462,   16
train,    1625, 62.338462,   16
train,    1626, 62.338462,   16
train,    1627, -42.680769,   10
train,    1628, -27.286538,   40
train,    1629, 62.338462,   16
train,    1630, 62.338462,   16
train,    1631, -45.765385,    6
train,    1632, 25.413462,   90
train,    1633, -27.286538,   40
train,    1634, -48.078846,    3
train,    1635, 25.413462,   90
train,    1636, 62.338462,   16
train,    1637, 62.338462,   16
train,    1638, 62.338462,   16
train,    1639, 62.338462,   16
train,    1640, 62.338462,   16
train,    1641, -27.286538,   40
train,    1642, -41.909615,   11
train,    1643, 62.338462,   16
train,    1644, 62.338462,   16
train,    1645, -27.336538,   39
train,    1646, 62.338462,   16
train,    1647, 25.413462,   90
train,    1648, -44.223077,    8
train,    1649, 62.338462,   16
train,    1650, -27.036538,   45
train,    1651, 62.338462,   16
train,    1652, -27.336538,   39
train,    1653, 62.338462,   16
train,    1654, 62.338462,   16
train,    1655, 62.338462,   16
train,    1656, 62.338462,   16
train,    1657, 62.338462,   16
train,    1658, 62.338462,   16
train,    1659, -44.223077,    8
train,    1660, -44.223077,    8
train,    1661, 25.413462,   90
train,    1662, -27.086538,   44
train,    1663, 62.338462,   16
train,    1664, 62.338462,   16
train,    1665, 25.413462,   90
train,    1666, -48.078846,    3
train,    1667, 25.413462,   90
train,    1668, -45.765385,    6
train,    1669, 62.338462,   16
train,    1670, -48.078846,    3
train,    1671, 62.338462,   16
train,    1672, 62.338462,   16
train,    1673, 62.338462,   16
train,    1674, 25.413462,   90
train,    1675, 62.338462,   16
train,    1676, 62.338462,   16
train,    1677, 62.338462,   16
train,    1678, 62.338462,   16
train,    1679, 62.338462,   16
train,    1680, 62.338462,   16
train,    1681, 62.338462,   16
train,    1682, 25.413462,   90
train,    1683, 62.338462,   16
train,    1684, 62.338462,   16
train,    1685, 62.338462,   16
train,    1686, -42.680769,   10
train,    1687, 25.413462,   90
train,    1688, 62.338462,   16
train,    1689, 62.338462,   16
train,    1690, 25.413462,   90
train,    1691, 62.338462,   16
train,    1692, 62.338462,   16
train,    1693, 62.338462,   16
train,    1694, 62.338462,   16
train,    1695, -41.909615,   11
train,    1696, 62.338462,   16
train,    1697, 62.338462,   16
train,    1698, -45.765385,    6
train,    1699, 25.413462,   90
val,      1699,   27.600000,    23.2000
train,    1700, -48.078846,    3
train,    1701, 62.338462,   16
train,    1702, 62.338462,   16
train,    1703, 62.338462,   16
train,    1704, -45.765385,    6
train,    1705, 25.413462,   90
train,    1706, 62.338462,   16
train,    1707, 62.338462,   16
train,    1708, -27.236538,   41
train,    1709, -48.078846,    3
train,    1710, 62.338462,   16
train,    1711, 62.338462,   16
train,    1712, 62.338462,   16
train,    1713, 62.338462,   16
train,    1714, -26.486538,   56
train,    1715, 62.338462,   16
train,    1716, 62.338462,   16
train,    1717, -41.138462,   12
train,    1718, 62.338462,   16
train,    1719, -27.336538,   39
train,    1720, -41.138462,   12
train,    1721, 62.338462,   16
train,    1722, 62.338462,   16
train,    1723, 62.338462,   16
train,    1724, -48.078846,    3
train,    1725, 62.338462,   16
train,    1726, 62.338462,   16
train,    1727, -48.078846,    3
train,    1728, 62.338462,   16
train,    1729, 62.338462,   16
train,    1730, -44.223077,    8
train,    1731, 62.338462,   16
train,    1732, 62.338462,   16
train,    1733, -45.765385,    6
train,    1734, -27.386538,   38
train,    1735, -27.336538,   39
train,    1736, 62.338462,   16
train,    1737, 62.338462,   16
train,    1738, -44.994231,    7
train,    1739, -41.909615,   11
train,    1740, 62.338462,   16
train,    1741, -44.223077,    8
train,    1742, 25.413462,   90
train,    1743, 62.338462,   16
train,    1744, -44.223077,    8
train,    1745, 25.413462,   90
train,    1746, 62.338462,   16
train,    1747, 62.338462,   16
train,    1748, -48.078846,    3
train,    1749, 62.338462,   16
train,    1750, 62.338462,   16
train,    1751, 25.413462,   90
train,    1752, 40.615385,   90
train,    1753, 62.338462,   16
train,    1754, 62.225000,   15
train,    1755, -27.186538,   42
train,    1756, 62.338462,   16
train,    1757, 62.338462,   16
train,    1758, -44.994231,    7
train,    1759, 61.782692,   14
train,    1760, -27.336538,   39
train,    1761, 62.338462,   16
train,    1762, 62.338462,   16
train,    1763, -27.286538,   40
train,    1764, -44.223077,    8
train,    1765, -41.909615,   11
train,    1766, -27.136538,   43
train,    1767, -44.994231,    7
train,    1768, 62.338462,   16
train,    1769, 62.338462,   16
train,    1770, -45.765385,    6
train,    1771, -27.336538,   39
train,    1772, 62.338462,   16
train,    1773, 62.667308,   16
train,    1774, -27.336538,   39
train,    1775, -44.223077,    8
train,    1776, -45.765385,    6
train,    1777, -27.286538,   40
train,    1778, 62.338462,   16
train,    1779, -48.078846,    3
train,    1780, 62.338462,   16
train,    1781, -41.909615,   11
train,    1782, 62.338462,   16
train,    1783, -27.236538,   41
train,    1784, -48.078846,    3
train,    1785, 43.015385,   90
train,    1786, 33.513462,   90
train,    1787, -41.138462,   12
train,    1788, -44.109615,    9
train,    1789, 62.996154,   16
train,    1790, -43.451923,    9
train,    1791, 40.136538,   90
train,    1792, 37.413462,   90
train,    1793, -41.138462,   12
train,    1794, -41.909615,   11
train,    1795, 43.067308,   90
train,    1796, -27.086538,   44
train,    1797, -43.451923,    9
train,    1798, 62.338462,   16
train,    1799, 62.338462,   16
val,      1799,   -1.598462,    11.2000
train,    1800, 62.338462,   16
train,    1801, -27.336538,   39
train,    1802, -27.286538,   40
train,    1803, 62.338462,   16
train,    1804, 62.338462,   16
train,    1805, 62.338462,   16
train,    1806, 62.338462,   16
train,    1807, -27.236538,   41
train,    1808, -41.909615,   11
train,    1809, 61.782692,   14
train,    1810, -15.586538,   64
train,    1811, -48.192308,    2
train,    1812, -45.765385,    6
train,    1813, -27.336538,   39
train,    1814, 62.225000,   15
train,    1815, -27.286538,   40
train,    1816, 62.338462,   16
train,    1817, 62.553846,   15
train,    1818, 62.338462,   16
train,    1819, -44.994231,    7
train,    1820, 39.813462,   90
train,    1821, 62.338462,   16
train,    1822, -27.086538,   44
train,    1823, 62.338462,   16
train,    1824, 42.975000,   90
train,    1825, -41.138462,   12
train,    1826, 62.338462,   16
train,    1827, -45.765385,    6
train,    1828, -45.765385,    6
train,    1829, 42.646154,   90
train,    1830, -48.078846,    3
train,    1831, 62.338462,   16
train,    1832, 62.338462,   16
train,    1833, 62.338462,   16
train,    1834, 62.338462,   16
train,    1835, 62.338462,   16
train,    1836, 62.338462,   16
train,    1837, 37.113462,   90
train,    1838, -27.136538,   43
train,    1839, 62.338462,   16
train,    1840, -18.921154,   55
train,    1841, -42.794231,    9
train,    1842, -44.223077,    8
train,    1843, -43.451923,    9
train,    1844, 62.225000,   15
train,    1845, -27.136538,   43
train,    1846, 37.713462,   90
train,    1847, 61.782692,   14
train,    1848, 62.338462,   16
train,    1849, 36.813462,   90
train,    1850, 62.338462,   16
train,    1851, 62.338462,   16
train,    1852, 62.338462,   16
train,    1853, -41.138462,   12
train,    1854, -27.586538,   34
train,    1855, 37.413462,   90
train,    1856, 37.713462,   90
train,    1857, 62.338462,   16
train,    1858, 35.913462,   90
train,    1859, 62.338462,   16
train,    1860, 62.338462,   16
train,    1861, -27.286538,   40
train,    1862, -27.336538,   39
train,    1863, 62.338462,   16
train,    1864, 62.338462,   16
train,    1865, 62.338462,   16
train,    1866, 62.338462,   16
train,    1867, -44.994231,    7
train,    1868, 42.738462,   90
train,    1869, -48.078846,    3
train,    1870, -14.136538,   87
train,    1871, -27.336538,   39
train,    1872, -45.765385,    6
train,    1873, 62.338462,   16
train,    1874, 37.413462,   90
train,    1875, -42.680769,   10
train,    1876, 62.338462,   16
train,    1877, 62.338462,   16
train,    1878, 62.338462,   16
train,    1879, 62.338462,   16
train,    1880, 60.148077,   12
train,    1881, 62.338462,   16
train,    1882, 63.880769,   18
train,    1883, -44.223077,    8
train,    1884, -48.078846,    3
train,    1885, 62.338462,   16
train,    1886, 62.338462,   16
train,    1887, 62.338462,   16
train,    1888, -44.223077,    8
train,    1889, -48.078846,    3
train,    1890, 62.338462,   16
train,    1891, 62.338462,   16
train,    1892, -27.136538,   43
train,    1893, 62.338462,   16
train,    1894, -44.223077,    8
train,    1895, 62.338462,   16
train,    1896, 62.338462,   16
train,    1897, 62.338462,   16
train,    1898, 34.713462,   90
train,    1899, 62.338462,   16
val,      1899,   31.956538,    16.1000
train,    1900, -45.765385,    6
train,    1901, 34.413462,   90
train,    1902, 62.338462,   16
train,    1903, 62.338462,   16
train,    1904, -45.765385,    6
train,    1905, 62.338462,   16
train,    1906, 62.338462,   16
train,    1907, 62.338462,   16
train,    1908, -27.086538,   44
train,    1909, 37.413462,   90
train,    1910, 29.313462,   90
train,    1911, -44.223077,    8
train,    1912, 62.338462,   16
train,    1913, 62.338462,   16
train,    1914, 25.413462,   90
train,    1915, -44.223077,    8
train,    1916, -44.223077,    8
train,    1917, 62.338462,   16
train,    1918, 62.338462,   16
train,    1919, 25.413462,   90
train,    1920, 62.338462,   16
train,    1921, -41.909615,   11
train,    1922, -44.223077,    8
train,    1923, -48.078846,    3
train,    1924, 62.338462,   16
train,    1925, 62.338462,   16
train,    1926, -27.336538,   39
train,    1927, 62.338462,   16
train,    1928, -48.078846,    3
train,    1929, 62.338462,   16
train,    1930, 62.338462,   16
train,    1931, 30.213462,   90
train,    1932, 62.338462,   16
train,    1933, 62.338462,   16
train,    1934, 62.338462,   16
train,    1935, -41.909615,   11
train,    1936, -48.607692,    3
train,    1937, 62.338462,   16
train,    1938, 62.338462,   16
train,    1939, -44.994231,    7
train,    1940, 62.338462,   16
train,    1941, 62.338462,   16
train,    1942, 62.338462,   16
train,    1943, -48.078846,    3
train,    1944, 62.338462,   16
train,    1945, 62.338462,   16
train,    1946, 62.338462,   16
train,    1947, 62.338462,   16
train,    1948, -48.607692,    3
train,    1949, 25.413462,   90
train,    1950, -48.078846,    3
train,    1951, -44.994231,    7
train,    1952, 62.338462,   16
train,    1953, 62.338462,   16
train,    1954, 62.338462,   16
train,    1955, -44.994231,    7
train,    1956, 62.338462,   16
train,    1957, 62.338462,   16
train,    1958, -26.586538,   54
train,    1959, 63.880769,   18
train,    1960, 62.338462,   16
train,    1961, 62.338462,   16
train,    1962, 62.338462,   16
train,    1963, -45.765385,    6
train,    1964, 62.338462,   16
train,    1965, -41.138462,   12
train,    1966, 62.338462,   16
train,    1967, 62.338462,   16
train,    1968, -27.386538,   38
train,    1969, 43.292308,   90
train,    1970, 62.338462,   16
train,    1971, 62.338462,   16
train,    1972, 37.113462,   90
train,    1973, -45.765385,    6
train,    1974, 62.996154,   16
train,    1975, 62.338462,   16
train,    1976, 62.338462,   16
train,    1977, 62.338462,   16
train,    1978, 62.338462,   16
train,    1979, 31.413462,   90
train,    1980, 62.338462,   16
train,    1981, -48.078846,    3
train,    1982, -27.386538,   38
train,    1983, -44.994231,    7
train,    1984, -27.336538,   39
train,    1985, -44.223077,    8
train,    1986, 62.338462,   16
train,    1987, 34.113462,   90
train,    1988, 62.338462,   16
train,    1989, 25.413462,   90
train,    1990, -27.236538,   41
train,    1991, -41.138462,   12
train,    1992, -44.994231,    7
train,    1993, -44.994231,    7
train,    1994, -44.223077,    8
train,    1995, 62.338462,   16
train,    1996, 62.338462,   16
train,    1997, 63.880769,   18
train,    1998, 35.013462,   90
train,    1999, 62.338462,   16
val,      1999,   24.596538,    31.4000
checkpoint_cleanup,promoted=0, kept=4, removed=12
finish,   2026-04-09 23:11:43.718887
