init,     2026-04-08 22:10:39.855623
arguments,Namespace(lr=0.001, gamma=0.97, entropy=0.1, PPO_epochs=5, eps_clip=0.2, alg='ppo', cuda=-1, thread=-1, train_num=2000, rep=11, ignore_checkpoint=True, monitor_time=False, task='gymip', model='rwtaprob', optimizer='rmsprop', gymip_train_xml='inverted_pendulum_ChangeThk_0.050000.xml', hidden_num=64, hid_group_num=8, hid_group_size=8, rwta_del_connection='none', response_window=40, snn_num_steps=15, road_scenario='roundabout', traffic_level='standard', skip_post_tests=False)
model_dir,/root/autodl-tmp/SVPG2023/LANE/training_runs/baseline/roundabout/models
log_dir,  /root/autodl-tmp/SVPG2023/LANE/training_runs/baseline/roundabout/logs
train,    1, -47.012821,    5
train,    2, 14.282692,   90
train,    3, -42.546154,    9
train,    4, 59.964103,   12
train,    5, 61.442308,   11
train,    6, -44.705128,    7
train,    7, 59.571154,    9
train,    8, 60.632692,   12
train,    9, -46.207692,    5
train,    10, -48.192308,    2
train,    11, 60.147436,   13
train,    12, 59.020513,   10
train,    13, -48.192308,    2
train,    14, -42.907692,    8
train,    15, -39.140385,   14
train,    16, 61.959615,   15
train,    17, -48.521154,    2
train,    18, -19.414103,   60
train,    19, 62.338462,   16
train,    20, 61.959615,   15
train,    21, -44.953846,    8
train,    22, -48.521154,    2
train,    23, -45.436538,    6
train,    24, 61.669231,   13
train,    25, 60.715385,   14
train,    26, 60.519231,   11
train,    27, -42.023077,   10
train,    28, 67.596154,   27
train,    29, 62.073077,   16
train,    30, -42.444231,   10
train,    31, 61.782692,   14
train,    32, -48.192308,    2
train,    33, 62.073077,   16
train,    34, -43.717308,    9
train,    35, -48.078846,    3
train,    36, 62.338462,   16
train,    37, -43.565385,    8
train,    38, 61.669231,   13
train,    39, 13.713462,   90
train,    40, 59.571154,    9
train,    41, -44.994231,    7
train,    42, -45.765385,    6
train,    43, 62.073077,   16
train,    44, -44.994231,    7
train,    45, 59.900000,    9
train,    46, 62.338462,   16
train,    47, -44.994231,    7
train,    48, 62.338462,   16
train,    49, 15.563462,   90
train,    50, -45.765385,    6
train,    51, 62.338462,   16
train,    52, 62.338462,   16
train,    53, 62.338462,   16
train,    54, 60.918590,   14
train,    55, -48.078846,    3
train,    56, 39.563462,   90
train,    57, -27.136538,   43
train,    58, 62.338462,   16
train,    59, 62.338462,   16
train,    60, 62.338462,   16
train,    61, 40.465385,   90
train,    62, 62.338462,   16
train,    63, 40.921154,   90
train,    64, -27.817308,   49
train,    65, 62.338462,   16
train,    66, 62.338462,   16
train,    67, 62.338462,   16
train,    68, 62.073077,   16
train,    69, 62.338462,   16
train,    70, 61.517308,   14
train,    71, -41.909615,   11
train,    72, -45.259615,    7
train,    73, -44.223077,    8
train,    74, 62.338462,   16
train,    75, 25.413462,   90
train,    76, 62.338462,   16
train,    77, 62.338462,   16
train,    78, 62.338462,   16
train,    79, -45.765385,    6
train,    80, 23.613462,   90
train,    81, -42.680769,   10
train,    82, -44.994231,    7
train,    83, 62.338462,   16
train,    84, -27.186538,   42
train,    85, 25.413462,   90
train,    86, 62.338462,   16
train,    87, -41.909615,   11
train,    88, 62.338462,   16
train,    89, 62.338462,   16
train,    90, 62.073077,   16
train,    91, 62.338462,   16
train,    92, 62.338462,   16
train,    93, 62.073077,   16
train,    94, -27.336538,   44
train,    95, 62.338462,   16
train,    96, -45.765385,    6
train,    97, 62.338462,   16
train,    98, 62.338462,   16
train,    99, -27.336538,   39
val_save, 99,   19.328269,    12.3000
val,      99,   19.328269,    12.3000
train,    100, 62.338462,   16
train,    101, 61.226923,   12
train,    102, 62.338462,   16
train,    103, -27.136538,   43
train,    104, 62.338462,   16
train,    105, 62.338462,   16
train,    106, 25.413462,   90
train,    107, -27.336538,   39
train,    108, -48.078846,    3
train,    109, 62.338462,   16
train,    110, 62.338462,   16
train,    111, -48.078846,    3
train,    112, -44.994231,    7
train,    113, -41.909615,   11
train,    114, 62.338462,   16
train,    115, -25.386538,   78
train,    116, 62.338462,   16
train,    117, 62.338462,   16
train,    118, -44.223077,    8
train,    119, 62.338462,   16
train,    120, 62.338462,   16
train,    121, 25.163462,   90
train,    122, 62.338462,   16
train,    123, -41.909615,   11
train,    124, -44.994231,    7
train,    125, -45.765385,    6
train,    126, -44.994231,    7
train,    127, 62.338462,   16
train,    128, -44.994231,    7
train,    129, -45.765385,    6
train,    130, 62.338462,   16
train,    131, 62.338462,   16
train,    132, 62.338462,   16
train,    133, 62.338462,   16
train,    134, -27.236538,   41
train,    135, 62.338462,   16
train,    136, 62.338462,   16
train,    137, 62.338462,   16
train,    138, -27.336538,   39
train,    139, 62.338462,   16
train,    140, 62.338462,   16
train,    141, 62.338462,   16
train,    142, 62.338462,   16
train,    143, 62.338462,   16
train,    144, 62.338462,   16
train,    145, 25.413462,   90
train,    146, 62.073077,   16
train,    147, -45.765385,    6
train,    148, 62.338462,   16
train,    149, 62.338462,   16
train,    150, 62.338462,   16
train,    151, 62.338462,   16
train,    152, 62.338462,   16
train,    153, -48.078846,    3
train,    154, 62.073077,   16
train,    155, -27.136538,   43
train,    156, -25.148077,   38
train,    157, -27.336538,   39
train,    158, 25.413462,   90
train,    159, -48.078846,    3
train,    160, -27.086538,   44
train,    161, 62.338462,   16
train,    162, 62.338462,   16
train,    163, 62.338462,   16
train,    164, -41.909615,   11
train,    165, 62.338462,   16
train,    166, -44.223077,    8
train,    167, 25.413462,   90
train,    168, 62.338462,   16
train,    169, 62.338462,   16
train,    170, 62.338462,   16
train,    171, 25.413462,   90
train,    172, 62.338462,   16
train,    173, 62.338462,   16
train,    174, 62.338462,   16
train,    175, 62.338462,   16
train,    176, 62.338462,   16
train,    177, 62.338462,   16
train,    178, -44.223077,    8
train,    179, -42.680769,   10
train,    180, -27.286538,   40
train,    181, 62.338462,   16
train,    182, 25.413462,   90
train,    183, -44.223077,    8
train,    184, 25.413462,   90
train,    185, 62.338462,   16
train,    186, -44.223077,    8
train,    187, 62.338462,   16
train,    188, -27.336538,   39
train,    189, 25.413462,   90
train,    190, -41.909615,   11
train,    191, 25.413462,   90
train,    192, 25.413462,   90
train,    193, -48.607692,    3
train,    194, 62.338462,   16
train,    195, -44.994231,    7
train,    196, -44.994231,    7
train,    197, -48.078846,    3
train,    198, 62.338462,   16
train,    199, -42.680769,   10
val_save, 199,   48.221154,    22.9000
val,      199,   48.221154,    22.9000
train,    200, -45.765385,    6
train,    201, -27.386538,   38
train,    202, 62.338462,   16
train,    203, 62.338462,   16
train,    204, -44.994231,    7
train,    205, 25.148077,   90
train,    206, -41.909615,   11
train,    207, 24.396795,   90
train,    208, 62.073077,   16
train,    209, -45.765385,    6
train,    210, 62.073077,   16
train,    211, 62.338462,   16
train,    212, 13.563462,   90
train,    213, 61.407692,   16
train,    214, -42.175000,   11
train,    215, 62.338462,   16
train,    216, 62.338462,   16
train,    217, 62.338462,   16
train,    218, -45.765385,    6
train,    219, -27.336538,   39
train,    220, 62.073077,   16
train,    221, 24.463462,   90
train,    222, 24.913462,   90
train,    223, 62.073077,   16
train,    224, 25.413462,   90
train,    225, 62.073077,   16
train,    226, -48.078846,    3
train,    227, -45.815385,    5
train,    228, -48.607692,    3
train,    229, -44.336538,    7
train,    230, -48.192308,    2
train,    231, -48.521154,    2
train,    232, 60.342308,   10
train,    233, -48.192308,    2
train,    234, 59.571154,    9
train,    235, 59.571154,    9
train,    236, -34.550000,   15
train,    237, -48.192308,    2
train,    238, 59.634615,    9
train,    239, 59.900000,    9
train,    240, -48.192308,    2
train,    241, 59.900000,    9
train,    242, -48.192308,    2
train,    243, 59.634615,    9
train,    244, -48.192308,    2
train,    245, -48.192308,    2
train,    246, 59.900000,    9
train,    247, 59.900000,    9
train,    248, -48.192308,    2
train,    249, 59.900000,    9
train,    250, -48.192308,    2
train,    251, -48.192308,    2
train,    252, 60.013462,   10
train,    253, 59.305769,    9
train,    254, -48.521154,    2
train,    255, 59.634615,    9
train,    256, 59.900000,    9
train,    257, -48.457692,    2
train,    258, -48.192308,    2
train,    259, -44.386538,    6
train,    260, 59.634615,    9
train,    261, -48.521154,    2
train,    262, -48.192308,    2
train,    263, 61.176923,   11
train,    264, 59.571154,    9
train,    265, 59.900000,    9
train,    266, -48.192308,    2
train,    267, 60.190385,   11
train,    268, -43.350000,    7
train,    269, -48.078846,    3
train,    270, 61.340385,   13
train,    271, -48.192308,    2
train,    272, -43.236538,    8
train,    273, 59.571154,    9
train,    274, 60.961538,   12
train,    275, 62.996154,   16
train,    276, -44.121154,    6
train,    277, 62.338462,   16
train,    278, 59.900000,    9
train,    279, 62.542308,   12
train,    280, 62.553846,   15
train,    281, 59.900000,    9
train,    282, -46.373077,    5
train,    283, -48.192308,    2
train,    284, 59.853846,   11
train,    285, 58.750641,   10
train,    286, 60.218590,   12
train,    287, -45.255128,    6
train,    288, -43.615385,    7
train,    289, -28.664744,   65
train,    290, 58.241667,    9
train,    291, -49.675000,    3
train,    292, -48.414103,    8
train,    293, 55.619231,   16
train,    294, 57.216667,   16
train,    295, -44.248718,   12
train,    296, -46.950000,    8
train,    297, 13.385256,   90
train,    298, 56.351282,   16
train,    299, 56.124359,   14
val,      299,   3.847821,    17.5000
train,    300, 57.150000,   16
train,    301, 25.968590,   90
train,    302, -46.373077,    5
train,    303, -48.521154,    2
train,    304, 59.305769,    9
train,    305, -48.192308,    2
train,    306, 59.900000,    9
train,    307, -48.521154,    2
train,    308, 59.305769,    9
train,    309, -48.521154,    2
train,    310, -48.192308,    2
train,    311, -43.286538,    7
train,    312, 60.342308,   10
train,    313, 59.571154,    9
train,    314, -47.750000,    3
train,    315, -46.550000,    4
train,    316, -48.521154,    2
train,    317, 59.571154,    9
train,    318, 59.900000,    9
train,    319, -48.192308,    2
train,    320, 59.900000,    9
train,    321, -48.521154,    2
train,    322, 59.571154,    9
train,    323, 59.634615,    9
train,    324, 59.900000,    9
train,    325, -47.686538,    3
train,    326, 58.985256,   11
train,    327, 59.900000,    9
train,    328, 58.969231,    9
train,    329, 58.437179,    9
train,    330, 59.052564,   14
train,    331, -43.792308,    6
train,    332, -48.192308,    2
train,    333, -46.971795,    5
train,    334, 59.305769,    9
train,    335, -44.746154,    7
train,    336, -48.015385,    3
train,    337, -48.192308,    2
train,    338, 58.308333,    9
train,    339, 57.576282,    9
train,    340, -48.192308,    2
train,    341, 59.411538,   10
train,    342, -44.660256,    9
train,    343, -48.192308,    2
train,    344, 60.342308,   10
train,    345, 59.900000,    9
train,    346, 58.175000,    9
train,    347, -46.586538,    4
train,    348, 59.634615,    9
train,    349, -48.192308,    2
train,    350, -48.192308,    2
train,    351, 59.979487,   11
train,    352, -48.521154,    2
train,    353, 58.907051,    9
train,    354, -48.192308,    2
train,    355, 58.480769,   10
train,    356, 61.176923,   11
train,    357, 59.305769,    9
train,    358, -48.457692,    2
train,    359, -48.192308,    2
train,    360, -48.521154,    2
train,    361, -40.644231,   10
train,    362, 59.900000,    9
train,    363, -48.192308,    2
train,    364, 59.571154,    9
train,    365, -43.975000,    8
train,    366, -44.170513,    8
train,    367, -48.192308,    2
train,    368, -47.038462,    5
train,    369, 59.102564,    9
train,    370, -48.192308,    2
train,    371, -44.386538,    6
train,    372, -48.192308,    2
train,    373, 59.302564,    9
train,    374, 59.634615,    9
train,    375, 59.634615,    9
train,    376, -48.521154,    2
train,    377, -47.092308,    3
train,    378, 59.900000,    9
train,    379, -44.386538,    6
train,    380, -48.192308,    2
train,    381, -40.315385,   10
train,    382, -48.015385,    3
train,    383, 59.900000,    9
train,    384, 61.146154,   12
train,    385, -46.280769,    5
train,    386, -46.321154,    4
train,    387, 58.969231,    9
train,    388, -43.350000,    7
train,    389, -43.615385,    7
train,    390, -43.792308,    6
train,    391, 59.571154,    9
train,    392, 60.342308,   10
train,    393, 59.900000,    9
train,    394, -48.521154,    2
train,    395, 60.429487,   12
train,    396, 60.076923,   10
train,    397, 59.900000,    9
train,    398, -48.192308,    2
train,    399, 59.305769,    9
val,      399,   27.472308,     6.9000
train,    400, -42.692308,    7
train,    401, -48.192308,    2
train,    402, -48.192308,    2
train,    403, -48.192308,    2
train,    404, 59.305769,    9
train,    405, 59.900000,    9
train,    406, -48.457692,    2
train,    407, 58.812821,   10
train,    408, 61.176923,   11
train,    409, -48.521154,    2
train,    410, -43.350000,    7
train,    411, 59.900000,    9
train,    412, -48.457692,    2
train,    413, -44.778846,    6
train,    414, -46.107692,    5
train,    415, 59.416026,   10
train,    416, 59.634615,    9
train,    417, -48.192308,    2
train,    418, -43.615385,    7
train,    419, -48.192308,    2
train,    420, 60.342308,   10
train,    421, 59.571154,    9
train,    422, 59.748077,   10
train,    423, -48.457692,    2
train,    424, 59.900000,    9
train,    425, 59.305769,    9
train,    426, 59.634615,    9
train,    427, 61.442308,   11
train,    428, 59.634615,    9
train,    429, 60.519231,   11
train,    430, 59.634615,    9
train,    431, -45.709615,    6
train,    432, -46.135897,    7
train,    433, 59.235897,    9
train,    434, -45.044231,    6
train,    435, 58.973718,    9
train,    436, 62.542308,   12
train,    437, 60.519231,   11
train,    438, -48.015385,    3
train,    439, -48.192308,    2
train,    440, -48.457692,    2
train,    441, -48.192308,    2
train,    442, 61.282692,   12
train,    443, -45.267308,    7
train,    444, -45.550000,    5
train,    445, 59.588462,   11
train,    446, -44.542949,    7
train,    447, 59.634615,    9
train,    448, -45.373077,    6
train,    449, -44.336538,    7
train,    450, -45.815385,    5
train,    451, -43.678846,    7
train,    452, -46.347436,    5
train,    453, -46.144231,    5
train,    454, 60.092949,   12
train,    455, 59.748077,   10
train,    456, 59.305769,    9
train,    457, 60.382692,   11
train,    458, -46.650000,    4
train,    459, 59.748077,   10
train,    460, 59.744872,   10
train,    461, -48.521154,    2
train,    462, -48.192308,    2
train,    463, 60.342308,   10
train,    464, -46.144231,    5
train,    465, 59.326282,   11
train,    466, -45.550000,    5
train,    467, -45.107692,    6
train,    468, 59.900000,    9
train,    469, -43.944231,    7
train,    470, -45.799359,    7
train,    471, -48.078846,    3
train,    472, -43.615385,    7
train,    473, 59.571154,    9
train,    474, -45.390385,    8
train,    475, 60.076923,   10
train,    476, 59.235897,    9
train,    477, 59.655128,   11
train,    478, -47.341667,    5
train,    479, 61.113462,   11
train,    480, -40.378846,   10
train,    481, -46.357692,    5
train,    482, 61.948077,   12
train,    483, -44.190385,    9
train,    484, -45.200641,    7
train,    485, -43.350000,    7
train,    486, -48.457692,    2
train,    487, -48.192308,    2
train,    488, 59.216026,   10
train,    489, 59.305769,    9
train,    490, 59.900000,    9
train,    491, 59.634615,    9
train,    492, -41.571795,   10
train,    493, 62.276923,   12
train,    494, -44.778846,    6
train,    495, -46.323718,    7
train,    496, 60.190385,   11
train,    497, -45.866026,    7
train,    498, 59.634615,    9
train,    499, 60.625000,   12
val,      499,   39.813077,    10.4000
train,    500, -46.742949,    5
train,    501, 58.417308,   10
train,    502, 59.571154,    9
train,    503, -43.286538,    7
train,    504, -48.344231,    3
train,    505, -45.373077,    6
train,    506, -48.032692,    5
train,    507, 58.969231,    9
train,    508, -44.386538,    6
train,    509, 59.634615,    9
train,    510, -39.438462,   12
train,    511, 58.570513,    9
train,    512, -45.044231,    6
train,    513, -48.786538,    2
train,    514, -40.201923,   11
train,    515, -46.650000,    4
train,    516, -48.344231,    3
train,    517, -45.223718,    8
train,    518, -43.173077,    8
train,    519, -46.144231,    5
train,    520, -45.815385,    5
train,    521, 58.550641,   10
train,    522, 59.305769,    9
train,    523, -47.369231,    6
train,    524, 59.478205,   10
train,    525, -48.192308,    2
train,    526, -48.192308,    2
train,    527, 59.748077,   10
train,    528, 60.010897,   13
train,    529, -42.730769,    9
train,    530, 60.342308,   10
train,    531, -45.799359,    7
train,    532, -48.015385,    3
train,    533, -45.878846,    5
train,    534, 59.392949,   11
train,    535, -39.215385,   11
train,    536, -45.587821,    9
train,    537, -48.457692,    2
train,    538, -43.928205,    9
train,    539, 57.662179,   11
train,    540, -46.144231,    5
train,    541, 60.488462,   12
train,    542, -45.067308,    7
train,    543, -46.637179,    6
train,    544, 39.673077,   90
train,    545, -46.650000,    4
train,    546, 59.858333,   11
train,    547, 60.519231,   11
train,    548, 60.076923,   10
train,    549, -45.273077,    6
train,    550, 61.176923,   11
train,    551, -45.509615,    6
train,    552, -48.457692,    2
train,    553, 58.926282,   11
train,    554, 60.519231,   11
train,    555, -43.388462,    9
train,    556, 59.748077,   10
train,    557, 58.965385,   12
train,    558, 59.591667,   11
train,    559, 58.609615,   11
train,    560, -40.201923,   11
train,    561, -43.442949,    8
train,    562, -45.044231,    6
train,    563, -44.299359,    8
train,    564, 60.076923,   10
train,    565, 59.634615,    9
train,    566, -46.650000,    4
train,    567, -47.447436,    4
train,    568, 59.634615,    9
train,    569, 57.428846,   11
train,    570, -44.778846,    6
train,    571, 59.634615,    9
train,    572, -44.323718,    9
train,    573, -45.709615,    6
train,    574, 59.216026,   10
train,    575, -45.373077,    6
train,    576, 60.076923,   10
train,    577, -45.200641,    7
train,    578, 59.571154,    9
train,    579, -46.038462,    6
train,    580, -43.751923,    7
train,    581, 58.066667,   12
train,    582, -47.803846,    5
train,    583, 59.634615,    9
train,    584, -46.144231,    5
train,    585, 59.571154,    9
train,    586, -44.778846,    6
train,    587, 57.619231,    8
train,    588, -47.750000,    3
train,    589, 57.616667,   12
train,    590, -48.179487,    4
train,    591, -46.432692,    7
train,    592, -44.601923,    7
train,    593, 60.190385,   11
train,    594, -45.905128,    6
train,    595, -43.615385,    7
train,    596, 40.820513,   90
train,    597, 61.555769,   12
train,    598, -46.640385,    7
train,    599, 58.926282,   11
val,      599,   18.221731,     8.7000
train,    600, -40.032692,   12
train,    601, -24.303846,   58
train,    602, -45.932692,    7
train,    603, 59.482692,   10
train,    604, 57.893590,   13
train,    605, -47.467308,    5
train,    606, 59.110897,   18
train,    607, -44.832692,    8
train,    608, 56.340385,   12
train,    609, 57.885256,   10
train,    610, 56.484615,   11
train,    611, 58.378205,    9
train,    612, 38.424359,   90
train,    613, -42.446795,   12
train,    614, -46.182692,    7
train,    615, 59.051923,   12
train,    616, 59.748077,   10
train,    617, -43.678846,    7
train,    618, 58.992949,   11
train,    619, 58.707051,    9
train,    620, 57.533333,   11
train,    621, 56.140385,   12
train,    622, -45.259615,    7
train,    623, -44.985256,    6
train,    624, 58.962179,   13
train,    625, -44.496154,    8
train,    626, 58.915385,   12
train,    627, 57.267949,   12
train,    628, 57.388462,    9
train,    629, 58.723077,   11
train,    630, 59.082692,   10
train,    631, -45.298077,    8
train,    632, 57.572436,   12
train,    633, 59.149359,   10
train,    634, 58.230128,   13
train,    635, 56.378205,   12
train,    636, 60.519231,   11
train,    637, -48.930769,    3
train,    638, 58.859615,   11
train,    639, -44.151282,   10
train,    640, 58.597436,   11
train,    641, -47.367949,    7
train,    642, -47.999359,    5
train,    643, -45.642949,    6
train,    644, 57.843590,   13
train,    645, -48.078846,    3
train,    646, -47.400641,    5
train,    647, -45.251282,    9
train,    648, 59.368590,   12
train,    649, -48.664103,    8
train,    650, 57.255769,   12
train,    651, 57.882051,   11
train,    652, -47.525641,    7
train,    653, 58.450000,   12
train,    654, -44.768590,   12
train,    655, 57.712821,    9
train,    656, -48.249359,    5
train,    657, 58.836538,   12
train,    658, 57.310256,   12
train,    659, 58.217949,   13
train,    660, -45.105769,    9
train,    661, 59.624359,   19
train,    662, -43.525000,    9
train,    663, -46.629487,    6
train,    664, 59.877564,   13
train,    665, -45.591026,   10
train,    666, -46.160256,    8
train,    667, 60.407051,   16
train,    668, 58.617308,   10
train,    669, 61.549359,   12
train,    670, -47.055769,    7
train,    671, -48.015385,    3
train,    672, -48.171154,    7
train,    673, 58.007051,   14
train,    674, -47.447436,    4
train,    675, 59.787821,   14
train,    676, 57.568590,   10
train,    677, -32.442949,   29
train,    678, -44.879487,    7
train,    679, -48.249359,    5
train,    680, -44.846154,    8
train,    681, 59.119231,   15
train,    682, -42.401923,    9
train,    683, -48.344231,    3
train,    684, -43.646154,    9
train,    685, -46.233333,    9
train,    686, 59.877564,   13
train,    687, -42.707051,   11
train,    688, 61.176923,   11
train,    689, 57.025000,   14
train,    690, -44.601923,    7
train,    691, -46.676282,    5
train,    692, -43.485897,   10
train,    693, -46.801923,    5
train,    694, 59.082692,   10
train,    695, -43.615385,    7
train,    696, 60.003205,   14
train,    697, 58.555769,   14
train,    698, -48.143590,    6
train,    699, 57.895513,   13
val,      699,   6.109231,    19.5000
train,    700, -46.175000,    7
train,    701, -44.362821,    8
train,    702, 56.118590,   15
train,    703, 58.586538,   12
train,    704, 59.643590,   15
train,    705, 59.157692,   13
train,    706, -46.734615,    8
train,    707, -45.478205,    7
train,    708, -33.389103,   22
train,    709, -45.858333,    7
train,    710, -45.153846,    8
train,    711, -41.846154,   11
train,    712, 59.337821,   14
train,    713, 59.478205,   10
train,    714, 59.271154,   14
train,    715, 60.982051,   14
train,    716, 57.408333,   14
train,    717, -47.583333,    8
train,    718, -42.953846,   10
train,    719, 60.253205,   14
train,    720, 60.961538,   12
train,    721, -44.488462,    8
train,    722, 58.832692,   10
train,    723, -48.078846,    3
train,    724, -41.798077,   12
train,    725, -45.153846,    8
train,    726, 59.455769,   14
train,    727, 60.276923,   16
train,    728, 60.746154,   13
train,    729, -44.601923,    7
train,    730, -43.478205,   10
train,    731, 60.961538,   12
train,    732, 60.446154,   17
train,    733, 58.832692,   10
train,    734, -42.707051,   11
train,    735, -45.020513,    8
train,    736, -42.953846,   10
train,    737, -49.048077,    5
train,    738, -46.840385,    7
train,    739, 57.483974,   15
train,    740, -46.002564,    8
train,    741, -38.811538,   14
train,    742, -41.421795,   15
train,    743, 59.960256,   16
train,    744, 59.748077,   10
train,    745, -48.078846,    3
train,    746, 59.411538,   16
train,    747, -33.969231,   19
train,    748, 58.188462,   16
train,    749, 58.117308,   15
train,    750, -44.151282,   10
train,    751, 58.926282,   11
train,    752, 60.363462,   15
train,    753, -47.361538,    6
train,    754, -47.255769,    7
train,    755, 58.657051,   14
train,    756, 59.216026,   10
train,    757, -44.223077,    8
train,    758, -36.430769,   19
train,    759, -46.950000,    8
train,    760, -34.027564,   21
train,    761, 59.587821,   14
train,    762, 58.406410,   16
train,    763, -44.323718,    9
train,    764, 59.611538,   16
train,    765, 59.940385,   16
train,    766, -20.798718,   63
train,    767, -47.016667,    8
train,    768, 61.491026,   21
train,    769, 56.140385,   17
train,    770, -47.854487,    7
train,    771, -48.875641,    6
train,    772, -47.787821,    7
train,    773, 57.882051,   16
train,    774, 57.748718,   16
train,    775, -47.196795,    7
train,    776, -48.607692,    3
train,    777, -46.217949,    8
train,    778, 37.105769,   90
train,    779, -47.200000,    8
train,    780, 59.960256,   15
train,    781, -43.055128,   14
train,    782, 35.819231,   90
train,    783, 58.296154,   15
train,    784, 58.257051,   14
train,    785, -47.189103,    7
train,    786, -47.622436,    7
train,    787, 58.547436,   16
train,    788, 68.197436,   33
train,    789, -47.960256,    6
train,    790, 59.232692,   15
train,    791, -47.083333,    8
train,    792, -46.871795,   10
train,    793, 59.603846,   16
train,    794, -31.803205,   33
train,    795, 58.143590,   13
train,    796, 60.210256,   16
train,    797, -48.586538,    7
train,    798, 58.406410,   16
train,    799, 58.414103,   16
val,      799,   17.400192,    16.7000
train,    800, -49.251923,    7
train,    801, 58.362821,   15
train,    802, 59.138462,   16
train,    803, 34.046154,   90
train,    804, -45.551923,   11
train,    805, -45.133974,    7
train,    806, 59.893590,   15
train,    807, -27.541026,   46
train,    808, 56.900000,   16
train,    809, -49.357692,    6
train,    810, -45.368590,   11
train,    811, 59.212821,   16
train,    812, 59.012821,   16
train,    813, -47.121795,   10
train,    814, -24.966667,   51
train,    815, 60.210256,   16
train,    816, -47.122436,    7
train,    817, -45.587821,    9
train,    818, 58.147436,   16
train,    819, -46.284615,    8
train,    820, 38.059615,   90
train,    821, 59.411538,   16
train,    822, 59.811538,   16
train,    823, -48.625641,    6
train,    824, -46.632692,   11
train,    825, -46.030769,    6
train,    826, -48.026923,    6
train,    827, -15.985897,   87
train,    828, -24.167949,   52
train,    829, 58.896154,   16
train,    830, 58.230769,   16
train,    831, 58.594872,   15
train,    832, -15.030128,   84
train,    833, -49.009615,    3
train,    834, 57.748718,   16
train,    835, 58.812821,   16
train,    836, 61.008974,   16
train,    837, -46.950000,    8
train,    838, 58.614103,   16
train,    839, -37.019872,   35
train,    840, 32.610897,   90
train,    841, -45.541026,   10
train,    842, 57.407692,   16
train,    843, -45.967308,   11
train,    844, 59.611538,   16
train,    845, -48.519872,    7
train,    846, -47.787821,    7
train,    847, 58.879487,   16
train,    848, -47.294872,    6
train,    849, 57.682051,   16
train,    850, 60.050000,   14
train,    851, -47.016667,    8
train,    852, 61.142308,   16
train,    853, -43.904487,   11
train,    854, -24.245513,   55
train,    855, -44.464103,   12
train,    856, 56.829487,   13
train,    857, -47.016667,    8
train,    858, 56.883333,   16
train,    859, 59.544872,   16
train,    860, 57.548718,   16
train,    861, -48.625641,    6
train,    862, 59.544872,   16
train,    863, 59.212821,   16
train,    864, -44.503205,   11
train,    865, 58.147436,   16
train,    866, 57.548718,   16
train,    867, -25.693590,   47
train,    868, -22.680128,   55
train,    869, -27.057692,   47
train,    870, -47.854487,    7
train,    871, -24.109615,   56
train,    872, -44.464103,   12
train,    873, 57.115385,   16
train,    874, 59.611538,   16
train,    875, -44.503205,   11
train,    876, -47.748718,    8
train,    877, 57.216667,   16
train,    878, 58.280769,   16
train,    879, -15.958333,   90
train,    880, 20.107051,   90
train,    881, -49.675000,    3
train,    882, 58.812821,   16
train,    883, -48.026923,    6
train,    884, 57.682051,   16
train,    885, 58.414103,   16
train,    886, -43.971154,   11
train,    887, -48.519872,    7
train,    888, -48.625641,    6
train,    889, -47.055769,    7
train,    890, 29.590385,   90
train,    891, 58.812821,   16
train,    892, 60.410256,   16
train,    893, 55.619231,   16
train,    894, -47.361538,    6
train,    895, 57.615385,   16
train,    896, 59.212821,   16
train,    897, -47.787821,    7
train,    898, 61.208974,   16
train,    899, 56.417949,   16
val,      899,   -11.409744,    19.7000
train,    900, 58.946154,   16
train,    901, -48.942949,    3
train,    902, -2.832692,   90
train,    903, 55.901282,   15
train,    904, -48.625641,    6
train,    905, 58.080769,   16
train,    906, 57.482051,   16
train,    907, -44.397436,   12
train,    908, 58.879487,   16
train,    909, 56.900000,   16
train,    910, 60.343590,   16
train,    911, 59.212821,   16
train,    912, 57.482051,   16
train,    913, -44.436538,   11
train,    914, 15.601923,   90
train,    915, -45.474359,   10
train,    916, 55.020513,   16
train,    917, 57.682051,   16
train,    918, 57.948718,   16
train,    919, 55.302564,   16
train,    920, 22.294231,   90
train,    921, -48.026923,    6
train,    922, 56.234615,   16
train,    923, 55.302564,   16
train,    924, 54.288462,   16
train,    925, -3.978846,   90
train,    926, -49.675000,    3
train,    927, -46.150641,   11
train,    928, -48.664103,    8
train,    929, 55.608333,   17
train,    930, -49.675000,    3
train,    931, 55.836538,   15
train,    932, 54.770513,   16
train,    933, -38.716026,   39
train,    934, -46.699359,   11
train,    935, -48.414103,    8
train,    936, 58.614103,   16
train,    937, 11.304487,   90
train,    938, 57.682051,   16
train,    939, -48.202564,   10
train,    940, 55.020513,   16
train,    941, 54.221795,   16
train,    942, 56.351282,   16
train,    943, 55.685897,   16
train,    944, -48.202564,   10
train,    945, -35.041667,   39
train,    946, 24.729487,   90
train,    947, 58.214103,   16
train,    948, 59.544872,   16
train,    949, -49.251923,    7
train,    950, 57.682051,   16
train,    951, 57.150000,   16
train,    952, -49.251923,    7
train,    953, -28.625000,   87
train,    954, 58.879487,   16
train,    955, -22.110897,   76
train,    956, -34.992949,   45
train,    957, 54.270513,   16
train,    958, 54.770513,   16
train,    959, -49.675000,    3
train,    960, -29.562821,   36
train,    961, 28.858333,   90
train,    962, 59.146154,   16
train,    963, 60.276923,   16
train,    964, -47.537179,   10
train,    965, 58.500641,   15
train,    966, 57.682051,   16
train,    967, 55.534615,   16
train,    968, -47.893590,    6
train,    969, -27.504487,   50
train,    970, -32.109615,   44
train,    971, 57.815385,   16
train,    972, 56.351282,   16
train,    973, 56.766667,   16
train,    974, -47.682051,    8
train,    975, -35.036538,   39
train,    976, 60.276923,   16
train,    977, 60.543590,   16
train,    978, -34.390385,   39
train,    979, -48.942949,    3
train,    980, 59.385256,   17
train,    981, 34.506410,   90
train,    982, 59.694872,   16
train,    983, 61.075641,   16
train,    984, -44.037821,   11
train,    985, -48.344231,    3
train,    986, 15.364744,   90
train,    987, -48.344231,    3
train,    988, -42.707051,   11
train,    989, -39.618590,   35
train,    990, 58.896154,   16
train,    991, 59.678205,   16
train,    992, -32.451282,   35
train,    993, 60.011538,   16
train,    994, 60.093590,   16
train,    995, 57.815385,   16
train,    996, 25.564744,   90
train,    997, -46.467949,    8
train,    998, -24.047436,   57
train,    999, 59.611538,   16
val,      999,   -0.132179,    14.7000
train,    1000, -48.078846,    3
train,    1001, -23.400641,   55
train,    1002, 62.073077,   16
train,    1003, -17.100641,   65
train,    1004, -48.078846,    3
train,    1005, 60.276923,   16
train,    1006, 60.210256,   16
train,    1007, -22.659615,   50
train,    1008, 62.073077,   16
train,    1009, -29.646795,   39
train,    1010, -48.078846,    3
train,    1011, -31.234615,   35
train,    1012, 61.541026,   16
train,    1013, 61.407692,   16
train,    1014, -48.078846,    3
train,    1015, -24.248077,   76
train,    1016, 16.790385,   90
train,    1017, 61.407692,   16
train,    1018, -45.765385,    6
train,    1019, 62.338462,   16
train,    1020, -32.266667,   39
train,    1021, 62.338462,   16
train,    1022, -43.451923,    9
train,    1023, -44.488462,    8
train,    1024, 60.410256,   16
train,    1025, 61.674359,   16
train,    1026, -48.078846,    3
train,    1027, 60.476923,   16
train,    1028, -30.185897,   35
train,    1029, 62.338462,   16
train,    1030, -48.078846,    3
train,    1031, 62.073077,   16
train,    1032, 61.407692,   16
train,    1033, 62.073077,   16
train,    1034, 22.133974,   90
train,    1035, 60.676923,   16
train,    1036, 62.338462,   16
train,    1037, -48.078846,    3
train,    1038, 43.159615,   90
train,    1039, 61.674359,   16
train,    1040, 60.742308,   16
train,    1041, 40.151282,   90
train,    1042, 62.338462,   16
train,    1043, 39.391026,   90
train,    1044, -44.994231,    7
train,    1045, -40.522436,   21
train,    1046, 36.951282,   90
train,    1047, 38.742949,   90
train,    1048, 39.403846,   90
train,    1049, 40.465385,   90
train,    1050, -48.078846,    3
train,    1051, 4.667308,   90
train,    1052, -48.078846,    3
train,    1053, 44.716667,   90
train,    1054, -44.223077,    8
train,    1055, 61.474359,   16
train,    1056, -44.994231,    7
train,    1057, 62.338462,   16
train,    1058, 60.539103,   16
train,    1059, -45.765385,    6
train,    1060, -44.223077,    8
train,    1061, 61.807692,   16
train,    1062, 60.410256,   16
train,    1063, -14.115385,   73
train,    1064, 62.073077,   16
train,    1065, 40.251923,   90
train,    1066, 60.276923,   16
train,    1067, -45.765385,    6
train,    1068, 40.200000,   90
train,    1069, -41.909615,   11
train,    1070, 58.147436,   16
train,    1071, 60.276923,   16
train,    1072, -44.942308,   10
train,    1073, 36.873718,   90
train,    1074, -48.078846,    3
train,    1075, -48.078846,    3
train,    1076, 32.903846,   90
train,    1077, 25.216026,   90
train,    1078, 30.571154,   90
train,    1079, -43.389103,   22
train,    1080, -37.523077,   26
train,    1081, -43.239103,   11
train,    1082, 10.477564,   90
train,    1083, -25.937179,   48
train,    1084, -45.619231,    8
train,    1085, 62.401923,   16
train,    1086, -44.819872,   11
train,    1087, 60.410256,   16
train,    1088, -46.629487,    6
train,    1089, 59.764744,   15
train,    1090, 58.962821,   16
train,    1091, 61.600000,   16
train,    1092, 60.207051,   16
train,    1093, 60.692308,   15
train,    1094, -35.514744,   23
train,    1095, 59.228205,   16
train,    1096, -45.348718,   10
train,    1097, 60.539103,   16
train,    1098, 58.716026,   15
train,    1099, 56.992949,   14
val,      1099,   16.964551,    13.2000
train,    1100, 58.323718,   14
train,    1101, -47.055769,    7
train,    1102, -43.990385,    9
train,    1103, 59.032692,   15
train,    1104, 59.541026,   13
train,    1105, 59.025000,   16
train,    1106, -41.828846,   13
train,    1107, 58.312821,   15
train,    1108, -49.675000,    3
train,    1109, 59.537821,   14
train,    1110, 60.050000,   14
train,    1111, -42.753846,   10
train,    1112, 59.635897,   16
train,    1113, -37.034615,   17
train,    1114, 59.447436,   12
train,    1115, -45.925000,    7
train,    1116, 59.854487,   14
train,    1117, -44.769872,   12
train,    1118, 40.425641,   90
train,    1119, -44.488462,    8
train,    1120, -46.030769,    6
train,    1121, -48.344231,    3
train,    1122, -35.575000,   17
train,    1123, -32.004487,   23
train,    1124, -48.344231,    3
train,    1125, 58.108333,    9
train,    1126, -41.543590,   12
train,    1127, -23.086538,   46
train,    1128, 61.251923,   14
train,    1129, -48.078846,    3
train,    1130, 61.380769,   14
train,    1131, -48.344231,    3
train,    1132, 62.730769,   16
train,    1133, -46.144231,    5
train,    1134, 38.589744,   90
train,    1135, -40.038462,   13
train,    1136, 61.782692,   14
train,    1137, -42.023077,   10
train,    1138, 61.517308,   14
train,    1139, 60.289103,   16
train,    1140, 61.669231,   13
train,    1141, -42.794231,    9
train,    1142, -34.940385,   18
train,    1143, 59.149359,   10
train,    1144, -32.338462,   20
train,    1145, 58.394231,   11
train,    1146, 61.669231,   13
train,    1147, -35.903846,   17
train,    1148, 59.748077,   10
train,    1149, -36.409615,   16
train,    1150, 61.517308,   14
train,    1151, 61.846154,   14
train,    1152, 62.553846,   15
train,    1153, -46.650000,    4
train,    1154, -44.354487,   11
train,    1155, 61.403846,   13
train,    1156, 60.923077,   14
train,    1157, 61.959615,   15
train,    1158, -42.794231,    9
train,    1159, -35.575000,   17
train,    1160, 60.985256,   14
train,    1161, -7.282692,   84
train,    1162, 61.226923,   12
train,    1163, -39.919231,   13
train,    1164, 62.553846,   15
train,    1165, 60.148077,   12
train,    1166, -41.909615,   11
train,    1167, 61.782692,   14
train,    1168, -43.350000,    7
train,    1169, -46.107692,    5
train,    1170, -45.259615,    7
train,    1171, 59.748077,   10
train,    1172, 62.996154,   16
train,    1173, -34.209615,   18
train,    1174, -45.550000,    5
train,    1175, -44.223077,    8
train,    1176, -48.078846,    3
train,    1177, 60.455769,   11
train,    1178, -44.007692,    7
train,    1179, -48.078846,    3
train,    1180, 60.013462,   10
train,    1181, 60.013462,   10
train,    1182, -41.909615,   11
train,    1183, -42.794231,    9
train,    1184, -42.023077,   10
train,    1185, 60.961538,   12
train,    1186, -42.794231,    9
train,    1187, 61.340385,   13
train,    1188, 61.226923,   12
train,    1189, 60.455769,   11
train,    1190, -48.078846,    3
train,    1191, 62.667308,   16
train,    1192, -44.336538,    7
train,    1193, 60.342308,   10
train,    1194, 60.013462,   10
train,    1195, 60.455769,   11
train,    1196, -46.650000,    4
train,    1197, -39.607692,   11
train,    1198, -43.350000,    7
train,    1199, -45.765385,    6
val,      1199,   -12.622500,     8.6000
train,    1200, -40.378846,   10
train,    1201, 62.542308,   12
train,    1202, 60.342308,   10
train,    1203, -48.078846,    3
train,    1204, -42.794231,    9
train,    1205, -44.994231,    7
train,    1206, -44.778846,    6
train,    1207, 62.338462,   16
train,    1208, -29.182692,   27
train,    1209, -31.125000,   22
train,    1210, -42.794231,    9
train,    1211, 61.669231,   13
train,    1212, -41.909615,   11
train,    1213, -47.750000,    3
train,    1214, -44.336538,    7
train,    1215, -48.192308,    2
train,    1216, 60.076923,   10
train,    1217, 60.148077,   12
train,    1218, 60.455769,   11
train,    1219, -44.601923,    7
