init,     2026-04-13 16:19:45.378107
arguments,Namespace(PPO_epochs=4, adv_norm=1, alg='ppo', cuda=0, curriculum_clean_ratio=0.97, curriculum_entropy_decay=0.95, curriculum_mode='adaptive', curriculum_noise_step=0.003, curriculum_patience=4, entropy=0.22, entropy_min=0.1, eps_clip=0.12, gae_lambda=0.98, gamma=0.997, grad_clip=0.4, gymip_train_xml='inverted_pendulum_ChangeThk_0.050000.xml', hid_group_num=8, hid_group_size=8, hidden_num=64, ignore_checkpoint=True, lane_profile='auto', lr=0.00032, max_noise=0.015, mini_batch_size=224, model='rwtaspk', monitor_time=False, optimizer='rmsprop', rep=11, response_window=40, reward_scale=0.9, road_scenario='highway', rollout_steps=896, rwta_del_connection='none', seed=20084, snn_num_steps=15, task='gymip', thread=-1, traffic_level='dense', train_num=4800, warm_start_kind='none', warm_start_prefix='')
seed,     20084
model_dir,/root/autodl-tmp/SVPG2023/LANE/training_runs/ours/highway_dense/models
log_dir,  /root/autodl-tmp/SVPG2023/LANE/training_runs/ours/highway_dense/logs
profile,  lane auto-stabilize: lr->0.0005, gamma->0.995, PPO_epochs->4, eps_clip->0.15, rollout_steps->512, mini_batch_size->128, gae_lambda->0.97, grad_clip->0.5, curriculum_clean_ratio->0.8, max_noise->0.08, curriculum_noise_step->0.02, lr->0.00032, gamma->0.997, entropy->0.22, eps_clip->0.12, rollout_steps->896, mini_batch_size->224, gae_lambda->0.98, reward_scale->0.9, grad_clip->0.4, curriculum_clean_ratio->0.97, max_noise->0.015, curriculum_noise_step->0.003, curriculum_patience->3, curriculum_entropy_decay->0.94, curriculum_patience->4, curriculum_entropy_decay->0.95, train_num->4800
train,    1, 26.630504,   18, 1.00,    2, 0.000, 0.000, 0.220, 44
train,    2, 20.016798,   11, 1.00,    3, 0.000, 0.000, 0.220, 44
train,    3, 69.842138,   32, 1.00,    8, 0.000, 0.000, 0.220, 44
train,    4, 19.150336,   10, 1.00,    3, 0.000, 0.000, 0.220, 44
train,    5, 12.013734,    9, 1.00,    2, 0.000, 0.000, 0.220, 44
train,    6, 87.034675,   52, 1.00,   13, 0.000, 0.000, 0.220, 44
train,    7, 22.760041,   13, 1.00,    3, 0.000, 0.000, 0.220, 44
train,    8, 2.694306,    6, 1.00,    3, 0.000, 0.000, 0.220, 44
train,    9, 20.477468,   11, 1.00,    2, 0.000, 0.000, 0.220, 44
train,    10, 32.853058,   17, 1.00,    1, 0.000, 0.000, 0.220, 45
train,    11, 0.258362,    5, 1.00,    2, 0.000, 0.000, 0.220, 45
train,    12, 10.566886,    9, 1.00,    2, 0.000, 0.000, 0.220, 45
train,    13, 42.272793,   23, 1.00,    7, 0.000, 0.000, 0.220, 45
train,    14, 18.200240,    9, 1.00,    3, 0.000, 0.000, 0.220, 45
train,    15, 0.472054,    5, 1.00,    2, 0.000, 0.000, 0.220, 45
train,    16, 15.487900,   12, 1.00,    3, 0.000, 0.000, 0.220, 45
train,    17, 28.501439,   18, 1.00,    3, 0.000, 0.000, 0.220, 45
train,    18, 27.441422,   15, 1.00,    3, 0.000, 0.000, 0.220, 45
train,    19, 0.584442,    5, 1.00,    2, 0.000, 0.000, 0.220, 45
train,    20, -1.677185,    4, 1.00,    0, 0.000, 0.000, 0.220, 45
train,    21, 48.365780,   22, 1.00,    6, 0.000, 0.000, 0.220, 45
train,    22, 30.745158,   15, 1.00,    4, 0.000, 0.000, 0.220, 45
train,    23, 22.911530,   16, 1.00,    6, 0.000, 0.000, 0.220, 45
train,    24, 22.698635,   13, 1.00,    5, 0.000, 0.000, 0.220, 45
val_save, 24, 7.920636, 1.0000,   7.6000,   2.8000, 0.0000,  26.8036
val,      24, 7.920636, 1.0000,   7.6000,   2.8000, 0.0000,  26.8036
train,    25, 12.650413,    8, 1.00,    3, 0.000, 0.000, 0.220, 45
train,    26, 30.565746,   17, 1.00,    4, 0.000, 0.000, 0.220, 45
train,    27, -4.026621,    4, 1.00,    1, 0.000, 0.000, 0.220, 45
train,    28, 12.014003,   10, 1.00,    1, 0.000, 0.000, 0.220, 45
train,    29, 40.449226,   28, 1.00,    5, 0.000, 0.000, 0.220, 46
train,    30, 31.609382,   21, 1.00,    4, 0.000, 0.000, 0.220, 46
train,    31, 27.145611,   13, 1.00,    3, 0.000, 0.000, 0.220, 46
train,    32, 23.280187,   14, 1.00,    2, 0.000, 0.000, 0.220, 46
train,    33, 18.237149,   10, 1.00,    4, 0.000, 0.000, 0.220, 46
train,    34, -0.054532,    4, 1.00,    2, 0.000, 0.000, 0.220, 46
train,    35, 22.968314,   12, 1.00,    1, 0.000, 0.000, 0.220, 46
train,    36, 39.090745,   22, 1.00,    4, 0.000, 0.000, 0.220, 46
train,    37, 21.348411,   15, 1.00,    3, 0.000, 0.000, 0.220, 46
train,    38, 52.928712,   25, 1.00,    4, 0.000, 0.000, 0.220, 46
train,    39, 4.507011,    7, 1.00,    2, 0.000, 0.000, 0.220, 46
train,    40, 55.711547,   29, 1.00,    6, 0.000, 0.000, 0.220, 46
train,    41, 16.564570,   10, 1.00,    4, 0.000, 0.000, 0.220, 46
train,    42, 19.967933,   10, 1.00,    2, 0.000, 0.000, 0.220, 46
train,    43, -3.209162,    4, 1.00,    1, 0.000, 0.000, 0.220, 46
train,    44, 29.120682,   13, 1.00,    2, 0.000, 0.000, 0.220, 46
train,    45, 9.251517,    7, 1.00,    1, 0.000, 0.000, 0.220, 46
train,    46, 132.023528,   51, 1.00,   16, 0.000, 0.000, 0.220, 46
train,    47, 51.492798,   23, 1.00,    6, 0.000, 0.000, 0.220, 46
train,    48, -8.137554,    2, 1.00,    2, 0.000, 0.000, 0.220, 47
train,    49, 98.141667,   44, 1.00,   13, 0.000, 0.000, 0.220, 47
val_save, 49, 31.788041, 1.0000,  15.2000,   3.8000, 0.0000,  28.6577
val,      49, 31.788041, 1.0000,  15.2000,   3.8000, 0.0000,  28.6577
train,    50, 19.104259,   12, 1.00,    1, 0.000, 0.000, 0.220, 47
train,    51, 46.179255,   21, 1.00,    5, 0.000, 0.000, 0.220, 47
train,    52, 16.990110,   12, 1.00,    3, 0.000, 0.000, 0.220, 47
train,    53, 23.176003,   12, 1.00,    3, 0.000, 0.000, 0.220, 47
train,    54, 21.260659,   22, 1.00,    1, 0.000, 0.000, 0.220, 47
train,    55, 3.852590,    7, 1.00,    3, 0.000, 0.000, 0.220, 47
train,    56, 54.689325,   24, 1.00,    5, 0.000, 0.000, 0.220, 47
train,    57, 36.939224,   22, 1.00,    5, 0.000, 0.000, 0.220, 47
train,    58, 17.432617,   10, 1.00,    1, 0.000, 0.000, 0.220, 47
train,    59, 50.652156,   22, 1.00,    6, 0.000, 0.000, 0.220, 47
update,   59,    1,  917, 11.840038, 0.000000
train,    60, 15.028791,   13, 1.00,    6, 0.000, 0.000, 0.220, 47
train,    61, -7.356739,    2, 1.00,    2, 0.000, 0.000, 0.220, 47
train,    62, 3.416327,    5, 1.00,    2, 0.000, 0.000, 0.220, 47
train,    63, -4.298594,    3, 1.00,    1, 0.000, 0.000, 0.220, 47
train,    64, 9.250926,    8, 1.00,    1, 0.000, 0.000, 0.220, 47
train,    65, 12.487251,   15, 1.00,    1, 0.000, 0.000, 0.220, 47
train,    66, 4.928086,    6, 1.00,    2, 0.000, 0.000, 0.220, 47
train,    67, 9.898559,    7, 1.00,    1, 0.000, 0.000, 0.220, 48
train,    68, 0.358283,    5, 1.00,    1, 0.000, 0.000, 0.220, 48
train,    69, 55.273284,   31, 1.00,    8, 0.000, 0.000, 0.220, 48
train,    70, 71.447330,   30, 1.00,    5, 0.000, 0.000, 0.220, 48
train,    71, 49.057831,   23, 1.00,    7, 0.000, 0.000, 0.220, 48
train,    72, -7.271014,    2, 1.00,    2, 0.000, 0.000, 0.220, 48
train,    73, 15.534366,   13, 1.00,    4, 0.000, 0.000, 0.220, 48
train,    74, -0.290487,    5, 1.00,    1, 0.000, 0.000, 0.220, 48
val_save, 74, 31.336538, 1.0000,  16.4000,   4.6000, 0.0000,  27.3997
val,      74, 31.336538, 1.0000,  16.4000,   4.6000, 0.0000,  27.3997
train,    75, 33.506793,   19, 1.00,    7, 0.000, 0.000, 0.220, 48
train,    76, 13.503399,   15, 1.00,    4, 0.000, 0.000, 0.220, 48
train,    77, 5.519464,    8, 1.00,    1, 0.000, 0.000, 0.220, 48
train,    78, -7.287557,    2, 1.00,    2, 0.000, 0.000, 0.220, 48
train,    79, 1.861796,    5, 1.00,    2, 0.000, 0.000, 0.220, 48
train,    80, 44.063210,   31, 1.00,    4, 0.000, 0.000, 0.220, 48
train,    81, 56.293144,   25, 1.00,    4, 0.000, 0.000, 0.220, 48
train,    82, 65.065912,   29, 1.00,    7, 0.000, 0.000, 0.220, 48
train,    83, 11.416736,   10, 1.00,    3, 0.000, 0.000, 0.220, 48
train,    84, 20.853857,   10, 1.00,    4, 0.000, 0.000, 0.220, 48
train,    85, 69.246262,   35, 1.00,    7, 0.000, 0.000, 0.220, 48
train,    86, 26.782823,   20, 1.00,    4, 0.000, 0.000, 0.220, 49
train,    87, 161.706791,   67, 1.00,   17, 0.000, 0.000, 0.220, 49
train,    88, 4.622858,    5, 1.00,    1, 0.000, 0.000, 0.220, 49
train,    89, -2.273751,    4, 1.00,    2, 0.000, 0.000, 0.220, 49
train,    90, 7.116245,    6, 1.00,    2, 0.000, 0.000, 0.220, 49
train,    91, 73.924291,   33, 1.00,   10, 0.000, 0.000, 0.220, 49
train,    92, 8.394333,    8, 1.00,    3, 0.000, 0.000, 0.220, 49
train,    93, 15.512486,    9, 1.00,    3, 0.000, 0.000, 0.220, 49
train,    94, 6.927396,    7, 1.00,    2, 0.000, 0.000, 0.220, 49
train,    95, 14.742578,    9, 1.00,    0, 0.000, 0.000, 0.220, 49
train,    96, 15.948334,   12, 1.00,    4, 0.000, 0.000, 0.220, 49
train,    97, 24.500596,   14, 1.00,    1, 0.000, 0.000, 0.220, 49
train,    98, 4.738612,    6, 1.00,    3, 0.000, 0.000, 0.220, 49
train,    99, 0.053465,    5, 1.00,    2, 0.000, 0.000, 0.220, 49
val,      99, 11.610456, 1.0000,   8.8000,   1.6000, 0.0000,  27.5806
train,    100, 61.907978,   38, 1.00,   12, 0.000, 0.000, 0.220, 49
train,    101, 30.384903,   19, 1.00,    5, 0.000, 0.000, 0.220, 49
train,    102, 21.638844,   12, 1.00,    2, 0.000, 0.000, 0.220, 49
train,    103, 7.889634,    6, 1.00,    2, 0.000, 0.000, 0.220, 49
train,    104, 10.057204,    9, 1.00,    3, 0.000, 0.000, 0.220, 49
train,    105, 373.523103,  150, 0.00,   21, 0.000, 0.000, 0.220, 50
train,    106, 33.396865,   23, 1.00,    5, 0.000, 0.000, 0.220, 50
train,    107, 9.342222,    8, 1.00,    2, 0.000, 0.000, 0.220, 50
train,    108, 2.878566,    6, 1.00,    1, 0.000, 0.000, 0.220, 50
train,    109, -4.846607,    3, 1.00,    1, 0.000, 0.000, 0.220, 50
train,    110, 106.220138,   55, 1.00,   22, 0.000, 0.000, 0.220, 50
train,    111, 11.319343,   10, 1.00,    2, 0.000, 0.000, 0.220, 50
update,   111,    2,  901, 22.834213, -0.000000
train,    112, 31.705326,   19, 1.00,    3, 0.000, 0.000, 0.220, 50
train,    113, 9.787886,    8, 1.00,    3, 0.000, 0.000, 0.220, 50
train,    114, 21.369583,   11, 1.00,    2, 0.000, 0.000, 0.220, 50
train,    115, -0.623618,    5, 1.00,    1, 0.000, 0.000, 0.220, 50
train,    116, 0.306543,    5, 1.00,    2, 0.000, 0.000, 0.220, 50
train,    117, 39.116409,   22, 1.00,    7, 0.000, 0.000, 0.220, 50
train,    118, 31.708731,   14, 1.00,    3, 0.000, 0.000, 0.220, 50
train,    119, 51.503681,   28, 1.00,    7, 0.000, 0.000, 0.220, 50
train,    120, 35.920456,   18, 1.00,    4, 0.000, 0.000, 0.220, 50
train,    121, 43.412390,   30, 1.00,    8, 0.000, 0.000, 0.220, 50
train,    122, 24.088656,   16, 1.00,    4, 0.000, 0.000, 0.220, 50
train,    123, 1.340964,    5, 1.00,    0, 0.000, 0.000, 0.220, 50
train,    124, 17.504302,   11, 1.00,    2, 0.000, 0.000, 0.220, 51
val,      124, 14.661854, 1.0000,   9.8000,   1.6000, 0.0000,  28.1497
train,    125, 56.640297,   26, 1.00,    6, 0.000, 0.000, 0.220, 51
train,    126, 71.040331,   36, 1.00,   11, 0.000, 0.000, 0.220, 51
train,    127, 9.316354,    9, 1.00,    3, 0.000, 0.000, 0.220, 51
train,    128, 52.072977,   26, 1.00,    7, 0.000, 0.000, 0.220, 51
train,    129, 28.483751,   14, 1.00,    5, 0.000, 0.000, 0.220, 51
train,    130, 6.662418,    7, 1.00,    2, 0.000, 0.000, 0.220, 51
train,    131, 51.815419,   29, 1.00,    9, 0.000, 0.000, 0.220, 51
train,    132, 32.214377,   17, 1.00,    4, 0.000, 0.000, 0.220, 51
train,    133, 28.857555,   15, 1.00,    2, 0.000, 0.000, 0.220, 51
train,    134, 11.451614,    9, 1.00,    3, 0.000, 0.000, 0.220, 51
train,    135, 81.084182,   36, 1.00,   10, 0.000, 0.000, 0.220, 51
train,    136, 18.839548,   15, 1.00,    1, 0.000, 0.000, 0.220, 51
train,    137, 17.012265,   12, 1.00,    5, 0.000, 0.000, 0.220, 51
train,    138, 73.228612,   25, 1.00,    3, 0.000, 0.000, 0.220, 51
train,    139, 16.997588,   14, 1.00,    3, 0.000, 0.000, 0.220, 51
train,    140, 4.606767,    5, 1.00,    1, 0.000, 0.000, 0.220, 51
train,    141, 31.287665,   15, 1.00,    3, 0.000, 0.000, 0.220, 51
train,    142, 14.568778,   10, 1.00,    1, 0.000, 0.000, 0.220, 51
train,    143, 8.954862,    7, 1.00,    1, 0.000, 0.000, 0.220, 52
train,    144, 16.954119,   10, 1.00,    3, 0.000, 0.000, 0.220, 52
train,    145, -4.054614,    3, 1.00,    1, 0.000, 0.000, 0.220, 52
train,    146, 13.505052,    7, 1.00,    1, 0.000, 0.000, 0.220, 52
train,    147, 4.503602,    6, 1.00,    1, 0.000, 0.000, 0.220, 52
train,    148, 71.702903,   35, 1.00,    7, 0.000, 0.000, 0.220, 52
train,    149, 13.051157,    8, 1.00,    2, 0.000, 0.000, 0.220, 52
val,      149, 7.769148, 1.0000,   7.4000,   1.8000, 0.0000,  27.4125
train,    150, 6.288906,    7, 1.00,    3, 0.000, 0.000, 0.220, 52
train,    151, 7.506273,    8, 1.00,    3, 0.000, 0.000, 0.220, 52
train,    152, -3.984027,    4, 1.00,    0, 0.000, 0.000, 0.220, 52
train,    153, 22.515875,   13, 1.00,    3, 0.000, 0.000, 0.220, 52
train,    154, 8.848269,    8, 1.00,    2, 0.000, 0.000, 0.220, 52
train,    155, 4.610042,    7, 1.00,    4, 0.000, 0.000, 0.220, 52
train,    156, 14.981030,   12, 1.00,    4, 0.000, 0.000, 0.220, 52
train,    157, 0.390785,    5, 1.00,    2, 0.000, 0.000, 0.220, 52
train,    158, 7.788915,   10, 1.00,    1, 0.000, 0.000, 0.220, 52
train,    159, 25.267850,   17, 1.00,    6, 0.000, 0.000, 0.220, 52
train,    160, 35.541345,   16, 1.00,    4, 0.000, 0.000, 0.220, 52
train,    161, -7.236189,    2, 1.00,    2, 0.000, 0.000, 0.220, 52
train,    162, 9.977358,    8, 1.00,    3, 0.000, 0.000, 0.220, 53
train,    163, 66.507573,   32, 1.00,    9, 0.000, 0.000, 0.220, 53
train,    164, -0.766208,    4, 1.00,    1, 0.000, 0.000, 0.220, 53
train,    165, 69.468346,   26, 1.00,    6, 0.000, 0.000, 0.220, 53
train,    166, 58.724515,   25, 1.00,    6, 0.000, 0.000, 0.220, 53
train,    167, 40.104627,   18, 1.00,    2, 0.000, 0.000, 0.220, 53
train,    168, 7.326980,    7, 1.00,    1, 0.000, 0.000, 0.220, 53
train,    169, 53.738768,   22, 1.00,    4, 0.000, 0.000, 0.220, 53
train,    170, 33.269732,   15, 1.00,    4, 0.000, 0.000, 0.220, 53
train,    171, -1.587673,    4, 1.00,    2, 0.000, 0.000, 0.220, 53
train,    172, 24.479530,   13, 1.00,    3, 0.000, 0.000, 0.220, 53
train,    173, 16.218298,   11, 1.00,    5, 0.000, 0.000, 0.220, 53
train,    174, 3.447845,    6, 1.00,    3, 0.000, 0.000, 0.220, 53
val,      174, 14.309640, 1.0000,   9.6000,   2.0000, 0.0000,  28.1804
train,    175, 25.744799,   17, 1.00,    6, 0.000, 0.000, 0.220, 53
update,   175,    3,  905, 10.581774, 0.000000
train,    176, 6.558347,    8, 1.00,    3, 0.000, 0.000, 0.220, 53
train,    177, 89.046006,   35, 1.00,    8, 0.000, 0.000, 0.220, 53
train,    178, 78.717960,   44, 1.00,   10, 0.000, 0.000, 0.220, 53
