init,     2026-04-13 22:07:39.087967
arguments,Namespace(PPO_epochs=4, adv_norm=1, alg='ppo', cuda=0, curriculum_clean_ratio=0.97, curriculum_entropy_decay=0.95, curriculum_mode='adaptive', curriculum_noise_step=0.003, curriculum_patience=4, entropy=0.22, entropy_min=0.1, eps_clip=0.12, gae_lambda=0.98, gamma=0.997, grad_clip=0.4, gymip_train_xml='inverted_pendulum_ChangeThk_0.050000.xml', hid_group_num=8, hid_group_size=8, hidden_num=64, ignore_checkpoint=True, lane_profile='auto', lr=0.00032, max_noise=0.015, mini_batch_size=224, model='rwtaspk', monitor_time=False, optimizer='rmsprop', rep=11, response_window=40, reward_scale=0.9, road_scenario='highway', rollout_steps=896, rwta_del_connection='none', seed=26384, snn_num_steps=15, task='gymip', thread=-1, traffic_level='dense', train_num=5000, warm_start_kind='none', warm_start_prefix='')
seed,     26384
model_dir,/root/autodl-tmp/SVPG2023/LANE/training_runs/ours/highway_dense/models
log_dir,  /root/autodl-tmp/SVPG2023/LANE/training_runs/ours/highway_dense/logs
train,    1, 52.500310,   21, 1.00,    5, 0.000, 0.000, 0.220, 52
train,    2, 12.481697,   10, 1.00,    1, 0.000, 0.000, 0.220, 52
train,    3, 8.214680,    6, 1.00,    3, 0.000, 0.000, 0.220, 52
train,    4, 24.945807,   12, 1.00,    2, 0.000, 0.000, 0.220, 52
train,    5, 4.023875,    6, 1.00,    3, 0.000, 0.000, 0.220, 52
train,    6, 29.766281,   12, 1.00,    4, 0.000, 0.000, 0.220, 53
train,    7, -6.369431,    2, 1.00,    1, 0.000, 0.000, 0.220, 53
train,    8, -1.219235,    4, 1.00,    2, 0.000, 0.000, 0.220, 53
train,    9, 25.277326,   14, 1.00,    3, 0.000, 0.000, 0.220, 53
train,    10, 11.792993,    7, 1.00,    2, 0.000, 0.000, 0.220, 53
train,    11, 39.783009,   17, 1.00,    5, 0.000, 0.000, 0.220, 53
train,    12, 2.957680,    6, 1.00,    2, 0.000, 0.000, 0.220, 53
train,    13, 16.556888,   10, 1.00,    2, 0.000, 0.000, 0.220, 53
train,    14, 16.240012,   10, 1.00,    1, 0.000, 0.000, 0.220, 53
train,    15, -2.932575,    5, 1.00,    2, 0.000, 0.000, 0.220, 53
train,    16, 33.780137,   14, 1.00,    1, 0.000, 0.000, 0.220, 53
train,    17, 40.451533,   18, 1.00,    6, 0.000, 0.000, 0.220, 53
train,    18, 6.317005,    5, 1.00,    2, 0.000, 0.000, 0.220, 54
train,    19, 13.721905,   11, 1.00,    3, 0.000, 0.000, 0.220, 54
train,    20, -9.623255,    1, 1.00,    1, 0.000, 0.000, 0.220, 54
train,    21, 16.181741,   10, 1.00,    1, 0.000, 0.000, 0.220, 54
train,    22, 4.215067,    6, 1.00,    0, 0.000, 0.000, 0.220, 54
train,    23, -9.415582,    1, 1.00,    1, 0.000, 0.000, 0.220, 54
train,    24, 24.724821,   13, 1.00,    1, 0.000, 0.000, 0.220, 54
val_save, 24, 1.878983, 1.0000,   5.2000,   1.4000, 0.0000,  26.7989
val,      24, 1.878983, 1.0000,   5.2000,   1.4000, 0.0000,  26.7989
train,    25, 5.856405,    8, 1.00,    2, 0.000, 0.000, 0.220, 54
train,    26, 7.204878,    8, 1.00,    1, 0.000, 0.000, 0.220, 54
train,    27, 15.501443,   11, 1.00,    2, 0.000, 0.000, 0.220, 54
train,    28, 41.472720,   18, 1.00,    5, 0.000, 0.000, 0.220, 54
train,    29, -1.927339,    5, 1.00,    3, 0.000, 0.000, 0.220, 54
train,    30, 31.278921,   19, 1.00,    6, 0.000, 0.000, 0.220, 55
train,    31, 9.446842,    6, 1.00,    1, 0.000, 0.000, 0.220, 55
train,    32, 16.228958,   10, 1.00,    2, 0.000, 0.000, 0.220, 55
train,    33, -2.853387,    3, 1.00,    2, 0.000, 0.000, 0.220, 55
train,    34, 11.310964,    8, 1.00,    2, 0.000, 0.000, 0.220, 55
train,    35, 14.239111,   11, 1.00,    3, 0.000, 0.000, 0.220, 55
train,    36, 4.560198,    6, 1.00,    1, 0.000, 0.000, 0.220, 55
train,    37, 1.993540,    5, 1.00,    1, 0.000, 0.000, 0.220, 55
train,    38, -5.589583,    3, 1.00,    1, 0.000, 0.000, 0.220, 55
train,    39, 9.841394,    7, 1.00,    3, 0.000, 0.000, 0.220, 55
train,    40, 14.852467,   10, 1.00,    1, 0.000, 0.000, 0.220, 55
train,    41, 18.365078,   11, 1.00,    3, 0.000, 0.000, 0.220, 55
train,    42, 24.488890,   12, 1.00,    3, 0.000, 0.000, 0.220, 56
train,    43, 45.939117,   17, 1.00,    1, 0.000, 0.000, 0.220, 56
train,    44, 28.504883,   14, 1.00,    2, 0.000, 0.000, 0.220, 56
train,    45, 32.546408,   13, 1.00,    2, 0.000, 0.000, 0.220, 56
train,    46, 12.204715,    8, 1.00,    2, 0.000, 0.000, 0.220, 56
train,    47, 27.550446,   12, 1.00,    2, 0.000, 0.000, 0.220, 56
train,    48, 26.320988,   13, 1.00,    1, 0.000, 0.000, 0.220, 56
train,    49, 5.497857,    6, 1.00,    2, 0.000, 0.000, 0.220, 56
val_save, 49, 8.556958, 1.0000,   6.4000,   2.0000, 0.0000,  26.3874
val,      49, 8.556958, 1.0000,   6.4000,   2.0000, 0.0000,  26.3874
train,    50, -1.721915,    5, 1.00,    2, 0.000, 0.000, 0.220, 56
train,    51, 0.783083,    5, 1.00,    1, 0.000, 0.000, 0.220, 56
train,    52, 40.172158,   17, 1.00,    3, 0.000, 0.000, 0.220, 56
train,    53, 6.702838,    7, 1.00,    1, 0.000, 0.000, 0.220, 56
train,    54, 7.600629,    6, 1.00,    1, 0.000, 0.000, 0.220, 57
train,    55, 54.336814,   24, 1.00,    9, 0.000, 0.000, 0.220, 57
train,    56, -3.391461,    4, 1.00,    3, 0.000, 0.000, 0.220, 57
train,    57, 2.179494,    5, 1.00,    1, 0.000, 0.000, 0.220, 57
train,    58, 27.597879,   14, 1.00,    3, 0.000, 0.000, 0.220, 57
train,    59, 9.747621,    8, 1.00,    2, 0.000, 0.000, 0.220, 57
train,    60, 21.133267,   11, 1.00,    2, 0.000, 0.000, 0.220, 57
train,    61, 6.490589,    7, 1.00,    1, 0.000, 0.000, 0.220, 57
train,    62, 12.030492,    6, 1.00,    2, 0.000, 0.000, 0.220, 57
train,    63, 20.102173,   10, 1.00,    1, 0.000, 0.000, 0.220, 57
train,    64, 2.015069,    7, 1.00,    2, 0.000, 0.000, 0.220, 57
train,    65, 1.904134,    4, 1.00,    0, 0.000, 0.000, 0.220, 58
train,    66, 27.268294,   20, 1.00,    5, 0.000, 0.000, 0.220, 58
train,    67, 15.615553,    9, 1.00,    1, 0.000, 0.000, 0.220, 58
train,    68, 18.578256,   11, 1.00,    3, 0.000, 0.000, 0.220, 58
train,    69, 19.786922,   10, 1.00,    4, 0.000, 0.000, 0.220, 58
train,    70, 0.018608,    4, 1.00,    2, 0.000, 0.000, 0.220, 58
train,    71, -2.852111,    4, 1.00,    1, 0.000, 0.000, 0.220, 58
train,    72, -7.467187,    2, 1.00,    2, 0.000, 0.000, 0.220, 58
train,    73, -0.539612,    4, 1.00,    2, 0.000, 0.000, 0.220, 58
train,    74, 9.863530,    6, 1.00,    2, 0.000, 0.000, 0.220, 58
val_save, 74, 11.942311, 1.0000,   8.2000,   2.0000, 0.0000,  26.3407
val,      74, 11.942311, 1.0000,   8.2000,   2.0000, 0.0000,  26.3407
train,    75, 7.167185,    7, 1.00,    1, 0.000, 0.000, 0.220, 58
train,    76, 23.896416,   12, 1.00,    3, 0.000, 0.000, 0.220, 58
train,    77, 34.153098,   14, 1.00,    6, 0.000, 0.000, 0.220, 59
train,    78, -7.399023,    2, 1.00,    2, 0.000, 0.000, 0.220, 59
train,    79, 27.646699,   11, 1.00,    3, 0.000, 0.000, 0.220, 59
train,    80, 12.796599,   10, 1.00,    3, 0.000, 0.000, 0.220, 59
train,    81, 0.495965,    6, 1.00,    2, 0.000, 0.000, 0.220, 59
train,    82, 13.099446,   12, 1.00,    2, 0.000, 0.000, 0.220, 59
train,    83, 36.709305,   15, 1.00,    5, 0.000, 0.000, 0.220, 59
train,    84, -4.747037,    3, 1.00,    2, 0.000, 0.000, 0.220, 59
train,    85, 17.178858,    9, 1.00,    3, 0.000, 0.000, 0.220, 59
train,    86, 41.875856,   16, 1.00,    2, 0.000, 0.000, 0.220, 59
train,    87, 12.072995,    9, 1.00,    3, 0.000, 0.000, 0.220, 59
train,    88, -7.380621,    2, 1.00,    2, 0.000, 0.000, 0.220, 59
train,    89, 1.829092,    4, 1.00,    1, 0.000, 0.000, 0.220, 60
train,    90, 14.724529,   11, 1.00,    2, 0.000, 0.000, 0.220, 60
train,    91, 7.746037,    8, 1.00,    2, 0.000, 0.000, 0.220, 60
train,    92, 1.761616,    6, 1.00,    2, 0.000, 0.000, 0.220, 60
train,    93, -9.416864,    1, 1.00,    1, 0.000, 0.000, 0.220, 60
train,    94, 29.335282,   14, 1.00,    2, 0.000, 0.000, 0.220, 60
train,    95, 9.416583,    7, 1.00,    0, 0.000, 0.000, 0.220, 60
train,    96, 18.800729,   10, 1.00,    4, 0.000, 0.000, 0.220, 60
train,    97, 17.189532,   12, 1.00,    2, 0.000, 0.000, 0.220, 60
train,    98, 29.715757,   20, 1.00,    5, 0.000, 0.000, 0.220, 60
update,   98,    1,  896, 4.786493, -0.000000
train,    99, -2.054282,    4, 1.00,    1, 0.000, 0.000, 0.220, 60
val_save, 99, 16.767511, 1.0000,   9.0000,   2.8000, 0.0000,  28.6345
val,      99, 16.767511, 1.0000,   9.0000,   2.8000, 0.0000,  28.6345
curriculum,noise_cap 0.0000 -> 0.0030, entropy 0.2200 -> 0.2090
train,    100, -5.137145,    3, 1.00,    0, 0.000, 0.003, 0.209, 60
train,    101, 5.979887,    7, 1.00,    1, 0.000, 0.003, 0.209, 61
train,    102, -5.802421,    3, 1.00,    2, 0.000, 0.003, 0.209, 61
train,    103, 12.496129,   10, 1.00,    3, 0.000, 0.003, 0.209, 61
train,    104, 15.193875,   11, 1.00,    4, 0.000, 0.003, 0.209, 61
train,    105, 13.114954,   17, 1.00,    5, 0.000, 0.003, 0.209, 61
train,    106, -3.233483,    4, 1.00,    1, 0.000, 0.003, 0.209, 61
train,    107, 0.550580,    5, 1.00,    2, 0.000, 0.003, 0.209, 61
train,    108, -1.531935,    5, 1.00,    0, 0.000, 0.003, 0.209, 61
train,    109, 5.416747,    5, 1.00,    2, 0.000, 0.003, 0.209, 61
train,    110, -0.201450,    6, 1.00,    3, 0.000, 0.003, 0.209, 61
train,    111, -2.934171,    3, 1.00,    1, 0.000, 0.003, 0.209, 61
train,    112, 19.105033,   12, 1.00,    2, 0.000, 0.003, 0.209, 61
train,    113, 13.509277,    7, 1.00,    2, 0.000, 0.003, 0.209, 62
train,    114, -4.079620,    4, 1.00,    0, 0.000, 0.003, 0.209, 62
train,    115, -7.203774,    2, 1.00,    1, 0.000, 0.003, 0.209, 62
train,    116, 30.926407,   14, 1.00,    3, 0.000, 0.003, 0.209, 62
train,    117, -4.199308,    4, 1.00,    1, 0.000, 0.003, 0.209, 62
train,    118, -7.358814,    2, 1.00,    2, 0.000, 0.003, 0.209, 62
train,    119, -2.961358,    3, 1.00,    1, 0.000, 0.003, 0.209, 62
train,    120, 27.018896,   12, 1.00,    1, 0.000, 0.003, 0.209, 62
train,    121, 9.630865,    7, 1.00,    1, 0.000, 0.003, 0.209, 62
train,    122, 55.024562,   27, 1.00,    3, 0.000, 0.003, 0.209, 62
train,    123, -2.098947,    3, 1.00,    2, 0.000, 0.003, 0.209, 62
train,    124, 16.823544,   10, 1.00,    1, 0.000, 0.003, 0.209, 62
val,      124, 5.144997, 1.0000,   5.6000,   1.2000, 0.0000,  28.1070
train,    125, -0.018499,    6, 1.00,    2, 0.000, 0.003, 0.209, 63
train,    126, 10.830800,   12, 1.00,    3, 0.000, 0.003, 0.209, 63
train,    127, -7.300602,    2, 1.00,    1, 0.000, 0.003, 0.209, 63
train,    128, -2.497164,    4, 1.00,    1, 0.000, 0.003, 0.209, 63
train,    129, -5.485609,    3, 1.00,    2, 0.000, 0.003, 0.209, 63
train,    130, -4.159475,    3, 1.00,    0, 0.000, 0.003, 0.209, 63
train,    131, 22.010751,   11, 1.00,    1, 0.000, 0.003, 0.209, 63
train,    132, 3.116441,    6, 1.00,    1, 0.000, 0.003, 0.209, 63
train,    133, 20.918587,   16, 1.00,    4, 0.000, 0.003, 0.209, 63
train,    134, 11.112671,    8, 1.00,    2, 0.000, 0.003, 0.209, 63
train,    135, 33.818216,   22, 1.00,    7, 0.000, 0.003, 0.209, 63
train,    136, -0.893819,    4, 1.00,    1, 0.000, 0.003, 0.209, 64
train,    137, 42.188094,   19, 1.00,    4, 0.000, 0.003, 0.209, 64
train,    138, 35.678124,   25, 1.00,    7, 0.000, 0.003, 0.209, 64
train,    139, 20.874450,   12, 1.00,    2, 0.000, 0.003, 0.209, 64
train,    140, -6.671318,    3, 1.00,    1, 0.000, 0.003, 0.209, 64
train,    141, 24.609015,   18, 1.00,    5, 0.000, 0.003, 0.209, 64
train,    142, 9.196293,    7, 1.00,    2, 0.000, 0.003, 0.209, 64
train,    143, 3.216328,    6, 1.00,    2, 0.000, 0.003, 0.209, 64
train,    144, -5.769334,    3, 1.00,    0, 0.000, 0.003, 0.209, 64
train,    145, -7.438143,    2, 1.00,    1, 0.000, 0.003, 0.209, 64
train,    146, -3.161875,    4, 1.00,    2, 0.000, 0.003, 0.209, 64
train,    147, 9.650632,   11, 1.00,    1, 0.000, 0.003, 0.209, 64
train,    148, -7.330087,    2, 1.00,    2, 0.000, 0.003, 0.209, 65
train,    149, -4.546034,    3, 1.00,    1, 0.000, 0.003, 0.209, 65
val,      149, 13.732240, 1.0000,   8.0000,   2.4000, 0.0000,  28.0024
train,    150, 17.103469,    9, 1.00,    3, 0.000, 0.003, 0.209, 65
train,    151, 1.205627,    5, 1.00,    1, 0.000, 0.003, 0.209, 65
train,    152, 4.169960,    7, 1.00,    1, 0.000, 0.003, 0.209, 65
train,    153, 18.575434,    9, 1.00,    4, 0.000, 0.003, 0.209, 65
train,    154, 5.687001,    6, 1.00,    1, 0.000, 0.003, 0.209, 65
train,    155, -1.156060,    4, 1.00,    0, 0.000, 0.003, 0.209, 65
train,    156, 0.621416,    5, 1.00,    1, 0.000, 0.003, 0.209, 65
train,    157, 15.492472,    9, 1.00,    3, 0.000, 0.003, 0.209, 65
train,    158, 10.301987,    8, 1.00,    3, 0.000, 0.003, 0.209, 65
train,    159, 9.777174,    6, 1.00,    2, 0.000, 0.003, 0.209, 65
train,    160, 0.527554,    5, 1.00,    1, 0.000, 0.003, 0.209, 66
train,    161, 6.604649,    6, 1.00,    1, 0.000, 0.003, 0.209, 66
train,    162, 49.146415,   20, 1.00,    4, 0.000, 0.003, 0.209, 66
train,    163, 0.495539,    6, 1.00,    1, 0.000, 0.003, 0.209, 66
train,    164, 0.150088,    4, 1.00,    2, 0.000, 0.003, 0.209, 66
train,    165, 1.833489,    5, 1.00,    1, 0.000, 0.003, 0.209, 66
train,    166, 0.232337,    5, 1.00,    2, 0.000, 0.003, 0.209, 66
train,    167, 5.959294,    7, 1.00,    3, 0.000, 0.003, 0.209, 66
train,    168, 9.985346,    6, 1.00,    1, 0.000, 0.003, 0.209, 66
train,    169, 20.554336,   22, 1.00,    2, 0.000, 0.003, 0.209, 66
train,    170, -0.702462,    4, 1.00,    1, 0.000, 0.003, 0.209, 66
train,    171, 9.118329,    9, 1.00,    2, 0.000, 0.003, 0.209, 66
train,    172, 16.357879,   11, 1.00,    3, 0.000, 0.003, 0.209, 67
train,    173, 13.378025,    9, 1.00,    1, 0.000, 0.003, 0.209, 67
train,    174, 0.286976,    7, 1.00,    1, 0.000, 0.003, 0.209, 67
val,      174, 8.088593, 1.0000,   6.8000,   2.4000, 0.0000,  27.4634
train,    175, 5.046702,   10, 1.00,    1, 0.000, 0.003, 0.209, 67
train,    176, 11.788704,    7, 1.00,    1, 0.000, 0.003, 0.209, 67
train,    177, 10.285993,    9, 1.00,    1, 0.000, 0.003, 0.209, 67
train,    178, 9.333940,   11, 1.00,    5, 0.000, 0.003, 0.209, 67
train,    179, -0.258379,    4, 1.00,    0, 0.000, 0.003, 0.209, 67
train,    180, 19.833114,   11, 1.00,    4, 0.000, 0.003, 0.209, 67
train,    181, -5.236900,    3, 1.00,    2, 0.000, 0.003, 0.209, 67
train,    182, -2.377092,    4, 1.00,    1, 0.000, 0.003, 0.209, 67
train,    183, 11.356406,   10, 1.00,    2, 0.000, 0.003, 0.209, 67
train,    184, -3.557191,    3, 1.00,    2, 0.000, 0.003, 0.209, 68
train,    185, 11.352824,    7, 1.00,    1, 0.000, 0.003, 0.209, 68
train,    186, 21.251489,   10, 1.00,    2, 0.000, 0.003, 0.209, 68
train,    187, 21.108744,    9, 1.00,    1, 0.000, 0.003, 0.209, 68
train,    188, 16.822573,    8, 1.00,    4, 0.000, 0.003, 0.209, 68
train,    189, 6.889619,    6, 1.00,    1, 0.000, 0.003, 0.209, 68
train,    190, 11.528787,   11, 1.00,    2, 0.000, 0.003, 0.209, 68
train,    191, 28.322055,   18, 1.00,    6, 0.000, 0.003, 0.209, 68
train,    192, 36.631444,   19, 1.00,    5, 0.000, 0.003, 0.209, 68
train,    193, 16.931288,    9, 1.00,    2, 0.000, 0.003, 0.209, 68
train,    194, 28.376034,   23, 1.00,    3, 0.000, 0.003, 0.209, 68
train,    195, 20.294884,   13, 1.00,    3, 0.000, 0.003, 0.209, 68
train,    196, 24.698285,   11, 1.00,    1, 0.000, 0.003, 0.209, 69
train,    197, -0.504280,    4, 1.00,    2, 0.003, 0.003, 0.209, 69
train,    198, -4.873741,    3, 1.00,    2, 0.000, 0.003, 0.209, 69
train,    199, 43.589185,   17, 1.00,    4, 0.000, 0.003, 0.209, 69
val,      199, 5.603375, 1.0000,   5.8000,   1.8000, 0.0000,  26.3932
train,    200, 49.712722,   25, 1.00,    9, 0.000, 0.003, 0.209, 69
train,    201, 25.596339,   14, 1.00,    5, 0.000, 0.003, 0.209, 69
train,    202, 24.350284,   13, 1.00,    3, 0.000, 0.003, 0.209, 69
train,    203, 19.764084,   12, 1.00,    3, 0.000, 0.003, 0.209, 69
update,   203,    2,  900, 3.374418, -0.000000
train,    204, 13.683793,   10, 1.00,    2, 0.000, 0.003, 0.209, 69
train,    205, 15.971095,    9, 1.00,    1, 0.000, 0.003, 0.209, 69
train,    206, -0.789092,    5, 1.00,    2, 0.000, 0.003, 0.209, 69
train,    207, 18.660550,   12, 1.00,    5, 0.000, 0.003, 0.209, 70
train,    208, 19.812600,   13, 1.00,    4, 0.000, 0.003, 0.209, 70
train,    209, -4.996346,    3, 1.00,    1, 0.000, 0.003, 0.209, 70
train,    210, 2.373152,    6, 1.00,    1, 0.000, 0.003, 0.209, 70
train,    211, 4.546272,    9, 1.00,    2, 0.000, 0.003, 0.209, 70
train,    212, 27.052307,   12, 1.00,    3, 0.000, 0.003, 0.209, 70
train,    213, 2.919102,    5, 1.00,    2, 0.000, 0.003, 0.209, 70
train,    214, -7.444847,    2, 1.00,    2, 0.000, 0.003, 0.209, 70
train,    215, 16.567118,    9, 1.00,    1, 0.000, 0.003, 0.209, 70
train,    216, -8.773728,    2, 1.00,    2, 0.000, 0.003, 0.209, 70
train,    217, 21.948617,   12, 1.00,    2, 0.000, 0.003, 0.209, 70
train,    218, 34.613628,   13, 1.00,    1, 0.000, 0.003, 0.209, 70
train,    219, -1.951200,    4, 1.00,    1, 0.000, 0.003, 0.209, 71
train,    220, 2.892444,    4, 1.00,    0, 0.000, 0.003, 0.209, 71
train,    221, 29.775514,   15, 1.00,    2, 0.000, 0.003, 0.209, 71
train,    222, 87.356859,   56, 1.00,   19, 0.000, 0.003, 0.209, 71
train,    223, -0.319233,    5, 1.00,    4, 0.000, 0.003, 0.209, 71
train,    224, 13.130406,   10, 1.00,    2, 0.000, 0.003, 0.209, 71
val,      224, 7.132135, 1.0000,   6.8000,   1.8000, 0.0000,  26.5824
train,    225, 5.891121,    7, 1.00,    1, 0.003, 0.003, 0.209, 71
train,    226, 19.213625,   13, 1.00,    4, 0.000, 0.003, 0.209, 71
train,    227, 54.629561,   24, 1.00,    7, 0.000, 0.003, 0.209, 71
train,    228, 8.410319,    5, 1.00,    1, 0.000, 0.003, 0.209, 71
train,    229, -3.464265,    4, 1.00,    1, 0.000, 0.003, 0.209, 71
train,    230, 6.494120,    6, 1.00,    3, 0.000, 0.003, 0.209, 71
train,    231, 30.583484,   13, 1.00,    3, 0.000, 0.003, 0.209, 72
train,    232, -5.259237,    3, 1.00,    1, 0.000, 0.003, 0.209, 72
train,    233, -4.772290,    3, 1.00,    1, 0.000, 0.003, 0.209, 72
train,    234, 25.206704,   12, 1.00,    4, 0.000, 0.003, 0.209, 72
train,    235, -6.468609,    2, 1.00,    2, 0.000, 0.003, 0.209, 72
train,    236, 5.193606,    7, 1.00,    0, 0.000, 0.003, 0.209, 72
train,    237, 1.612963,    5, 1.00,    1, 0.000, 0.003, 0.209, 72
train,    238, 14.685884,    9, 1.00,    1, 0.000, 0.003, 0.209, 72
train,    239, 34.639896,   16, 1.00,    4, 0.000, 0.003, 0.209, 72
train,    240, 9.770608,    8, 1.00,    3, 0.000, 0.003, 0.209, 72
train,    241, 4.727258,    8, 1.00,    3, 0.000, 0.003, 0.209, 72
train,    242, 49.570832,   16, 1.00,    4, 0.000, 0.003, 0.209, 72
train,    243, 12.864221,   11, 1.00,    1, 0.000, 0.003, 0.209, 73
train,    244, 22.158191,   10, 1.00,    3, 0.000, 0.003, 0.209, 73
train,    245, 29.837513,   22, 1.00,    6, 0.000, 0.003, 0.209, 73
train,    246, 9.630591,    8, 1.00,    2, 0.003, 0.003, 0.209, 73
train,    247, 28.961416,   18, 1.00,    5, 0.000, 0.003, 0.209, 73
train,    248, 5.878299,    6, 1.00,    1, 0.000, 0.003, 0.209, 73
train,    249, -8.714556,    2, 1.00,    2, 0.000, 0.003, 0.209, 73
val,      249, 9.256071, 1.0000,   7.6000,   1.6000, 0.0000,  27.1706
train,    250, 7.450533,    5, 1.00,    3, 0.000, 0.003, 0.209, 73
train,    251, 29.336394,   12, 1.00,    1, 0.000, 0.003, 0.209, 73
train,    252, 16.162024,   13, 1.00,    3, 0.000, 0.003, 0.209, 73
train,    253, 29.129029,   21, 1.00,    5, 0.000, 0.003, 0.209, 73
train,    254, 3.711204,    9, 1.00,    4, 0.000, 0.003, 0.209, 73
train,    255, -4.187622,    4, 1.00,    1, 0.000, 0.003, 0.209, 74
train,    256, -7.222393,    2, 1.00,    2, 0.000, 0.003, 0.209, 74
train,    257, 2.816711,    5, 1.00,    1, 0.000, 0.003, 0.209, 74
train,    258, 1.824310,    5, 1.00,    1, 0.000, 0.003, 0.209, 74
train,    259, -1.004505,    4, 1.00,    1, 0.000, 0.003, 0.209, 74
train,    260, 3.434183,   11, 1.00,    1, 0.000, 0.003, 0.209, 74
train,    261, 17.572487,   11, 1.00,    4, 0.000, 0.003, 0.209, 74
train,    262, -5.250605,    3, 1.00,    1, 0.000, 0.003, 0.209, 74
train,    263, 4.214799,    7, 1.00,    1, 0.000, 0.003, 0.209, 74
train,    264, -9.619809,    1, 1.00,    1, 0.000, 0.003, 0.209, 74
train,    265, 3.067173,    6, 1.00,    3, 0.000, 0.003, 0.209, 74
train,    266, 1.827574,    5, 1.00,    1, 0.000, 0.003, 0.209, 75
train,    267, -4.942857,    4, 1.00,    0, 0.000, 0.003, 0.209, 75
train,    268, 17.826449,   10, 1.00,    1, 0.000, 0.003, 0.209, 75
train,    269, 13.910537,   10, 1.00,    2, 0.000, 0.003, 0.209, 75
train,    270, 2.672520,    5, 1.00,    1, 0.000, 0.003, 0.209, 75
train,    271, -9.689145,    1, 1.00,    1, 0.000, 0.003, 0.209, 75
train,    272, 21.603367,   10, 1.00,    3, 0.000, 0.003, 0.209, 75
train,    273, 19.946521,   11, 1.00,    1, 0.000, 0.003, 0.209, 75
train,    274, 23.586492,   19, 1.00,    3, 0.000, 0.003, 0.209, 75
val,      274, -1.794378, 1.0000,   3.8000,   1.8000, 0.0000,  24.3823
train,    275, 29.564771,   13, 1.00,    4, 0.000, 0.003, 0.209, 75
train,    276, -7.429629,    2, 1.00,    2, 0.000, 0.003, 0.209, 75
train,    277, 3.260769,    6, 1.00,    2, 0.000, 0.003, 0.209, 75
train,    278, 29.887660,   14, 1.00,    2, 0.000, 0.003, 0.209, 76
train,    279, 36.300125,   15, 1.00,    5, 0.000, 0.003, 0.209, 76
train,    280, -6.652496,    2, 1.00,    1, 0.000, 0.003, 0.209, 76
train,    281, 34.573187,   19, 1.00,    5, 0.000, 0.003, 0.209, 76
train,    282, 11.883481,    9, 1.00,    2, 0.000, 0.003, 0.209, 76
train,    283, 27.777676,   22, 1.00,    4, 0.000, 0.003, 0.209, 76
train,    284, 11.735364,    9, 1.00,    2, 0.000, 0.003, 0.209, 76
train,    285, 15.838679,   11, 1.00,    2, 0.000, 0.003, 0.209, 76
train,    286, 26.041692,   13, 1.00,    3, 0.000, 0.003, 0.209, 76
train,    287, 19.184817,   10, 1.00,    3, 0.000, 0.003, 0.209, 76
train,    288, 6.787638,    6, 1.00,    1, 0.000, 0.003, 0.209, 76
train,    289, 25.465687,   12, 1.00,    2, 0.000, 0.003, 0.209, 76
train,    290, 11.880626,    7, 1.00,    2, 0.000, 0.003, 0.209, 77
train,    291, 31.115289,   20, 1.00,    3, 0.000, 0.003, 0.209, 77
train,    292, 20.186116,   12, 1.00,    4, 0.000, 0.003, 0.209, 77
train,    293, 14.224451,    9, 1.00,    2, 0.000, 0.003, 0.209, 77
train,    294, 3.947870,    6, 1.00,    2, 0.000, 0.003, 0.209, 77
train,    295, 3.510418,    5, 1.00,    2, 0.000, 0.003, 0.209, 77
train,    296, 5.604420,    5, 1.00,    2, 0.000, 0.003, 0.209, 77
train,    297, 9.242664,    9, 1.00,    3, 0.000, 0.003, 0.209, 77
train,    298, 9.696303,    9, 1.00,    3, 0.003, 0.003, 0.209, 77
train,    299, -0.804290,    5, 1.00,    0, 0.000, 0.003, 0.209, 77
update,   299,    3,  898, 5.366752, 0.000000
val,      299, 1.773891, 1.0000,   4.2000,   1.2000, 0.0000,  26.1586
train,    300, 18.794277,   11, 1.00,    3, 0.000, 0.003, 0.209, 77
train,    301, 21.233111,   12, 1.00,    3, 0.000, 0.003, 0.209, 77
train,    302, -0.041672,    4, 1.00,    1, 0.000, 0.003, 0.209, 78
train,    303, 8.624017,    7, 1.00,    2, 0.000, 0.003, 0.209, 78
train,    304, 12.271876,    7, 1.00,    2, 0.000, 0.003, 0.209, 78
train,    305, 4.014340,    7, 1.00,    3, 0.000, 0.003, 0.209, 78
train,    306, 30.999918,   14, 1.00,    5, 0.000, 0.003, 0.209, 78
train,    307, 23.834348,   13, 1.00,    4, 0.000, 0.003, 0.209, 78
train,    308, 41.899031,   23, 1.00,    7, 0.000, 0.003, 0.209, 78
train,    309, 19.539113,   17, 1.00,    7, 0.000, 0.003, 0.209, 78
train,    310, -7.451883,    2, 1.00,    2, 0.000, 0.003, 0.209, 78
train,    311, 20.832652,   16, 1.00,    7, 0.000, 0.003, 0.209, 78
train,    312, 2.093673,    6, 1.00,    2, 0.000, 0.003, 0.209, 78
train,    313, 5.489415,    9, 1.00,    2, 0.000, 0.003, 0.209, 78
train,    314, -4.741287,    3, 1.00,    1, 0.000, 0.003, 0.209, 79
train,    315, 0.006955,    4, 1.00,    2, 0.000, 0.003, 0.209, 79
train,    316, 1.773415,    5, 1.00,    1, 0.000, 0.003, 0.209, 79
train,    317, 10.659954,    8, 1.00,    1, 0.000, 0.003, 0.209, 79
train,    318, 42.929945,   19, 1.00,    7, 0.000, 0.003, 0.209, 79
train,    319, 2.712320,    5, 1.00,    3, 0.000, 0.003, 0.209, 79
train,    320, 3.475738,    6, 1.00,    1, 0.000, 0.003, 0.209, 79
train,    321, -0.289471,    4, 1.00,    2, 0.000, 0.003, 0.209, 79
train,    322, 3.537917,    7, 1.00,    3, 0.000, 0.003, 0.209, 79
train,    323, 14.583735,    9, 1.00,    3, 0.000, 0.003, 0.209, 79
train,    324, -7.387108,    2, 1.00,    2, 0.000, 0.003, 0.209, 79
val_save, 324, 26.831808, 1.0000,  13.6000,   3.2000, 0.0000,  27.6615
val,      324, 26.831808, 1.0000,  13.6000,   3.2000, 0.0000,  27.6615
train,    325, 6.017549,    7, 1.00,    2, 0.000, 0.003, 0.209, 80
train,    326, 8.962485,    7, 1.00,    2, 0.000, 0.003, 0.209, 80
train,    327, -7.509128,    2, 1.00,    2, 0.000, 0.003, 0.209, 80
train,    328, 9.061524,   13, 1.00,    1, 0.000, 0.003, 0.209, 80
train,    329, 4.252215,    6, 1.00,    2, 0.000, 0.003, 0.209, 80
train,    330, 9.628740,    9, 1.00,    3, 0.000, 0.003, 0.209, 80
train,    331, 13.955256,    7, 1.00,    1, 0.000, 0.003, 0.209, 80
train,    332, 41.297436,   19, 1.00,    5, 0.000, 0.003, 0.209, 80
train,    333, -5.974658,    3, 1.00,    1, 0.000, 0.003, 0.209, 80
train,    334, 17.758943,   14, 1.00,    1, 0.000, 0.003, 0.209, 80
train,    335, -0.855172,    5, 1.00,    1, 0.000, 0.003, 0.209, 80
train,    336, 6.348833,    6, 1.00,    1, 0.000, 0.003, 0.209, 80
train,    337, 2.559174,    5, 1.00,    0, 0.000, 0.003, 0.209, 81
train,    338, 11.339824,    7, 1.00,    2, 0.000, 0.003, 0.209, 81
train,    339, 7.935575,    7, 1.00,    4, 0.000, 0.003, 0.209, 81
train,    340, -6.879665,    3, 1.00,    2, 0.000, 0.003, 0.209, 81
train,    341, 13.015364,    9, 1.00,    1, 0.000, 0.003, 0.209, 81
train,    342, -4.289733,    4, 1.00,    2, 0.000, 0.003, 0.209, 81
train,    343, 5.671220,    8, 1.00,    3, 0.000, 0.003, 0.209, 81
train,    344, 11.791235,    9, 1.00,    2, 0.000, 0.003, 0.209, 81
train,    345, 6.836641,    6, 1.00,    2, 0.000, 0.003, 0.209, 81
train,    346, -8.832279,    2, 1.00,    2, 0.000, 0.003, 0.209, 81
train,    347, 7.544930,    7, 1.00,    2, 0.000, 0.003, 0.209, 81
train,    348, 0.713727,    5, 1.00,    2, 0.000, 0.003, 0.209, 81
train,    349, 31.372424,   13, 1.00,    3, 0.000, 0.003, 0.209, 82
val,      349, 8.334796, 1.0000,   6.6000,   1.8000, 0.0000,  27.6479
train,    350, 19.588259,   12, 1.00,    1, 0.000, 0.003, 0.209, 82
train,    351, 36.522140,   15, 1.00,    4, 0.000, 0.003, 0.209, 82
train,    352, 7.225578,    6, 1.00,    2, 0.000, 0.003, 0.209, 82
train,    353, 0.486381,    6, 1.00,    0, 0.000, 0.003, 0.209, 82
train,    354, 43.996545,   18, 1.00,    3, 0.000, 0.003, 0.209, 82
train,    355, 7.491378,    6, 1.00,    2, 0.000, 0.003, 0.209, 82
train,    356, 0.627137,    4, 1.00,    2, 0.000, 0.003, 0.209, 82
train,    357, 15.422976,   10, 1.00,    1, 0.000, 0.003, 0.209, 82
train,    358, 32.176444,   10, 1.00,    4, 0.000, 0.003, 0.209, 82
train,    359, -6.049982,    3, 1.00,    2, 0.000, 0.003, 0.209, 82
train,    360, 6.207307,    6, 1.00,    1, 0.000, 0.003, 0.209, 82
train,    361, 15.810307,    8, 1.00,    1, 0.000, 0.003, 0.209, 83
train,    362, -2.271017,    4, 1.00,    2, 0.000, 0.003, 0.209, 83
train,    363, 13.869600,   10, 1.00,    4, 0.000, 0.003, 0.209, 83
train,    364, 24.264423,   17, 1.00,    3, 0.000, 0.003, 0.209, 83
train,    365, 13.972829,    8, 1.00,    2, 0.000, 0.003, 0.209, 83
train,    366, 0.245299,    4, 1.00,    1, 0.000, 0.003, 0.209, 83
train,    367, -2.380455,    4, 1.00,    1, 0.000, 0.003, 0.209, 83
train,    368, 69.819700,   28, 1.00,    7, 0.000, 0.003, 0.209, 83
train,    369, 2.223761,    6, 1.00,    1, 0.000, 0.003, 0.209, 83
train,    370, -2.432882,    4, 1.00,    1, 0.000, 0.003, 0.209, 83
train,    371, 10.602238,    8, 1.00,    1, 0.003, 0.003, 0.209, 83
train,    372, -0.489952,    4, 1.00,    1, 0.000, 0.003, 0.209, 83
train,    373, -2.807595,    4, 1.00,    1, 0.000, 0.003, 0.209, 84
train,    374, 26.093895,   13, 1.00,    2, 0.000, 0.003, 0.209, 84
val,      374, 4.672478, 1.0000,   5.8000,   1.2000, 0.0000,  25.4151
train,    375, 28.385870,   15, 1.00,    1, 0.000, 0.003, 0.209, 84
train,    376, 7.906599,    9, 1.00,    2, 0.000, 0.003, 0.209, 84
train,    377, 11.004801,    8, 1.00,    0, 0.000, 0.003, 0.209, 84
train,    378, -2.894909,    4, 1.00,    1, 0.000, 0.003, 0.209, 84
train,    379, -0.495358,    5, 1.00,    1, 0.000, 0.003, 0.209, 84
train,    380, 5.928375,    7, 1.00,    2, 0.000, 0.003, 0.209, 84
train,    381, 20.879537,   10, 1.00,    1, 0.000, 0.003, 0.209, 84
train,    382, -2.342441,    5, 1.00,    1, 0.000, 0.003, 0.209, 84
train,    383, 20.686069,   21, 1.00,    4, 0.000, 0.003, 0.209, 84
train,    384, -2.664474,    3, 1.00,    1, 0.000, 0.003, 0.209, 84
train,    385, 43.800268,   28, 1.00,    5, 0.000, 0.003, 0.209, 85
train,    386, -3.126153,    4, 1.00,    2, 0.000, 0.003, 0.209, 85
train,    387, 11.825439,    9, 1.00,    1, 0.000, 0.003, 0.209, 85
train,    388, 31.574610,   13, 1.00,    2, 0.000, 0.003, 0.209, 85
train,    389, -2.975752,    3, 1.00,    2, 0.000, 0.003, 0.209, 85
train,    390, 6.700113,    8, 1.00,    1, 0.000, 0.003, 0.209, 85
train,    391, -0.005492,    4, 1.00,    2, 0.000, 0.003, 0.209, 85
train,    392, -3.671660,    4, 1.00,    1, 0.000, 0.003, 0.209, 85
train,    393, 13.945842,    9, 1.00,    1, 0.000, 0.003, 0.209, 85
train,    394, 0.616061,    5, 1.00,    1, 0.000, 0.003, 0.209, 85
train,    395, -8.320355,    2, 1.00,    1, 0.000, 0.003, 0.209, 85
train,    396, 12.087846,    8, 1.00,    3, 0.000, 0.003, 0.209, 86
train,    397, 41.329633,   18, 1.00,    6, 0.000, 0.003, 0.209, 86
train,    398, 4.391889,    5, 1.00,    2, 0.000, 0.003, 0.209, 86
train,    399, 41.284902,   25, 1.00,    5, 0.000, 0.003, 0.209, 86
val,      399, 8.778364, 1.0000,   7.2000,   2.4000, 0.0000,  25.6296
train,    400, 25.123277,   19, 1.00,    1, 0.000, 0.003, 0.209, 86
train,    401, 37.384220,   17, 1.00,    4, 0.000, 0.003, 0.209, 86
train,    402, 8.821463,    8, 1.00,    2, 0.000, 0.003, 0.209, 86
update,   402,    4,  897, 4.208861, -0.000000
train,    403, 1.790975,    6, 1.00,    2, 0.000, 0.003, 0.209, 86
train,    404, 13.356607,   10, 1.00,    1, 0.000, 0.003, 0.209, 86
train,    405, 12.092144,    8, 1.00,    3, 0.000, 0.003, 0.209, 86
train,    406, 1.117987,    5, 1.00,    2, 0.000, 0.003, 0.209, 86
train,    407, 7.093275,    7, 1.00,    1, 0.000, 0.003, 0.209, 86
train,    408, -2.369636,    4, 1.00,    2, 0.000, 0.003, 0.209, 87
train,    409, 1.599385,    5, 1.00,    1, 0.000, 0.003, 0.209, 87
train,    410, -0.465375,    5, 1.00,    1, 0.000, 0.003, 0.209, 87
train,    411, 0.539744,    5, 1.00,    2, 0.000, 0.003, 0.209, 87
train,    412, 1.463466,    6, 1.00,    0, 0.000, 0.003, 0.209, 87
train,    413, 15.179425,    8, 1.00,    1, 0.000, 0.003, 0.209, 87
train,    414, 0.121370,    6, 1.00,    1, 0.000, 0.003, 0.209, 87
train,    415, 7.494202,    8, 1.00,    2, 0.000, 0.003, 0.209, 87
train,    416, 17.127757,   12, 1.00,    4, 0.000, 0.003, 0.209, 87
train,    417, 7.849224,    5, 1.00,    1, 0.000, 0.003, 0.209, 87
train,    418, 7.293495,    8, 1.00,    2, 0.000, 0.003, 0.209, 87
train,    419, 21.428963,   10, 1.00,    4, 0.000, 0.003, 0.209, 87
train,    420, 15.679383,   10, 1.00,    2, 0.000, 0.003, 0.209, 88
train,    421, 6.727327,    6, 1.00,    1, 0.000, 0.003, 0.209, 88
train,    422, 43.692345,   33, 1.00,   11, 0.000, 0.003, 0.209, 88
train,    423, 10.511512,    7, 1.00,    1, 0.000, 0.003, 0.209, 88
train,    424, 1.685938,    4, 1.00,    1, 0.000, 0.003, 0.209, 88
val,      424, 10.844126, 1.0000,   7.4000,   1.8000, 0.0000,  27.0082
train,    425, 18.161783,   11, 1.00,    3, 0.000, 0.003, 0.209, 88
train,    426, 71.700037,   30, 1.00,    9, 0.000, 0.003, 0.209, 88
train,    427, 69.197680,   41, 1.00,   10, 0.000, 0.003, 0.209, 88
train,    428, 0.149882,    4, 1.00,    1, 0.000, 0.003, 0.209, 88
train,    429, 10.204743,    8, 1.00,    3, 0.000, 0.003, 0.209, 88
