init,     2026-03-30 11:58:31.940970
arguments,Namespace(PPO_epochs=4, adv_norm=1, alg='ppo', cuda=0, curriculum_clean_ratio=0.8, curriculum_entropy_decay=0.9, curriculum_mode='adaptive', curriculum_noise_step=0.02, curriculum_patience=2, entropy=0.1, entropy_min=0.1, eps_clip=0.15, gae_lambda=0.97, gamma=0.995, grad_clip=0.5, gymip_train_xml='inverted_pendulum_ChangeThk_0.050000.xml', hid_group_num=8, hid_group_size=8, hidden_num=64, ignore_checkpoint=True, lane_profile='auto', lr=0.0005, max_noise=0.08, mini_batch_size=128, model='rwtaspk', monitor_time=False, optimizer='rmsprop', rep=11, response_window=40, reward_scale=1.0, road_scenario='highway', rollout_steps=512, rwta_del_connection='none', seed=-1, snn_num_steps=15, task='gymip', thread=4, traffic_level='dense', train_num=2000)
seed,     11
model_dir,/root/autodl-tmp/SVPG2023/LANE/log_model/highway_dense
profile,  lane auto-stabilize: lr->0.0005, gamma->0.995, PPO_epochs->4, eps_clip->0.15, rollout_steps->512, mini_batch_size->128, gae_lambda->0.97, grad_clip->0.5, curriculum_clean_ratio->0.8, max_noise->0.08, curriculum_noise_step->0.02
train,    1, -5.568505,   15, 1.00,    5, 0.000, 0.000, 0.100, 52
train,    2, -2.621812,    9, 1.00,    3, 0.000, 0.000, 0.100, 52
train,    3, -1.953490,   11, 1.00,    3, 0.000, 0.000, 0.100, 52
train,    4, -7.691715,    3, 1.00,    1, 0.000, 0.000, 0.100, 52
train,    5, -8.452403,    6, 1.00,    4, 0.000, 0.000, 0.100, 52
train,    6, -6.707570,    4, 1.00,    1, 0.000, 0.000, 0.100, 53
train,    7, -8.395527,    6, 1.00,    4, 0.000, 0.000, 0.100, 53
train,    8, -11.875199,   20, 1.00,   11, 0.000, 0.000, 0.100, 53
train,    9, -6.858659,    5, 1.00,    2, 0.000, 0.000, 0.100, 53
train,    10, 0.537038,   19, 1.00,    5, 0.000, 0.000, 0.100, 53
train,    11, -8.273951,   17, 1.00,    8, 0.000, 0.000, 0.100, 53
train,    12, -8.803437,    3, 1.00,    2, 0.000, 0.000, 0.100, 53
train,    13, -6.828094,    3, 1.00,    1, 0.000, 0.000, 0.100, 53
train,    14, -6.306473,    9, 1.00,    3, 0.000, 0.000, 0.100, 53
train,    15, -10.273715,   17, 1.00,    8, 0.000, 0.000, 0.100, 54
train,    16, -4.855561,   18, 1.00,    7, 0.000, 0.000, 0.100, 54
train,    17, -7.400954,    4, 1.00,    2, 0.000, 0.000, 0.100, 54
train,    18, -4.897484,   15, 1.00,    6, 0.000, 0.000, 0.100, 54
train,    19, -8.388425,    3, 1.00,    2, 0.000, 0.000, 0.100, 54
train,    20, -9.525746,   10, 1.00,    6, 0.000, 0.000, 0.100, 54
train,    21, -7.539073,   16, 1.00,    7, 0.000, 0.000, 0.100, 54
train,    22, -9.302097,    5, 1.00,    3, 0.000, 0.000, 0.100, 54
train,    23, 5.288736,   20, 1.00,    3, 0.000, 0.000, 0.100, 54
train,    24, 9.068530,   56, 1.00,   17, 0.000, 0.000, 0.100, 54
val_save, 24, -20.373304, 1.0000,  13.0000,  13.0000, 0.0000,  23.6814
val,      24, -20.373304, 1.0000,  13.0000,  13.0000, 0.0000,  23.6814
train,    25, -3.533454,   30, 1.00,   12, 0.000, 0.000, 0.100, 54
train,    26, -7.941610,   12, 1.00,    5, 0.000, 0.000, 0.100, 55
train,    27, -7.335042,    5, 1.00,    3, 0.000, 0.000, 0.100, 55
train,    28, 0.152704,   39, 1.00,   14, 0.000, 0.000, 0.100, 55
train,    29, -7.362102,    4, 1.00,    2, 0.000, 0.000, 0.100, 55
train,    30, -5.398468,    7, 1.00,    3, 0.000, 0.000, 0.100, 55
train,    31, 3.501455,   28, 1.00,    9, 0.000, 0.000, 0.100, 55
train,    32, -2.055663,   23, 1.00,    6, 0.000, 0.000, 0.100, 55
train,    33, -3.232723,   12, 1.00,    5, 0.000, 0.000, 0.100, 55
train,    34, -7.427440,   14, 1.00,    7, 0.000, 0.000, 0.100, 55
train,    35, -8.713174,    9, 1.00,    6, 0.000, 0.000, 0.100, 56
train,    36, -8.899883,    3, 1.00,    2, 0.000, 0.000, 0.100, 56
train,    37, -2.716780,    6, 1.00,    1, 0.000, 0.000, 0.100, 56
train,    38, -6.182500,    8, 1.00,    3, 0.000, 0.000, 0.100, 56
train,    39, -8.522385,   11, 1.00,    5, 0.000, 0.000, 0.100, 56
train,    40, -1.784908,   28, 1.00,    8, 0.000, 0.000, 0.100, 56
update,   40,    1,  533, -4.024226, -0.000000
train,    41, 0.402335,    9, 1.00,    1, 0.000, 0.000, 0.100, 56
train,    42, -6.801787,    6, 1.00,    2, 0.000, 0.000, 0.100, 56
train,    43, -9.055465,    4, 1.00,    2, 0.000, 0.000, 0.100, 56
train,    44, -7.418883,    4, 1.00,    2, 0.000, 0.000, 0.100, 56
train,    45, -5.989301,    2, 1.00,    0, 0.000, 0.000, 0.100, 56
train,    46, -2.818286,    8, 1.00,    1, 0.000, 0.000, 0.100, 57
train,    47, -3.440450,   18, 1.00,    8, 0.000, 0.000, 0.100, 57
train,    48, -4.585379,   10, 1.00,    2, 0.000, 0.000, 0.100, 57
train,    49, 1.810505,   74, 1.00,   26, 0.000, 0.000, 0.100, 57
val,      49, 10.346272, 1.0000,  22.2000,   0.0000, 0.0000,  23.5413
curriculum,noise_cap 0.0000 -> 0.0200, entropy 0.1000 -> 0.1000
train,    50, 15.614531,   41, 1.00,   10, 0.000, 0.020, 0.100, 57
train,    51, -4.563955,   15, 1.00,    7, 0.000, 0.020, 0.100, 57
train,    52, -2.690255,    7, 1.00,    1, 0.020, 0.020, 0.100, 57
train,    53, -13.335550,   10, 1.00,    8, 0.000, 0.020, 0.100, 57
train,    54, -8.800241,    9, 1.00,    6, 0.000, 0.020, 0.100, 57
train,    55, -4.040169,   30, 1.00,   13, 0.000, 0.020, 0.100, 58
train,    56, -2.852810,   24, 1.00,    9, 0.000, 0.020, 0.100, 58
train,    57, 2.442845,   61, 1.00,   25, 0.000, 0.020, 0.100, 58
train,    58, -8.887089,    6, 1.00,    4, 0.000, 0.020, 0.100, 58
train,    59, 12.889398,   21, 1.00,    2, 0.000, 0.020, 0.100, 58
train,    60, -12.548618,    6, 1.00,    5, 0.000, 0.020, 0.100, 58
train,    61, -7.594288,    8, 1.00,    4, 0.000, 0.020, 0.100, 58
train,    62, -7.841478,    7, 1.00,    4, 0.000, 0.020, 0.100, 58
train,    63, -1.611381,   11, 1.00,    3, 0.020, 0.020, 0.100, 58
train,    64, -10.023531,   29, 1.00,   13, 0.000, 0.020, 0.100, 58
train,    65, -6.426040,    7, 1.00,    2, 0.000, 0.020, 0.100, 58
train,    66, -4.075368,   12, 1.00,    4, 0.020, 0.020, 0.100, 59
train,    67, -3.514304,    9, 1.00,    3, 0.020, 0.020, 0.100, 59
train,    68, -11.968072,    9, 1.00,    5, 0.000, 0.020, 0.100, 59
train,    69, 3.302078,   16, 1.00,    4, 0.000, 0.020, 0.100, 59
train,    70, -5.449961,    5, 1.00,    2, 0.000, 0.020, 0.100, 59
train,    71, -12.359531,   16, 1.00,   11, 0.000, 0.020, 0.100, 59
train,    72, -6.536776,    3, 1.00,    1, 0.000, 0.020, 0.100, 59
train,    73, -2.598137,    9, 1.00,    1, 0.000, 0.020, 0.100, 59
train,    74, -7.124771,   17, 1.00,    8, 0.000, 0.020, 0.100, 59
update,   74,    2,  523, -3.457114, 0.000000
val_save, 74, 92.202090, 0.0000, 150.0000,   0.0000, 1.0000,  20.0069
val,      74, 92.202090, 0.0000, 150.0000,   0.0000, 1.0000,  20.0069
train,    75, 1.818089,   31, 1.00,   11, 0.000, 0.020, 0.100, 60
train,    76, -5.775462,   11, 1.00,    4, 0.000, 0.020, 0.100, 60
train,    77, -2.628314,   14, 1.00,    6, 0.000, 0.020, 0.100, 60
train,    78, -4.131258,   11, 1.00,    5, 0.000, 0.020, 0.100, 60
train,    79, -12.066020,    6, 1.00,    5, 0.020, 0.020, 0.100, 60
train,    80, -3.363078,   10, 1.00,    3, 0.000, 0.020, 0.100, 60
train,    81, -6.633725,   26, 1.00,   11, 0.000, 0.020, 0.100, 60
train,    82, -4.329868,   17, 1.00,    6, 0.000, 0.020, 0.100, 60
train,    83, -2.244388,   43, 1.00,   17, 0.000, 0.020, 0.100, 60
train,    84, -0.701381,   15, 1.00,    4, 0.000, 0.020, 0.100, 60
train,    85, -6.395811,   10, 1.00,    4, 0.000, 0.020, 0.100, 60
train,    86, -7.814256,    5, 1.00,    2, 0.020, 0.020, 0.100, 60
train,    87, 1.930809,   18, 1.00,    4, 0.020, 0.020, 0.100, 60
train,    88, -6.413652,    3, 1.00,    1, 0.020, 0.020, 0.100, 60
train,    89, -3.188497,   23, 1.00,    8, 0.000, 0.020, 0.100, 60
train,    90, 6.574947,   43, 1.00,   14, 0.000, 0.020, 0.100, 60
train,    91, -5.080619,    5, 1.00,    1, 0.000, 0.020, 0.100, 60
train,    92, -4.888538,    8, 1.00,    3, 0.000, 0.020, 0.100, 60
train,    93, 2.678555,   30, 1.00,   11, 0.000, 0.020, 0.100, 60
train,    94, -0.012615,   10, 1.00,    2, 0.000, 0.020, 0.100, 60
train,    95, -6.340023,    2, 1.00,    0, 0.000, 0.020, 0.100, 60
train,    96, -6.444010,   16, 1.00,    7, 0.020, 0.020, 0.100, 60
train,    97, 0.565209,   25, 1.00,   10, 0.000, 0.020, 0.100, 60
train,    98, -0.979063,    8, 1.00,    1, 0.020, 0.020, 0.100, 60
train,    99, -6.650472,    6, 1.00,    2, 0.020, 0.020, 0.100, 60
val_save, 99, 95.517880, 0.0000, 150.0000,   0.0000, 1.0000,  20.0069
val,      99, 95.517880, 0.0000, 150.0000,   0.0000, 1.0000,  20.0069
curriculum,noise_cap 0.0200 -> 0.0400, entropy 0.1000 -> 0.1000
train,    100, -7.572212,    8, 1.00,    5, 0.000, 0.040, 0.100, 60
train,    101, 19.942691,   95, 1.00,   29, 0.000, 0.040, 0.100, 60
train,    102, 21.059886,   36, 1.00,    8, 0.040, 0.040, 0.100, 60
update,   102,    3,  535, -1.866341, 0.000000
train,    103, -5.812500,    9, 1.00,    3, 0.000, 0.040, 0.100, 60
train,    104, 9.201836,   21, 1.00,    3, 0.040, 0.040, 0.100, 60
train,    105, 0.799864,   30, 1.00,    8, 0.000, 0.040, 0.100, 60
train,    106, 0.211558,   25, 1.00,   10, 0.000, 0.040, 0.100, 60
train,    107, -2.802420,   21, 1.00,    7, 0.000, 0.040, 0.100, 60
train,    108, -8.480270,   19, 1.00,    9, 0.000, 0.040, 0.100, 60
train,    109, -5.832494,    4, 1.00,    1, 0.000, 0.040, 0.100, 60
train,    110, 10.011935,   50, 1.00,   16, 0.000, 0.040, 0.100, 60
train,    111, 1.441904,   14, 1.00,    3, 0.000, 0.040, 0.100, 60
train,    112, -4.401458,   13, 1.00,    3, 0.040, 0.040, 0.100, 60
train,    113, 8.424100,   21, 1.00,    3, 0.000, 0.040, 0.100, 60
train,    114, -6.305822,    3, 1.00,    1, 0.000, 0.040, 0.100, 60
train,    115, -0.401537,   11, 1.00,    4, 0.000, 0.040, 0.100, 60
train,    116, -2.191824,   15, 1.00,    4, 0.000, 0.040, 0.100, 60
train,    117, -5.270986,    4, 1.00,    1, 0.000, 0.040, 0.100, 60
train,    118, 5.200760,   26, 1.00,    8, 0.000, 0.040, 0.100, 60
train,    119, -6.220892,    2, 1.00,    0, 0.000, 0.040, 0.100, 60
train,    120, -5.644703,    3, 1.00,    0, 0.000, 0.040, 0.100, 60
train,    121, 8.003314,   23, 1.00,    4, 0.000, 0.040, 0.100, 60
train,    122, -6.719719,    6, 1.00,    2, 0.000, 0.040, 0.100, 60
train,    123, -7.207271,    6, 1.00,    3, 0.000, 0.040, 0.100, 60
train,    124, -6.413568,    8, 1.00,    2, 0.000, 0.040, 0.100, 60
val,      124, 0.809316, 1.0000,   7.6000,   0.0000, 0.0000,  28.4293
train,    125, -8.263652,    3, 1.00,    2, 0.000, 0.040, 0.100, 60
train,    126, -9.168144,    3, 1.00,    2, 0.000, 0.040, 0.100, 60
train,    127, 5.280028,   22, 1.00,    8, 0.000, 0.040, 0.100, 60
train,    128, 8.312813,   16, 1.00,    1, 0.000, 0.040, 0.100, 60
train,    129, -7.293784,    4, 1.00,    2, 0.000, 0.040, 0.100, 60
train,    130, 12.515136,   22, 1.00,    2, 0.040, 0.040, 0.100, 60
train,    131, -3.841298,   14, 1.00,    4, 0.040, 0.040, 0.100, 60
train,    132, 14.626014,   53, 1.00,   13, 0.000, 0.040, 0.100, 60
train,    133, -8.117351,    5, 1.00,    3, 0.040, 0.040, 0.100, 60
train,    134, 5.937277,   34, 1.00,    9, 0.000, 0.040, 0.100, 60
train,    135, 1.729313,   23, 1.00,    7, 0.000, 0.040, 0.100, 60
update,   135,    4,  533, -1.714869, 0.000000
train,    136, 2.160168,   69, 1.00,   26, 0.040, 0.040, 0.100, 60
train,    137, 3.391753,   24, 1.00,    5, 0.000, 0.040, 0.100, 60
train,    138, -5.396725,    7, 1.00,    2, 0.000, 0.040, 0.100, 60
train,    139, 18.874024,   82, 1.00,   26, 0.040, 0.040, 0.100, 60
train,    140, -2.827747,    9, 1.00,    4, 0.000, 0.040, 0.100, 60
train,    141, -4.088979,   11, 1.00,    4, 0.000, 0.040, 0.100, 60
train,    142, 3.254824,   18, 1.00,    6, 0.000, 0.040, 0.100, 60
train,    143, -11.773634,    5, 1.00,    4, 0.000, 0.040, 0.100, 60
train,    144, -4.178220,    6, 1.00,    1, 0.000, 0.040, 0.100, 60
train,    145, -5.373162,   12, 1.00,    5, 0.000, 0.040, 0.100, 60
train,    146, -6.647043,    3, 1.00,    1, 0.000, 0.040, 0.100, 60
train,    147, -1.674497,    8, 1.00,    0, 0.000, 0.040, 0.100, 60
train,    148, -4.076850,    8, 1.00,    2, 0.000, 0.040, 0.100, 60
train,    149, -3.503669,   23, 1.00,    8, 0.000, 0.040, 0.100, 60
val,      149, 8.228968, 1.0000,  13.6000,   0.0000, 0.0000,  29.1359
train,    150, 24.176369,   76, 1.00,   23, 0.000, 0.040, 0.100, 60
train,    151, 7.307656,   41, 1.00,   14, 0.000, 0.040, 0.100, 60
train,    152, -6.343833,    4, 1.00,    1, 0.040, 0.040, 0.100, 60
train,    153, 6.332257,   46, 1.00,   14, 0.000, 0.040, 0.100, 60
train,    154, -1.051638,   11, 1.00,    4, 0.000, 0.040, 0.100, 60
train,    155, -4.733522,    6, 1.00,    0, 0.040, 0.040, 0.100, 60
train,    156, 29.712395,   75, 1.00,   20, 0.000, 0.040, 0.100, 60
update,   156,    5,  544, -0.192339, 0.000000
train,    157, -7.947961,    3, 1.00,    2, 0.000, 0.040, 0.100, 60
train,    158, 13.706150,   49, 1.00,   10, 0.040, 0.040, 0.100, 60
train,    159, 5.088852,   19, 1.00,    5, 0.040, 0.040, 0.100, 60
train,    160, -6.996546,    7, 1.00,    3, 0.000, 0.040, 0.100, 60
train,    161, -3.278255,   11, 1.00,    4, 0.000, 0.040, 0.100, 60
train,    162, -3.766534,    6, 1.00,    2, 0.000, 0.040, 0.100, 60
train,    163, -9.953027,    4, 1.00,    3, 0.040, 0.040, 0.100, 60
train,    164, -6.944531,    3, 1.00,    1, 0.000, 0.040, 0.100, 60
train,    165, 10.015942,   47, 1.00,   14, 0.040, 0.040, 0.100, 60
train,    166, -6.679920,    3, 1.00,    1, 0.040, 0.040, 0.100, 60
train,    167, -4.535761,   14, 1.00,    5, 0.000, 0.040, 0.100, 60
train,    168, -5.105497,    6, 1.00,    2, 0.000, 0.040, 0.100, 60
train,    169, -5.967691,    4, 1.00,    1, 0.000, 0.040, 0.100, 60
train,    170, -8.006708,    7, 1.00,    3, 0.000, 0.040, 0.100, 60
train,    171, -6.524102,    5, 1.00,    1, 0.040, 0.040, 0.100, 60
train,    172, -0.497203,   25, 1.00,    8, 0.000, 0.040, 0.100, 60
train,    173, -0.824826,   15, 1.00,    5, 0.000, 0.040, 0.100, 60
train,    174, -2.768835,   31, 1.00,   14, 0.000, 0.040, 0.100, 60
val,      174, -0.075193, 1.0000,   6.8000,   0.0000, 0.0000,  28.0326
train,    175, -3.527421,    6, 1.00,    1, 0.040, 0.040, 0.100, 60
train,    176, -1.446676,   18, 1.00,    6, 0.000, 0.040, 0.100, 60
train,    177, -6.251185,   18, 1.00,    7, 0.000, 0.040, 0.100, 60
train,    178, 4.944088,   12, 1.00,    1, 0.000, 0.040, 0.100, 60
train,    179, -3.814993,    8, 1.00,    3, 0.000, 0.040, 0.100, 60
train,    180, -6.961420,    4, 1.00,    2, 0.000, 0.040, 0.100, 60
train,    181, -5.221403,    4, 1.00,    1, 0.000, 0.040, 0.100, 60
train,    182, -9.989213,    4, 1.00,    3, 0.000, 0.040, 0.100, 60
train,    183, -4.057488,    5, 1.00,    0, 0.040, 0.040, 0.100, 60
train,    184, 2.872621,   25, 1.00,    4, 0.000, 0.040, 0.100, 60
train,    185, -11.673078,    7, 1.00,    5, 0.000, 0.040, 0.100, 60
train,    186, -7.482902,    4, 1.00,    2, 0.040, 0.040, 0.100, 60
train,    187, -4.928181,    6, 1.00,    2, 0.000, 0.040, 0.100, 60
train,    188, -5.261658,   18, 1.00,    7, 0.000, 0.040, 0.100, 60
train,    189, -4.742101,    4, 1.00,    1, 0.000, 0.040, 0.100, 60
train,    190, -6.403662,    4, 1.00,    1, 0.000, 0.040, 0.100, 60
train,    191, -6.628455,    4, 1.00,    1, 0.000, 0.040, 0.100, 60
train,    192, 0.892389,   10, 1.00,    2, 0.000, 0.040, 0.100, 60
train,    193, 2.869794,   16, 1.00,    5, 0.000, 0.040, 0.100, 60
train,    194, -2.755323,   24, 1.00,    9, 0.000, 0.040, 0.100, 60
train,    195, 1.444752,   16, 1.00,    2, 0.000, 0.040, 0.100, 60
train,    196, 0.315478,   13, 1.00,    3, 0.000, 0.040, 0.100, 60
train,    197, -0.219927,    8, 1.00,    1, 0.040, 0.040, 0.100, 60
train,    198, -1.677720,   10, 1.00,    3, 0.040, 0.040, 0.100, 60
train,    199, -4.036165,   14, 1.00,    5, 0.000, 0.040, 0.100, 60
update,   199,    6,  521, -2.968741, -0.000000
val,      199, 3.529490, 1.0000,  13.0000,   0.0000, 0.0000,  24.4392
train,    200, 0.977677,   12, 1.00,    2, 0.000, 0.040, 0.100, 60
train,    201, -6.128449,   11, 1.00,    4, 0.000, 0.040, 0.100, 60
train,    202, 0.265179,   22, 1.00,    6, 0.000, 0.040, 0.100, 60
train,    203, -2.627178,   17, 1.00,    4, 0.000, 0.040, 0.100, 60
train,    204, 5.526474,   23, 1.00,    4, 0.000, 0.040, 0.100, 60
train,    205, 2.799084,   22, 1.00,    7, 0.040, 0.040, 0.100, 60
train,    206, 3.356987,   15, 1.00,    4, 0.000, 0.040, 0.100, 60
train,    207, 6.530266,   20, 1.00,    3, 0.040, 0.040, 0.100, 60
train,    208, -5.096333,   10, 1.00,    2, 0.000, 0.040, 0.100, 60
train,    209, -0.907447,   48, 1.00,   20, 0.000, 0.040, 0.100, 60
train,    210, 0.514789,   24, 1.00,    8, 0.000, 0.040, 0.100, 60
train,    211, -0.176015,    8, 1.00,    1, 0.000, 0.040, 0.100, 60
train,    212, -0.916797,   17, 1.00,    5, 0.000, 0.040, 0.100, 60
train,    213, -4.074141,    6, 1.00,    2, 0.040, 0.040, 0.100, 60
train,    214, -2.804183,    7, 1.00,    2, 0.000, 0.040, 0.100, 60
train,    215, 0.599468,   15, 1.00,    3, 0.000, 0.040, 0.100, 60
train,    216, -7.347480,    9, 1.00,    5, 0.000, 0.040, 0.100, 60
train,    217, -0.457701,   15, 1.00,    4, 0.040, 0.040, 0.100, 60
train,    218, -7.997177,   10, 1.00,    5, 0.000, 0.040, 0.100, 60
train,    219, -1.500387,    8, 1.00,    1, 0.000, 0.040, 0.100, 60
train,    220, -0.337026,   15, 1.00,    6, 0.000, 0.040, 0.100, 60
train,    221, -5.347380,   16, 1.00,    6, 0.040, 0.040, 0.100, 60
train,    222, -2.077139,   31, 1.00,   12, 0.000, 0.040, 0.100, 60
train,    223, -5.481111,    7, 1.00,    2, 0.000, 0.040, 0.100, 60
train,    224, -3.994663,    5, 1.00,    1, 0.040, 0.040, 0.100, 60
val,      224, 16.441112, 1.0000,  26.0000,   0.0000, 0.0000,  24.5562
train,    225, 3.623082,   42, 1.00,   14, 0.040, 0.040, 0.100, 60
train,    226, -0.081590,   16, 1.00,    5, 0.000, 0.040, 0.100, 60
train,    227, -2.746271,   18, 1.00,    6, 0.000, 0.040, 0.100, 60
train,    228, -1.408641,   10, 1.00,    3, 0.040, 0.040, 0.100, 60
train,    229, -7.305344,    4, 1.00,    2, 0.000, 0.040, 0.100, 60
train,    230, 5.378165,   27, 1.00,    7, 0.000, 0.040, 0.100, 60
train,    231, 9.773233,   24, 1.00,    4, 0.000, 0.040, 0.100, 60
update,   231,    7,  534, -2.514656, 0.000000
train,    232, -5.220004,    6, 1.00,    2, 0.000, 0.040, 0.100, 60
train,    233, -3.546307,    7, 1.00,    2, 0.000, 0.040, 0.100, 60
train,    234, 0.319914,   26, 1.00,    8, 0.000, 0.040, 0.100, 60
train,    235, -4.777421,    4, 1.00,    1, 0.000, 0.040, 0.100, 60
train,    236, -5.280676,   10, 1.00,    4, 0.040, 0.040, 0.100, 60
train,    237, -5.219961,    6, 1.00,    2, 0.040, 0.040, 0.100, 60
train,    238, -2.568939,    7, 1.00,    1, 0.000, 0.040, 0.100, 60
train,    239, -7.004728,   24, 1.00,   10, 0.000, 0.040, 0.100, 60
train,    240, -6.525886,    4, 1.00,    2, 0.000, 0.040, 0.100, 60
train,    241, -3.780068,    6, 1.00,    1, 0.000, 0.040, 0.100, 60
train,    242, 8.097899,   44, 1.00,   17, 0.000, 0.040, 0.100, 60
train,    243, -8.174590,    8, 1.00,    4, 0.040, 0.040, 0.100, 60
train,    244, -7.183979,    4, 1.00,    2, 0.000, 0.040, 0.100, 60
train,    245, 1.856042,   19, 1.00,    3, 0.000, 0.040, 0.100, 60
train,    246, -5.931406,    3, 1.00,    1, 0.000, 0.040, 0.100, 60
train,    247, -7.285671,    3, 1.00,    1, 0.000, 0.040, 0.100, 60
train,    248, -2.407474,    8, 1.00,    1, 0.000, 0.040, 0.100, 60
train,    249, -3.591910,   10, 1.00,    3, 0.000, 0.040, 0.100, 60
val,      249, 13.832967, 1.0000,  24.4000,   0.0000, 0.0000,  24.0421
train,    250, -9.914481,    4, 1.00,    3, 0.000, 0.040, 0.100, 60
train,    251, -3.839785,    5, 1.00,    1, 0.000, 0.040, 0.100, 60
train,    252, -6.145428,    5, 1.00,    2, 0.000, 0.040, 0.100, 60
train,    253, -8.184643,   20, 1.00,    8, 0.040, 0.040, 0.100, 60
train,    254, -11.755870,    3, 1.00,    3, 0.000, 0.040, 0.100, 60
train,    255, 2.039315,   15, 1.00,    3, 0.000, 0.040, 0.100, 60
train,    256, 1.599920,   13, 1.00,    3, 0.000, 0.040, 0.100, 60
train,    257, -7.229125,    5, 1.00,    2, 0.000, 0.040, 0.100, 60
train,    258, -7.302253,   16, 1.00,    7, 0.000, 0.040, 0.100, 60
train,    259, -9.337521,   13, 1.00,    7, 0.000, 0.040, 0.100, 60
train,    260, 0.423099,   15, 1.00,    3, 0.040, 0.040, 0.100, 60
train,    261, -5.242439,   12, 1.00,    5, 0.000, 0.040, 0.100, 60
train,    262, -3.235844,   22, 1.00,    7, 0.000, 0.040, 0.100, 60
train,    263, -3.242719,   11, 1.00,    4, 0.040, 0.040, 0.100, 60
train,    264, -6.368261,    2, 1.00,    0, 0.000, 0.040, 0.100, 60
train,    265, 0.106774,   14, 1.00,    2, 0.000, 0.040, 0.100, 60
train,    266, -13.096458,   30, 1.00,   15, 0.000, 0.040, 0.100, 60
train,    267, -5.030867,   18, 1.00,    7, 0.000, 0.040, 0.100, 60
train,    268, -7.393618,   20, 1.00,    9, 0.040, 0.040, 0.100, 60
train,    269, 15.181718,   57, 1.00,   17, 0.040, 0.040, 0.100, 60
train,    270, -2.348128,   12, 1.00,    3, 0.040, 0.040, 0.100, 60
train,    271, 6.787853,   23, 1.00,    8, 0.000, 0.040, 0.100, 60
update,   271,    8,  534, -4.173506, 0.000000
train,    272, -0.099995,   41, 1.00,   16, 0.000, 0.040, 0.100, 60
train,    273, -0.035866,   10, 1.00,    2, 0.000, 0.040, 0.100, 60
train,    274, -5.347284,    5, 1.00,    1, 0.000, 0.040, 0.100, 60
val,      274, 9.680895, 1.0000,  20.4000,   0.0000, 0.0000,  24.0663
train,    275, -7.887620,    8, 1.00,    5, 0.000, 0.040, 0.100, 60
train,    276, 7.605062,   17, 1.00,    1, 0.040, 0.040, 0.100, 60
train,    277, 2.395029,   52, 1.00,   18, 0.040, 0.040, 0.100, 60
train,    278, -5.588989,    8, 1.00,    3, 0.000, 0.040, 0.100, 60
train,    279, -0.364290,   18, 1.00,    5, 0.040, 0.040, 0.100, 60
train,    280, -0.054035,    8, 1.00,    1, 0.000, 0.040, 0.100, 60
train,    281, -7.864447,   13, 1.00,    6, 0.000, 0.040, 0.100, 60
train,    282, -3.738140,    8, 1.00,    3, 0.000, 0.040, 0.100, 60
train,    283, -9.199348,    5, 1.00,    3, 0.000, 0.040, 0.100, 60
train,    284, -3.709511,   10, 1.00,    3, 0.000, 0.040, 0.100, 60
train,    285, 9.738653,   32, 1.00,    7, 0.000, 0.040, 0.100, 60
train,    286, -1.025898,   13, 1.00,    4, 0.000, 0.040, 0.100, 60
train,    287, -5.835592,    4, 1.00,    1, 0.000, 0.040, 0.100, 60
train,    288, -2.096050,   24, 1.00,    8, 0.000, 0.040, 0.100, 60
train,    289, 3.655980,   21, 1.00,    6, 0.040, 0.040, 0.100, 60
train,    290, -8.555229,    3, 1.00,    2, 0.040, 0.040, 0.100, 60
train,    291, -7.003459,    7, 1.00,    3, 0.000, 0.040, 0.100, 60
train,    292, -5.057926,    3, 1.00,    0, 0.000, 0.040, 0.100, 60
train,    293, -6.325340,    2, 1.00,    0, 0.000, 0.040, 0.100, 60
train,    294, -8.327046,    9, 1.00,    4, 0.040, 0.040, 0.100, 60
train,    295, 0.171345,   12, 1.00,    4, 0.000, 0.040, 0.100, 60
train,    296, -5.402085,    4, 1.00,    1, 0.000, 0.040, 0.100, 60
train,    297, -2.751233,   31, 1.00,   15, 0.000, 0.040, 0.100, 60
train,    298, -6.196733,   10, 1.00,    6, 0.000, 0.040, 0.100, 60
train,    299, -1.166662,   16, 1.00,    5, 0.000, 0.040, 0.100, 60
val,      299, 14.065019, 1.0000,  24.4000,   0.0000, 0.0000,  24.7354
train,    300, 4.138003,   17, 1.00,    4, 0.000, 0.040, 0.100, 60
train,    301, -3.584618,    9, 1.00,    3, 0.000, 0.040, 0.100, 60
train,    302, -0.426055,   11, 1.00,    2, 0.000, 0.040, 0.100, 60
train,    303, -9.614027,    9, 1.00,    6, 0.000, 0.040, 0.100, 60
train,    304, -1.839022,   11, 1.00,    4, 0.040, 0.040, 0.100, 60
train,    305, -6.516376,    4, 1.00,    1, 0.000, 0.040, 0.100, 60
train,    306, 0.588402,   16, 1.00,    6, 0.000, 0.040, 0.100, 60
train,    307, -6.704147,    7, 1.00,    3, 0.000, 0.040, 0.100, 60
train,    308, -2.057259,   32, 1.00,   11, 0.000, 0.040, 0.100, 60
train,    309, -2.852530,   18, 1.00,    5, 0.000, 0.040, 0.100, 60
update,   309,    9,  528, -3.499745, 0.000000
train,    310, 12.567300,   27, 1.00,    7, 0.000, 0.040, 0.100, 60
train,    311, 1.307088,   23, 1.00,    6, 0.000, 0.040, 0.100, 60
train,    312, -8.747043,    3, 1.00,    2, 0.040, 0.040, 0.100, 60
train,    313, -0.320458,    9, 1.00,    0, 0.040, 0.040, 0.100, 60
train,    314, -0.192163,   17, 1.00,    8, 0.000, 0.040, 0.100, 60
train,    315, -4.717290,    7, 1.00,    3, 0.000, 0.040, 0.100, 60
train,    316, -6.695479,   33, 1.00,   15, 0.000, 0.040, 0.100, 60
train,    317, -4.958033,   42, 1.00,   15, 0.000, 0.040, 0.100, 60
train,    318, -4.222328,   10, 1.00,    2, 0.000, 0.040, 0.100, 60
train,    319, -4.670047,   12, 1.00,    5, 0.000, 0.040, 0.100, 60
train,    320, -3.975714,    4, 1.00,    1, 0.000, 0.040, 0.100, 60
train,    321, -7.796817,    6, 1.00,    4, 0.000, 0.040, 0.100, 60
train,    322, -3.326677,    9, 1.00,    3, 0.000, 0.040, 0.100, 60
train,    323, -1.300969,   21, 1.00,    5, 0.000, 0.040, 0.100, 60
train,    324, -0.908593,    9, 1.00,    2, 0.000, 0.040, 0.100, 60
val,      324, 94.412617, 0.0000, 150.0000,   0.0000, 1.0000,  20.0069
train,    325, 7.578842,   36, 1.00,    8, 0.000, 0.040, 0.100, 60
train,    326, -1.470193,   18, 1.00,    7, 0.000, 0.040, 0.100, 60
train,    327, -11.630120,   12, 1.00,    7, 0.000, 0.040, 0.100, 60
train,    328, -6.855170,   17, 1.00,    8, 0.000, 0.040, 0.100, 60
train,    329, -2.582988,   22, 1.00,    7, 0.000, 0.040, 0.100, 60
train,    330, 3.508027,   19, 1.00,    6, 0.040, 0.040, 0.100, 60
train,    331, -3.467066,   10, 1.00,    2, 0.000, 0.040, 0.100, 60
train,    332, -6.737270,    4, 1.00,    1, 0.040, 0.040, 0.100, 60
train,    333, -6.498413,    3, 1.00,    1, 0.000, 0.040, 0.100, 60
train,    334, -6.472626,    4, 1.00,    2, 0.000, 0.040, 0.100, 60
train,    335, -9.856592,   10, 1.00,    6, 0.000, 0.040, 0.100, 60
train,    336, -2.132847,   17, 1.00,    5, 0.000, 0.040, 0.100, 60
train,    337, -0.506122,   10, 1.00,    2, 0.040, 0.040, 0.100, 60
train,    338, 1.019626,   30, 1.00,   10, 0.000, 0.040, 0.100, 60
train,    339, -6.151070,    4, 1.00,    1, 0.000, 0.040, 0.100, 60
train,    340, -4.195252,    6, 1.00,    2, 0.040, 0.040, 0.100, 60
train,    341, -6.570961,    3, 1.00,    1, 0.000, 0.040, 0.100, 60
train,    342, -7.290406,   21, 1.00,   10, 0.040, 0.040, 0.100, 60
train,    343, -8.160848,   11, 1.00,    5, 0.000, 0.040, 0.100, 60
train,    344, -1.477333,   25, 1.00,    7, 0.000, 0.040, 0.100, 60
update,   344,   10,  514, -3.973109, 0.000000
train,    345, -0.792554,   35, 1.00,   10, 0.000, 0.040, 0.100, 60
train,    346, 1.912595,   42, 1.00,   14, 0.000, 0.040, 0.100, 60
train,    347, -5.982675,    6, 1.00,    2, 0.040, 0.040, 0.100, 60
train,    348, -3.253322,   28, 1.00,   11, 0.000, 0.040, 0.100, 60
train,    349, -7.118975,    3, 1.00,    1, 0.000, 0.040, 0.100, 60
val,      349, 94.412617, 0.0000, 150.0000,   0.0000, 1.0000,  20.0069
train,    350, 1.358056,   52, 1.00,   16, 0.000, 0.040, 0.100, 60
train,    351, 3.188038,   29, 1.00,    9, 0.040, 0.040, 0.100, 60
train,    352, 3.609157,   25, 1.00,    8, 0.040, 0.040, 0.100, 60
train,    353, -2.703125,    8, 1.00,    2, 0.040, 0.040, 0.100, 60
train,    354, 8.742277,   51, 1.00,   15, 0.000, 0.040, 0.100, 60
train,    355, 7.284243,   43, 1.00,   10, 0.000, 0.040, 0.100, 60
train,    356, 0.623984,   17, 1.00,    6, 0.000, 0.040, 0.100, 60
train,    357, -3.644755,   17, 1.00,    6, 0.040, 0.040, 0.100, 60
train,    358, -4.316269,   13, 1.00,    5, 0.040, 0.040, 0.100, 60
train,    359, -23.314045,   50, 1.00,   27, 0.000, 0.040, 0.100, 60
train,    360, -3.647185,   17, 1.00,    6, 0.000, 0.040, 0.100, 60
train,    361, -3.262571,    7, 1.00,    2, 0.000, 0.040, 0.100, 60
train,    362, 0.259333,   12, 1.00,    3, 0.000, 0.040, 0.100, 60
train,    363, -5.698298,    6, 1.00,    2, 0.000, 0.040, 0.100, 60
train,    364, -2.408976,   10, 1.00,    3, 0.000, 0.040, 0.100, 60
train,    365, -2.451364,   30, 1.00,   11, 0.000, 0.040, 0.100, 60
train,    366, -1.520949,   17, 1.00,    6, 0.040, 0.040, 0.100, 60
update,   366,   11,  518, -4.066475, 0.000000
train,    367, -6.530225,   10, 1.00,    4, 0.000, 0.040, 0.100, 60
train,    368, -0.146855,   31, 1.00,   10, 0.000, 0.040, 0.100, 60
train,    369, 4.351183,   31, 1.00,   10, 0.000, 0.040, 0.100, 60
train,    370, -3.152744,    8, 1.00,    2, 0.000, 0.040, 0.100, 60
train,    371, -6.443076,    6, 1.00,    2, 0.000, 0.040, 0.100, 60
train,    372, 0.437448,   13, 1.00,    2, 0.000, 0.040, 0.100, 60
train,    373, -7.409570,    5, 1.00,    3, 0.000, 0.040, 0.100, 60
train,    374, -10.308127,   11, 1.00,    6, 0.000, 0.040, 0.100, 60
val,      374, 92.202090, 0.0000, 150.0000,   0.0000, 1.0000,  20.0069
train,    375, -6.293695,   12, 1.00,    4, 0.000, 0.040, 0.100, 60
train,    376, -4.177220,   17, 1.00,    5, 0.040, 0.040, 0.100, 60
train,    377, -6.098808,    8, 1.00,    4, 0.000, 0.040, 0.100, 60
train,    378, -6.058143,   23, 1.00,    9, 0.040, 0.040, 0.100, 60
train,    379, -1.354219,   35, 1.00,   12, 0.000, 0.040, 0.100, 60
train,    380, -6.500954,    5, 1.00,    2, 0.040, 0.040, 0.100, 60
train,    381, 10.427236,   30, 1.00,    6, 0.000, 0.040, 0.100, 60
train,    382, 1.002282,   32, 1.00,   12, 0.000, 0.040, 0.100, 60
train,    383, -7.824596,   14, 1.00,    6, 0.000, 0.040, 0.100, 60
train,    384, -3.302160,   10, 1.00,    3, 0.000, 0.040, 0.100, 60
train,    385, -7.167850,   12, 1.00,    6, 0.000, 0.040, 0.100, 60
train,    386, -8.076883,    3, 1.00,    2, 0.000, 0.040, 0.100, 60
train,    387, -4.310460,    4, 1.00,    1, 0.000, 0.040, 0.100, 60
train,    388, -9.013818,    7, 1.00,    5, 0.040, 0.040, 0.100, 60
train,    389, -7.411128,    7, 1.00,    2, 0.000, 0.040, 0.100, 60
train,    390, -7.920998,   13, 1.00,    5, 0.000, 0.040, 0.100, 60
train,    391, -0.286289,    8, 1.00,    1, 0.000, 0.040, 0.100, 60
train,    392, -3.948555,    9, 1.00,    3, 0.040, 0.040, 0.100, 60
train,    393, 5.824286,   21, 1.00,    5, 0.040, 0.040, 0.100, 60
train,    394, -1.162936,   30, 1.00,   10, 0.000, 0.040, 0.100, 60
train,    395, -2.256159,   12, 1.00,    4, 0.040, 0.040, 0.100, 60
train,    396, 2.980776,   15, 1.00,    2, 0.040, 0.040, 0.100, 60
train,    397, 0.431117,   13, 1.00,    4, 0.000, 0.040, 0.100, 60
train,    398, -8.478630,    4, 1.00,    2, 0.000, 0.040, 0.100, 60
train,    399, -5.537396,    7, 1.00,    3, 0.000, 0.040, 0.100, 60
val,      399, 88.886301, 0.0000, 150.0000,   0.0000, 1.0000,  20.0069
train,    400, -6.564930,    3, 1.00,    1, 0.000, 0.040, 0.100, 60
train,    401, -3.136725,    9, 1.00,    3, 0.000, 0.040, 0.100, 60
train,    402, -6.851353,   18, 1.00,    7, 0.000, 0.040, 0.100, 60
train,    403, -7.220724,    7, 1.00,    3, 0.000, 0.040, 0.100, 60
train,    404, 4.457026,   34, 1.00,    9, 0.040, 0.040, 0.100, 60
update,   404,   12,  537, -3.992699, 0.000000
train,    405, 2.238355,   25, 1.00,    7, 0.000, 0.040, 0.100, 60
train,    406, -1.769038,   22, 1.00,    7, 0.000, 0.040, 0.100, 60
train,    407, -3.206736,    7, 1.00,    2, 0.040, 0.040, 0.100, 60
train,    408, -0.845429,   13, 1.00,    4, 0.000, 0.040, 0.100, 60
train,    409, -8.607162,    3, 1.00,    2, 0.000, 0.040, 0.100, 60
train,    410, -5.805257,   21, 1.00,    7, 0.000, 0.040, 0.100, 60
train,    411, 4.703594,   19, 1.00,    6, 0.000, 0.040, 0.100, 60
train,    412, -10.955941,   21, 1.00,   11, 0.000, 0.040, 0.100, 60
train,    413, -4.899406,    8, 1.00,    3, 0.000, 0.040, 0.100, 60
train,    414, -8.547657,    3, 1.00,    2, 0.040, 0.040, 0.100, 60
train,    415, -5.997969,    5, 1.00,    2, 0.040, 0.040, 0.100, 60
train,    416, -4.252417,    9, 1.00,    3, 0.000, 0.040, 0.100, 60
train,    417, 5.084718,   17, 1.00,    2, 0.000, 0.040, 0.100, 60
train,    418, -0.024144,   10, 1.00,    1, 0.000, 0.040, 0.100, 60
train,    419, -3.743489,   20, 1.00,   10, 0.000, 0.040, 0.100, 60
train,    420, -2.519548,   20, 1.00,   10, 0.040, 0.040, 0.100, 60
train,    421, -6.564053,    4, 1.00,    1, 0.040, 0.040, 0.100, 60
train,    422, -3.797834,   13, 1.00,    6, 0.000, 0.040, 0.100, 60
train,    423, -6.600790,    5, 1.00,    2, 0.000, 0.040, 0.100, 60
train,    424, -5.635259,   12, 1.00,    5, 0.000, 0.040, 0.100, 60
val,      424, 93.307353, 0.0000, 150.0000,   0.0000, 1.0000,  20.0069
train,    425, -0.863962,   10, 1.00,    2, 0.000, 0.040, 0.100, 60
train,    426, -2.639115,   10, 1.00,    3, 0.040, 0.040, 0.100, 60
train,    427, -5.337793,    6, 1.00,    2, 0.000, 0.040, 0.100, 60
train,    428, 4.229785,   23, 1.00,    7, 0.000, 0.040, 0.100, 60
train,    429, -6.895839,    4, 1.00,    1, 0.000, 0.040, 0.100, 60
train,    430, 8.306415,   39, 1.00,    8, 0.000, 0.040, 0.100, 60
train,    431, -3.966139,    9, 1.00,    3, 0.000, 0.040, 0.100, 60
train,    432, -4.915834,   12, 1.00,    5, 0.000, 0.040, 0.100, 60
train,    433, -5.199850,    4, 1.00,    1, 0.000, 0.040, 0.100, 60
train,    434, -9.909404,   12, 1.00,    6, 0.000, 0.040, 0.100, 60
train,    435, 11.735799,   26, 1.00,    5, 0.000, 0.040, 0.100, 60
train,    436, -6.248646,    9, 1.00,    3, 0.000, 0.040, 0.100, 60
train,    437, 5.878157,   38, 1.00,   11, 0.000, 0.040, 0.100, 60
train,    438, -3.800010,    8, 1.00,    3, 0.000, 0.040, 0.100, 60
train,    439, -2.346825,    7, 1.00,    2, 0.000, 0.040, 0.100, 60
train,    440, -1.503374,   61, 1.00,   25, 0.000, 0.040, 0.100, 60
update,   440,   13,  535, -4.038303, -0.000000
train,    441, -7.458462,    2, 1.00,    1, 0.000, 0.040, 0.100, 60
train,    442, -5.719551,   12, 1.00,    4, 0.000, 0.040, 0.100, 60
train,    443, -6.142188,   23, 1.00,    9, 0.000, 0.040, 0.100, 60
train,    444, -8.035016,    6, 1.00,    3, 0.000, 0.040, 0.100, 60
train,    445, 2.481527,   28, 1.00,   10, 0.000, 0.040, 0.100, 60
train,    446, 1.150891,   33, 1.00,    9, 0.000, 0.040, 0.100, 60
train,    447, -1.038633,   14, 1.00,    5, 0.000, 0.040, 0.100, 60
train,    448, -6.857002,    6, 1.00,    3, 0.000, 0.040, 0.100, 60
train,    449, -4.505459,   10, 1.00,    4, 0.000, 0.040, 0.100, 60
val,      449, 91.096827, 0.0000, 150.0000,   0.0000, 1.0000,  20.0069
train,    450, -8.285319,    4, 1.00,    2, 0.000, 0.040, 0.100, 60
train,    451, -4.002745,   24, 1.00,    9, 0.000, 0.040, 0.100, 60
train,    452, -5.546876,    5, 1.00,    1, 0.040, 0.040, 0.100, 60
train,    453, -4.165615,    9, 1.00,    3, 0.000, 0.040, 0.100, 60
train,    454, -2.729018,   25, 1.00,   10, 0.040, 0.040, 0.100, 60
train,    455, 0.344025,   19, 1.00,    5, 0.000, 0.040, 0.100, 60
train,    456, -4.485701,   14, 1.00,    6, 0.000, 0.040, 0.100, 60
train,    457, -5.381507,    5, 1.00,    2, 0.040, 0.040, 0.100, 60
train,    458, 7.270719,   56, 1.00,   18, 0.040, 0.040, 0.100, 60
train,    459, 1.775415,   16, 1.00,    4, 0.000, 0.040, 0.100, 60
train,    460, -1.033695,    7, 1.00,    1, 0.000, 0.040, 0.100, 60
train,    461, -5.888108,   12, 1.00,    5, 0.040, 0.040, 0.100, 60
train,    462, -3.640111,   25, 1.00,    8, 0.000, 0.040, 0.100, 60
train,    463, 7.451994,   45, 1.00,   11, 0.040, 0.040, 0.100, 60
train,    464, -4.372650,    9, 1.00,    3, 0.040, 0.040, 0.100, 60
train,    465, -9.305226,   21, 1.00,    8, 0.000, 0.040, 0.100, 60
train,    466, -6.768118,    9, 1.00,    4, 0.000, 0.040, 0.100, 60
train,    467, -4.312521,    8, 1.00,    3, 0.000, 0.040, 0.100, 60
train,    468, -3.610742,   22, 1.00,    9, 0.000, 0.040, 0.100, 60
train,    469, -2.586178,    8, 1.00,    1, 0.000, 0.040, 0.100, 60
train,    470, -7.570607,   19, 1.00,    9, 0.040, 0.040, 0.100, 60
train,    471, -8.858262,   29, 1.00,   12, 0.000, 0.040, 0.100, 60
update,   471,   14,  525, -4.208251, -0.000000
train,    472, -0.687516,   27, 1.00,    8, 0.000, 0.040, 0.100, 60
train,    473, -4.239314,    5, 1.00,    1, 0.000, 0.040, 0.100, 60
train,    474, -3.418317,    8, 1.00,    3, 0.000, 0.040, 0.100, 60
val,      474, 89.991564, 0.0000, 150.0000,   0.0000, 1.0000,  20.0069
train,    475, -1.436121,    7, 1.00,    0, 0.000, 0.040, 0.100, 60
train,    476, -6.431535,    5, 1.00,    2, 0.000, 0.040, 0.100, 60
train,    477, -6.672475,   17, 1.00,    8, 0.000, 0.040, 0.100, 60
train,    478, -3.288808,    7, 1.00,    1, 0.000, 0.040, 0.100, 60
train,    479, -4.885393,    5, 1.00,    2, 0.040, 0.040, 0.100, 60
train,    480, -3.738704,    5, 1.00,    1, 0.040, 0.040, 0.100, 60
train,    481, -7.707597,    3, 1.00,    1, 0.000, 0.040, 0.100, 60
train,    482, -6.520811,    4, 1.00,    1, 0.000, 0.040, 0.100, 60
train,    483, -1.306767,   12, 1.00,    2, 0.000, 0.040, 0.100, 60
train,    484, -3.616022,   11, 1.00,    5, 0.000, 0.040, 0.100, 60
train,    485, -5.809836,    4, 1.00,    0, 0.000, 0.040, 0.100, 60
train,    486, -4.374367,    7, 1.00,    2, 0.000, 0.040, 0.100, 60
train,    487, -2.390622,   25, 1.00,   12, 0.000, 0.040, 0.100, 60
train,    488, 15.326809,   38, 1.00,   10, 0.000, 0.040, 0.100, 60
train,    489, -0.004760,   23, 1.00,    9, 0.000, 0.040, 0.100, 60
train,    490, -7.181452,    5, 1.00,    3, 0.000, 0.040, 0.100, 60
train,    491, -8.070551,   11, 1.00,    5, 0.000, 0.040, 0.100, 60
train,    492, -6.190993,    7, 1.00,    3, 0.000, 0.040, 0.100, 60
train,    493, -5.706464,   23, 1.00,   10, 0.000, 0.040, 0.100, 60
train,    494, -5.428905,   26, 1.00,   10, 0.000, 0.040, 0.100, 60
train,    495, -3.829317,    8, 1.00,    3, 0.000, 0.040, 0.100, 60
train,    496, -2.883196,   15, 1.00,    5, 0.040, 0.040, 0.100, 60
train,    497, -6.978138,   14, 1.00,    6, 0.040, 0.040, 0.100, 60
train,    498, 3.314007,   16, 1.00,    4, 0.040, 0.040, 0.100, 60
train,    499, -4.537067,   10, 1.00,    3, 0.000, 0.040, 0.100, 60
val,      499, 91.096827, 0.0000, 150.0000,   0.0000, 1.0000,  20.0069
train,    500, 3.980892,   22, 1.00,    5, 0.000, 0.040, 0.100, 60
train,    501, 0.808320,   20, 1.00,    5, 0.040, 0.040, 0.100, 60
train,    502, -9.469909,    4, 1.00,    3, 0.000, 0.040, 0.100, 60
train,    503, -5.905598,    9, 1.00,    5, 0.000, 0.040, 0.100, 60
train,    504, -3.425935,   12, 1.00,    3, 0.000, 0.040, 0.100, 60
train,    505, -7.954986,    4, 1.00,    2, 0.000, 0.040, 0.100, 60
train,    506, 4.389879,   15, 1.00,    2, 0.000, 0.040, 0.100, 60
train,    507, -5.938981,    6, 1.00,    2, 0.000, 0.040, 0.100, 60
train,    508, -0.573092,   14, 1.00,    4, 0.000, 0.040, 0.100, 60
train,    509, 18.634565,   39, 1.00,    9, 0.000, 0.040, 0.100, 60
train,    510, -0.958017,    9, 1.00,    2, 0.000, 0.040, 0.100, 60
train,    511, 1.108719,   34, 1.00,   10, 0.040, 0.040, 0.100, 60
update,   511,   15,  536, -3.457338, -0.000000
train,    512, -3.003769,    7, 1.00,    1, 0.000, 0.040, 0.100, 60
train,    513, -7.250994,   17, 1.00,    8, 0.000, 0.040, 0.100, 60
train,    514, 0.949331,   34, 1.00,   14, 0.000, 0.040, 0.100, 60
train,    515, -8.568388,    8, 1.00,    4, 0.000, 0.040, 0.100, 60
train,    516, -10.733258,    3, 1.00,    3, 0.000, 0.040, 0.100, 60
train,    517, -5.989356,    3, 1.00,    0, 0.000, 0.040, 0.100, 60
train,    518, -7.261814,    5, 1.00,    2, 0.000, 0.040, 0.100, 60
train,    519, 10.133961,   49, 1.00,   14, 0.000, 0.040, 0.100, 60
train,    520, 2.783686,   29, 1.00,    7, 0.040, 0.040, 0.100, 60
train,    521, -4.809561,   18, 1.00,    6, 0.040, 0.040, 0.100, 60
train,    522, -7.703481,   11, 1.00,    5, 0.000, 0.040, 0.100, 60
train,    523, -5.860201,    4, 1.00,    1, 0.040, 0.040, 0.100, 60
train,    524, -0.184878,   17, 1.00,    6, 0.000, 0.040, 0.100, 60
val,      524, 89.991564, 0.0000, 150.0000,   0.0000, 1.0000,  20.0069
train,    525, 8.295005,   29, 1.00,    7, 0.000, 0.040, 0.100, 60
train,    526, -6.536776,    3, 1.00,    1, 0.000, 0.040, 0.100, 60
train,    527, 0.120065,   17, 1.00,    5, 0.000, 0.040, 0.100, 60
train,    528, 0.890655,   10, 1.00,    1, 0.040, 0.040, 0.100, 60
train,    529, -4.574981,   24, 1.00,    9, 0.040, 0.040, 0.100, 60
train,    530, -12.655426,   19, 1.00,   11, 0.000, 0.040, 0.100, 60
train,    531, 1.396115,   25, 1.00,    8, 0.040, 0.040, 0.100, 60
train,    532, -7.290865,    7, 1.00,    4, 0.000, 0.040, 0.100, 60
train,    533, -1.090442,   11, 1.00,    3, 0.000, 0.040, 0.100, 60
train,    534, -5.980663,   13, 1.00,    5, 0.040, 0.040, 0.100, 60
train,    535, -5.739562,   11, 1.00,    5, 0.000, 0.040, 0.100, 60
train,    536, -8.735813,    3, 1.00,    2, 0.040, 0.040, 0.100, 60
train,    537, -6.092048,    8, 1.00,    4, 0.040, 0.040, 0.100, 60
train,    538, -0.317405,   26, 1.00,    8, 0.000, 0.040, 0.100, 60
train,    539, -7.977826,    8, 1.00,    5, 0.000, 0.040, 0.100, 60
train,    540, -2.662330,   18, 1.00,    4, 0.000, 0.040, 0.100, 60
train,    541, -3.388787,   12, 1.00,    3, 0.000, 0.040, 0.100, 60
train,    542, -4.370792,    5, 1.00,    1, 0.000, 0.040, 0.100, 60
train,    543, -7.130531,    4, 1.00,    2, 0.000, 0.040, 0.100, 60
train,    544, 0.887068,   47, 1.00,   15, 0.000, 0.040, 0.100, 60
train,    545, -5.045462,    7, 1.00,    2, 0.000, 0.040, 0.100, 60
update,   545,   16,  512, -3.903953, -0.000000
train,    546, 0.463644,   23, 1.00,    6, 0.000, 0.040, 0.100, 60
train,    547, -2.696318,    9, 1.00,    3, 0.000, 0.040, 0.100, 60
train,    548, -4.566389,    9, 1.00,    3, 0.000, 0.040, 0.100, 60
train,    549, -7.846147,   17, 1.00,    8, 0.000, 0.040, 0.100, 60
val,      549, 92.202090, 0.0000, 150.0000,   0.0000, 1.0000,  20.0069
train,    550, 5.051445,   20, 1.00,    6, 0.000, 0.040, 0.100, 60
train,    551, -1.372052,   23, 1.00,   10, 0.040, 0.040, 0.100, 60
train,    552, 9.686718,   31, 1.00,    9, 0.000, 0.040, 0.100, 60
train,    553, 10.686863,   28, 1.00,    5, 0.000, 0.040, 0.100, 60
train,    554, -4.203639,   10, 1.00,    3, 0.000, 0.040, 0.100, 60
train,    555, -8.855677,   10, 1.00,    6, 0.000, 0.040, 0.100, 60
train,    556, -2.691514,   13, 1.00,    5, 0.000, 0.040, 0.100, 60
train,    557, -8.295310,   11, 1.00,    4, 0.000, 0.040, 0.100, 60
train,    558, -3.002915,   11, 1.00,    3, 0.040, 0.040, 0.100, 60
train,    559, 3.955751,   18, 1.00,    3, 0.000, 0.040, 0.100, 60
train,    560, 0.008828,   11, 1.00,    2, 0.000, 0.040, 0.100, 60
train,    561, -7.234817,    5, 1.00,    2, 0.000, 0.040, 0.100, 60
train,    562, -4.575920,    7, 1.00,    2, 0.040, 0.040, 0.100, 60
train,    563, -0.445753,   16, 1.00,    4, 0.000, 0.040, 0.100, 60
train,    564, -4.112866,   12, 1.00,    4, 0.000, 0.040, 0.100, 60
train,    565, -5.092061,    6, 1.00,    2, 0.000, 0.040, 0.100, 60
train,    566, 4.511639,   34, 1.00,   11, 0.000, 0.040, 0.100, 60
train,    567, -2.463687,   11, 1.00,    3, 0.000, 0.040, 0.100, 60
train,    568, -11.431462,    5, 1.00,    4, 0.000, 0.040, 0.100, 60
train,    569, 10.786311,   33, 1.00,    8, 0.000, 0.040, 0.100, 60
train,    570, 1.923073,   43, 1.00,   16, 0.000, 0.040, 0.100, 60
train,    571, -5.351722,    4, 1.00,    1, 0.000, 0.040, 0.100, 60
train,    572, -0.249129,   49, 1.00,   17, 0.000, 0.040, 0.100, 60
train,    573, -2.485096,    9, 1.00,    2, 0.040, 0.040, 0.100, 60
train,    574, -0.605981,   12, 1.00,    3, 0.000, 0.040, 0.100, 60
val,      574, 92.202090, 0.0000, 150.0000,   0.0000, 1.0000,  20.0069
train,    575, -4.423976,    4, 1.00,    0, 0.000, 0.040, 0.100, 60
train,    576, -5.774147,    8, 1.00,    4, 0.040, 0.040, 0.100, 60
train,    577, -5.350711,    5, 1.00,    1, 0.000, 0.040, 0.100, 60
train,    578, -7.026670,    6, 1.00,    3, 0.040, 0.040, 0.100, 60
update,   578,   17,  513, -3.178287, 0.000000
train,    579, -8.650720,    3, 1.00,    2, 0.000, 0.040, 0.100, 60
train,    580, 1.364241,   14, 1.00,    5, 0.040, 0.040, 0.100, 60
train,    581, -3.751463,    4, 1.00,    0, 0.000, 0.040, 0.100, 60
train,    582, -7.829366,    5, 1.00,    2, 0.000, 0.040, 0.100, 60
train,    583, -11.229293,    6, 1.00,    4, 0.000, 0.040, 0.100, 60
train,    584, 3.704863,   15, 1.00,    3, 0.000, 0.040, 0.100, 60
train,    585, 0.177114,   10, 1.00,    2, 0.040, 0.040, 0.100, 60
train,    586, -1.302592,   19, 1.00,    5, 0.000, 0.040, 0.100, 60
train,    587, 1.209519,   16, 1.00,    3, 0.000, 0.040, 0.100, 60
train,    588, -2.977619,    8, 1.00,    2, 0.000, 0.040, 0.100, 60
train,    589, -6.973802,    3, 1.00,    1, 0.000, 0.040, 0.100, 60
train,    590, -4.167088,   25, 1.00,    9, 0.000, 0.040, 0.100, 60
train,    591, -5.878705,    5, 1.00,    2, 0.000, 0.040, 0.100, 60
train,    592, -6.685554,   11, 1.00,    4, 0.040, 0.040, 0.100, 60
train,    593, -10.573090,    9, 1.00,    5, 0.000, 0.040, 0.100, 60
train,    594, -2.311106,   21, 1.00,    7, 0.000, 0.040, 0.100, 60
train,    595, 6.398770,   21, 1.00,    7, 0.000, 0.040, 0.100, 60
train,    596, 2.635171,   26, 1.00,    7, 0.000, 0.040, 0.100, 60
train,    597, -5.833632,    5, 1.00,    2, 0.000, 0.040, 0.100, 60
train,    598, -7.165430,    5, 1.00,    3, 0.000, 0.040, 0.100, 60
train,    599, 0.709484,   10, 1.00,    1, 0.000, 0.040, 0.100, 60
val,      599, 1.794711, 1.0000,   8.4000,   0.0000, 0.0000,  27.9603
train,    600, -7.958995,    5, 1.00,    2, 0.000, 0.040, 0.100, 60
train,    601, -6.120570,    3, 1.00,    1, 0.000, 0.040, 0.100, 60
train,    602, -6.265821,    3, 1.00,    1, 0.000, 0.040, 0.100, 60
train,    603, 6.433658,   15, 1.00,    2, 0.000, 0.040, 0.100, 60
train,    604, -3.943739,   10, 1.00,    4, 0.000, 0.040, 0.100, 60
train,    605, -6.636139,   22, 1.00,    9, 0.000, 0.040, 0.100, 60
train,    606, -7.249243,   32, 1.00,   13, 0.000, 0.040, 0.100, 60
train,    607, -0.254537,   15, 1.00,    3, 0.000, 0.040, 0.100, 60
train,    608, -4.054512,    5, 1.00,    1, 0.000, 0.040, 0.100, 60
train,    609, 4.463543,   17, 1.00,    3, 0.040, 0.040, 0.100, 60
train,    610, -8.802169,   18, 1.00,    9, 0.000, 0.040, 0.100, 60
train,    611, -11.791783,    6, 1.00,    4, 0.000, 0.040, 0.100, 60
train,    612, -1.927721,   11, 1.00,    4, 0.040, 0.040, 0.100, 60
train,    613, 2.902922,   13, 1.00,    2, 0.040, 0.040, 0.100, 60
train,    614, -9.032717,    3, 1.00,    2, 0.000, 0.040, 0.100, 60
train,    615, -8.070314,    3, 1.00,    2, 0.040, 0.040, 0.100, 60
train,    616, -6.683839,    4, 1.00,    2, 0.000, 0.040, 0.100, 60
train,    617, -6.814303,    6, 1.00,    2, 0.000, 0.040, 0.100, 60
train,    618, -7.637819,   12, 1.00,    5, 0.040, 0.040, 0.100, 60
train,    619, -2.700309,   10, 1.00,    3, 0.000, 0.040, 0.100, 60
train,    620, -5.617344,    5, 1.00,    2, 0.000, 0.040, 0.100, 60
train,    621, -4.519440,    9, 1.00,    3, 0.040, 0.040, 0.100, 60
train,    622, -7.394645,    2, 1.00,    1, 0.000, 0.040, 0.100, 60
train,    623, -6.381895,    4, 1.00,    2, 0.000, 0.040, 0.100, 60
train,    624, -8.383501,   15, 1.00,    8, 0.040, 0.040, 0.100, 60
val,      624, 5.410802, 1.0000,  11.2000,   0.0000, 0.0000,  28.9516
train,    625, 12.123293,   33, 1.00,    8, 0.040, 0.040, 0.100, 60
update,   625,   18,  522, -4.513340, -0.000000
train,    626, -6.925562,    2, 1.00,    1, 0.000, 0.040, 0.100, 60
train,    627, 4.539475,   24, 1.00,    4, 0.000, 0.040, 0.100, 60
train,    628, -7.629321,   16, 1.00,    7, 0.000, 0.040, 0.100, 60
train,    629, -1.413277,   14, 1.00,    5, 0.000, 0.040, 0.100, 60
train,    630, 3.180843,   54, 1.00,   19, 0.000, 0.040, 0.100, 60
train,    631, 2.884761,   17, 1.00,    3, 0.000, 0.040, 0.100, 60
train,    632, -11.184572,    3, 1.00,    3, 0.000, 0.040, 0.100, 60
train,    633, -6.673255,    4, 1.00,    2, 0.000, 0.040, 0.100, 60
train,    634, 7.319828,   46, 1.00,   15, 0.000, 0.040, 0.100, 60
train,    635, 10.923423,   24, 1.00,    5, 0.000, 0.040, 0.100, 60
train,    636, -0.741836,   14, 1.00,    4, 0.000, 0.040, 0.100, 60
train,    637, -6.387887,    3, 1.00,    1, 0.000, 0.040, 0.100, 60
train,    638, -6.622226,    5, 1.00,    3, 0.000, 0.040, 0.100, 60
train,    639, 1.038904,   13, 1.00,    3, 0.000, 0.040, 0.100, 60
train,    640, 7.721228,   61, 1.00,   18, 0.000, 0.040, 0.100, 60
train,    641, 13.169298,   23, 1.00,    1, 0.000, 0.040, 0.100, 60
train,    642, 0.871032,   15, 1.00,    3, 0.040, 0.040, 0.100, 60
train,    643, -8.959033,    3, 1.00,    2, 0.040, 0.040, 0.100, 60
train,    644, -2.160962,   13, 1.00,    3, 0.000, 0.040, 0.100, 60
train,    645, -4.784013,    8, 1.00,    2, 0.000, 0.040, 0.100, 60
train,    646, 1.292653,   22, 1.00,    5, 0.000, 0.040, 0.100, 60
train,    647, -2.174673,    7, 1.00,    1, 0.040, 0.040, 0.100, 60
train,    648, -3.260314,    9, 1.00,    2, 0.000, 0.040, 0.100, 60
train,    649, 6.005565,   19, 1.00,    4, 0.000, 0.040, 0.100, 60
val,      649, -0.467711, 1.0000,   6.8000,   0.0000, 0.0000,  28.1399
train,    650, -4.344768,    4, 1.00,    0, 0.000, 0.040, 0.100, 60
train,    651, -6.545304,    2, 1.00,    0, 0.000, 0.040, 0.100, 60
train,    652, -3.227758,    8, 1.00,    2, 0.000, 0.040, 0.100, 60
train,    653, -2.680759,    8, 1.00,    2, 0.000, 0.040, 0.100, 60
train,    654, -11.651518,    4, 1.00,    4, 0.000, 0.040, 0.100, 60
train,    655, -6.980271,   24, 1.00,    9, 0.000, 0.040, 0.100, 60
train,    656, -7.966129,    4, 1.00,    2, 0.000, 0.040, 0.100, 60
train,    657, -1.283501,   37, 1.00,   13, 0.000, 0.040, 0.100, 60
train,    658, 10.837266,   29, 1.00,    7, 0.000, 0.040, 0.100, 60
update,   658,   19,  539, -2.588387, 0.000000
train,    659, -5.683009,   10, 1.00,    4, 0.040, 0.040, 0.100, 60
train,    660, -2.312319,   13, 1.00,    3, 0.040, 0.040, 0.100, 60
train,    661, -4.188068,   26, 1.00,    9, 0.040, 0.040, 0.100, 60
train,    662, -0.308327,   41, 1.00,   14, 0.000, 0.040, 0.100, 60
train,    663, 0.556836,   19, 1.00,    5, 0.000, 0.040, 0.100, 60
train,    664, -7.901610,   15, 1.00,    7, 0.000, 0.040, 0.100, 60
train,    665, 4.185504,   12, 1.00,    2, 0.000, 0.040, 0.100, 60
train,    666, 2.138237,   22, 1.00,    6, 0.000, 0.040, 0.100, 60
train,    667, 4.815170,   23, 1.00,    4, 0.000, 0.040, 0.100, 60
train,    668, -1.452080,    6, 1.00,    0, 0.000, 0.040, 0.100, 60
train,    669, -5.907021,    4, 1.00,    1, 0.000, 0.040, 0.100, 60
train,    670, -5.502412,    6, 1.00,    2, 0.000, 0.040, 0.100, 60
train,    671, -2.998320,   38, 1.00,   13, 0.000, 0.040, 0.100, 60
train,    672, -1.590996,   16, 1.00,    7, 0.000, 0.040, 0.100, 60
train,    673, 2.298245,   29, 1.00,    9, 0.000, 0.040, 0.100, 60
train,    674, 2.189290,   25, 1.00,    8, 0.000, 0.040, 0.100, 60
val,      674, 5.284663, 1.0000,  12.2000,   0.0000, 0.0000,  27.5671
train,    675, -6.122076,    6, 1.00,    2, 0.000, 0.040, 0.100, 60
train,    676, -5.833444,   12, 1.00,    5, 0.000, 0.040, 0.100, 60
train,    677, -5.884017,   12, 1.00,    6, 0.000, 0.040, 0.100, 60
train,    678, 2.430374,   27, 1.00,    8, 0.000, 0.040, 0.100, 60
train,    679, -4.578212,   22, 1.00,    8, 0.040, 0.040, 0.100, 60
train,    680, -4.694924,   12, 1.00,    4, 0.000, 0.040, 0.100, 60
train,    681, -6.859928,   14, 1.00,    5, 0.000, 0.040, 0.100, 60
train,    682, -7.284481,   27, 1.00,   12, 0.040, 0.040, 0.100, 60
train,    683, -4.209994,    8, 1.00,    3, 0.000, 0.040, 0.100, 60
train,    684, -0.928597,   10, 1.00,    3, 0.000, 0.040, 0.100, 60
train,    685, 5.144992,   41, 1.00,   12, 0.000, 0.040, 0.100, 60
train,    686, -5.746463,    8, 1.00,    2, 0.000, 0.040, 0.100, 60
train,    687, -6.791252,    3, 1.00,    1, 0.000, 0.040, 0.100, 60
train,    688, -2.003721,    8, 1.00,    2, 0.040, 0.040, 0.100, 60
update,   688,   20,  515, -4.023881, 0.000000
train,    689, 1.022832,   46, 1.00,   16, 0.000, 0.040, 0.100, 60
train,    690, -6.450147,   11, 1.00,    4, 0.000, 0.040, 0.100, 60
train,    691, -13.408913,   54, 1.00,   27, 0.040, 0.040, 0.100, 60
train,    692, 7.900649,   41, 1.00,   14, 0.000, 0.040, 0.100, 60
train,    693, -2.028004,   13, 1.00,    3, 0.000, 0.040, 0.100, 60
train,    694, 0.758261,   16, 1.00,    6, 0.000, 0.040, 0.100, 60
train,    695, -6.425240,   10, 1.00,    4, 0.040, 0.040, 0.100, 60
train,    696, -2.992002,   11, 1.00,    3, 0.000, 0.040, 0.100, 60
train,    697, -8.837101,    3, 1.00,    2, 0.000, 0.040, 0.100, 60
train,    698, -1.921799,    8, 1.00,    2, 0.000, 0.040, 0.100, 60
train,    699, 1.141189,   17, 1.00,    4, 0.040, 0.040, 0.100, 60
val,      699, 93.307353, 0.0000, 150.0000,   0.0000, 1.0000,  20.0069
train,    700, -8.841695,    4, 1.00,    2, 0.000, 0.040, 0.100, 60
train,    701, -2.621459,    7, 1.00,    1, 0.000, 0.040, 0.100, 60
train,    702, -1.600243,    7, 1.00,    1, 0.000, 0.040, 0.100, 60
train,    703, -0.361279,   19, 1.00,    6, 0.000, 0.040, 0.100, 60
train,    704, -6.787401,    2, 1.00,    1, 0.000, 0.040, 0.100, 60
train,    705, 5.593722,   42, 1.00,   13, 0.000, 0.040, 0.100, 60
train,    706, -1.560958,   20, 1.00,    7, 0.000, 0.040, 0.100, 60
train,    707, -2.736438,   11, 1.00,    3, 0.000, 0.040, 0.100, 60
train,    708, -4.190661,    9, 1.00,    2, 0.000, 0.040, 0.100, 60
train,    709, 4.945810,   24, 1.00,    5, 0.000, 0.040, 0.100, 60
train,    710, -8.645112,   14, 1.00,    6, 0.000, 0.040, 0.100, 60
train,    711, 8.811139,   65, 1.00,   21, 0.000, 0.040, 0.100, 60
train,    712, -9.082363,    3, 1.00,    2, 0.000, 0.040, 0.100, 60
train,    713, -7.168707,    8, 1.00,    3, 0.000, 0.040, 0.100, 60
train,    714, -7.075884,   10, 1.00,    6, 0.000, 0.040, 0.100, 60
train,    715, -2.857709,   11, 1.00,    3, 0.000, 0.040, 0.100, 60
train,    716, -2.098091,   40, 1.00,   16, 0.000, 0.040, 0.100, 60
update,   716,   21,  526, -3.400109, -0.000000
train,    717, -3.269696,    9, 1.00,    1, 0.000, 0.040, 0.100, 60
train,    718, 4.940425,   17, 1.00,    3, 0.000, 0.040, 0.100, 60
train,    719, -7.347935,    2, 1.00,    1, 0.000, 0.040, 0.100, 60
train,    720, -2.105092,    9, 1.00,    3, 0.000, 0.040, 0.100, 60
train,    721, 5.815423,   20, 1.00,    5, 0.000, 0.040, 0.100, 60
train,    722, 5.909544,   33, 1.00,   10, 0.040, 0.040, 0.100, 60
train,    723, -5.330461,    7, 1.00,    2, 0.040, 0.040, 0.100, 60
train,    724, -5.297746,    6, 1.00,    1, 0.040, 0.040, 0.100, 60
val,      724, 85.570511, 0.0000, 150.0000,   0.0000, 1.0000,  20.0069
train,    725, 0.843210,   31, 1.00,    7, 0.000, 0.040, 0.100, 60
train,    726, -5.056985,    4, 1.00,    1, 0.040, 0.040, 0.100, 60
train,    727, 15.029701,   35, 1.00,    5, 0.000, 0.040, 0.100, 60
train,    728, 11.564784,   48, 1.00,   15, 0.000, 0.040, 0.100, 60
train,    729, 2.429730,   26, 1.00,    7, 0.000, 0.040, 0.100, 60
train,    730, -3.781554,   27, 1.00,    9, 0.040, 0.040, 0.100, 60
train,    731, -1.734881,   11, 1.00,    3, 0.040, 0.040, 0.100, 60
train,    732, -9.357408,    8, 1.00,    4, 0.000, 0.040, 0.100, 60
train,    733, -2.909568,    9, 1.00,    2, 0.000, 0.040, 0.100, 60
train,    734, -6.346028,    3, 1.00,    1, 0.000, 0.040, 0.100, 60
train,    735, -2.734645,   25, 1.00,    8, 0.000, 0.040, 0.100, 60
train,    736, 4.629399,   20, 1.00,    3, 0.000, 0.040, 0.100, 60
train,    737, 13.029791,   55, 1.00,   15, 0.000, 0.040, 0.100, 60
train,    738, 22.754131,   83, 1.00,   21, 0.000, 0.040, 0.100, 60
train,    739, -2.551650,   12, 1.00,    4, 0.000, 0.040, 0.100, 60
train,    740, -9.381437,   13, 1.00,    6, 0.000, 0.040, 0.100, 60
update,   740,   22,  513, -0.993198, -0.000000
train,    741, -0.217366,   15, 1.00,    3, 0.000, 0.040, 0.100, 60
train,    742, -2.048184,   13, 1.00,    4, 0.040, 0.040, 0.100, 60
train,    743, -6.466091,   12, 1.00,    4, 0.000, 0.040, 0.100, 60
train,    744, -6.130337,    9, 1.00,    5, 0.000, 0.040, 0.100, 60
train,    745, -7.105714,    7, 1.00,    4, 0.000, 0.040, 0.100, 60
train,    746, -4.389614,   13, 1.00,    5, 0.040, 0.040, 0.100, 60
train,    747, -11.356023,    5, 1.00,    4, 0.000, 0.040, 0.100, 60
train,    748, -1.145274,   79, 1.00,   30, 0.000, 0.040, 0.100, 60
train,    749, 9.350086,   45, 1.00,   15, 0.000, 0.040, 0.100, 60
val,      749, 95.517880, 0.0000, 150.0000,   0.0000, 1.0000,  20.0069
train,    750, -5.241336,   13, 1.00,    5, 0.000, 0.040, 0.100, 60
train,    751, 1.786003,   19, 1.00,    4, 0.000, 0.040, 0.100, 60
train,    752, -5.330103,   19, 1.00,    7, 0.040, 0.040, 0.100, 60
train,    753, -7.491864,    3, 1.00,    1, 0.000, 0.040, 0.100, 60
train,    754, -0.976565,   83, 1.00,   31, 0.040, 0.040, 0.100, 60
train,    755, -6.684515,    7, 1.00,    3, 0.000, 0.040, 0.100, 60
train,    756, 1.424637,   59, 1.00,   22, 0.000, 0.040, 0.100, 60
train,    757, -6.981097,    2, 1.00,    1, 0.000, 0.040, 0.100, 60
train,    758, -7.365484,    4, 1.00,    2, 0.000, 0.040, 0.100, 60
train,    759, -6.426250,    3, 1.00,    1, 0.000, 0.040, 0.100, 60
train,    760, -5.416612,    4, 1.00,    1, 0.000, 0.040, 0.100, 60
train,    761, -7.031499,    3, 1.00,    1, 0.040, 0.040, 0.100, 60
train,    762, -4.275677,    5, 1.00,    1, 0.000, 0.040, 0.100, 60
train,    763, 6.289102,   50, 1.00,   15, 0.000, 0.040, 0.100, 60
train,    764, 8.971836,   44, 1.00,   11, 0.000, 0.040, 0.100, 60
update,   764,   23,  516, -3.038600, -0.000000
train,    765, -2.751782,    6, 1.00,    1, 0.000, 0.040, 0.100, 60
train,    766, 0.389563,   20, 1.00,    6, 0.000, 0.040, 0.100, 60
train,    767, -8.215312,   50, 1.00,   21, 0.000, 0.040, 0.100, 60
train,    768, -6.259294,   15, 1.00,    5, 0.000, 0.040, 0.100, 60
train,    769, -2.349667,   12, 1.00,    4, 0.000, 0.040, 0.100, 60
train,    770, -2.641025,   46, 1.00,   16, 0.000, 0.040, 0.100, 60
train,    771, -7.031665,    3, 1.00,    1, 0.000, 0.040, 0.100, 60
train,    772, 4.677277,   30, 1.00,    5, 0.000, 0.040, 0.100, 60
train,    773, -5.861942,   28, 1.00,   10, 0.000, 0.040, 0.100, 60
train,    774, 17.180780,   72, 1.00,   19, 0.040, 0.040, 0.100, 60
val,      774, 93.307353, 0.0000, 150.0000,   0.0000, 1.0000,  20.0069
train,    775, -4.309410,   56, 1.00,   22, 0.000, 0.040, 0.100, 60
train,    776, -10.424886,   18, 1.00,    8, 0.000, 0.040, 0.100, 60
train,    777, -8.484494,    7, 1.00,    4, 0.000, 0.040, 0.100, 60
train,    778, 2.920947,   76, 1.00,   27, 0.000, 0.040, 0.100, 60
train,    779, -10.731598,    5, 1.00,    4, 0.000, 0.040, 0.100, 60
train,    780, 12.541914,   44, 1.00,   11, 0.040, 0.040, 0.100, 60
train,    781, -3.610013,   16, 1.00,    5, 0.000, 0.040, 0.100, 60
train,    782, -8.936978,    4, 1.00,    3, 0.040, 0.040, 0.100, 60
train,    783, 1.595686,   24, 1.00,    7, 0.000, 0.040, 0.100, 60
update,   783,   24,  532, -3.357781, 0.000000
train,    784, 0.010534,   18, 1.00,    4, 0.040, 0.040, 0.100, 60
train,    785, -4.454981,    5, 1.00,    1, 0.040, 0.040, 0.100, 60
train,    786, -2.439139,   80, 1.00,   32, 0.040, 0.040, 0.100, 60
train,    787, -8.349692,    5, 1.00,    3, 0.040, 0.040, 0.100, 60
train,    788, -1.264217,   22, 1.00,    6, 0.040, 0.040, 0.100, 60
train,    789, -5.739361,    5, 1.00,    1, 0.000, 0.040, 0.100, 60
train,    790, 4.905822,   58, 1.00,   21, 0.000, 0.040, 0.100, 60
train,    791, -5.827454,    4, 1.00,    1, 0.000, 0.040, 0.100, 60
train,    792, 1.373475,   56, 1.00,   20, 0.040, 0.040, 0.100, 60
train,    793, -5.233866,   10, 1.00,    3, 0.000, 0.040, 0.100, 60
train,    794, -0.912363,   22, 1.00,    5, 0.000, 0.040, 0.100, 60
train,    795, -8.560961,   18, 1.00,    8, 0.000, 0.040, 0.100, 60
train,    796, -7.431768,   36, 1.00,   16, 0.000, 0.040, 0.100, 60
train,    797, -0.311257,   12, 1.00,    4, 0.040, 0.040, 0.100, 60
train,    798, -1.280788,   13, 1.00,    2, 0.000, 0.040, 0.100, 60
train,    799, 8.696177,   32, 1.00,    9, 0.000, 0.040, 0.100, 60
