init,     2026-04-13 10:05:39.153686
arguments,Namespace(PPO_epochs=4, adv_norm=1, alg='ppo', cuda=0, curriculum_clean_ratio=0.94, curriculum_entropy_decay=0.94, curriculum_mode='adaptive', curriculum_noise_step=0.006, curriculum_patience=3, entropy=0.34, entropy_min=0.12, eps_clip=0.12, gae_lambda=0.98, gamma=0.997, grad_clip=0.4, gymip_train_xml='inverted_pendulum_ChangeThk_0.050000.xml', hid_group_num=8, hid_group_size=8, hidden_num=64, ignore_checkpoint=True, lane_profile='auto', lr=0.00035, max_noise=0.03, mini_batch_size=224, model='rwtaspk', monitor_time=False, optimizer='rmsprop', rep=11, response_window=40, reward_scale=0.9, road_scenario='highway', rollout_steps=896, rwta_del_connection='none', seed=14084, snn_num_steps=15, task='gymip', thread=-1, traffic_level='dense', train_num=5000, warm_start_kind='none', warm_start_prefix='')
seed,     14084
model_dir,/root/autodl-tmp/SVPG2023/LANE/training_runs/ours/highway_dense/models
log_dir,  /root/autodl-tmp/SVPG2023/LANE/training_runs/ours/highway_dense/logs
profile,  lane auto-stabilize: lr->0.0005, gamma->0.995, PPO_epochs->4, eps_clip->0.15, rollout_steps->512, mini_batch_size->128, gae_lambda->0.97, grad_clip->0.5, curriculum_clean_ratio->0.8, max_noise->0.08, curriculum_noise_step->0.02, lr->0.00035, gamma->0.997, entropy->0.34, entropy_min->0.12, eps_clip->0.12, rollout_steps->896, mini_batch_size->224, gae_lambda->0.98, reward_scale->0.9, grad_clip->0.4, curriculum_clean_ratio->0.94, max_noise->0.03, curriculum_noise_step->0.006, curriculum_patience->3, curriculum_entropy_decay->0.94
train,    1, 1.057621,    5, 1.00,    1, 0.000, 0.000, 0.340, 40
train,    2, 2.614808,    7, 1.00,    4, 0.000, 0.000, 0.340, 40
train,    3, 4.179732,    8, 1.00,    3, 0.000, 0.000, 0.340, 40
train,    4, 0.744213,    8, 1.00,    2, 0.000, 0.000, 0.340, 40
train,    5, 10.040392,   14, 1.00,    4, 0.000, 0.000, 0.340, 40
train,    6, 9.100034,   11, 1.00,    7, 0.000, 0.000, 0.340, 40
train,    7, -0.276135,    6, 1.00,    4, 0.000, 0.000, 0.340, 40
train,    8, 17.248752,   19, 1.00,    5, 0.000, 0.000, 0.340, 40
train,    9, 8.257123,   11, 1.00,    4, 0.000, 0.000, 0.340, 41
train,    10, -5.740000,    2, 1.00,    1, 0.000, 0.000, 0.340, 41
train,    11, 9.701119,   11, 1.00,    0, 0.000, 0.000, 0.340, 41
train,    12, 15.660113,   16, 1.00,    7, 0.000, 0.000, 0.340, 41
train,    13, 2.155221,    8, 1.00,    5, 0.000, 0.000, 0.340, 41
train,    14, -2.054981,    5, 1.00,    1, 0.000, 0.000, 0.340, 41
train,    15, -3.241680,    4, 1.00,    2, 0.000, 0.000, 0.340, 41
train,    16, -3.275180,    4, 1.00,    3, 0.000, 0.000, 0.340, 41
train,    17, -2.888647,    5, 1.00,    2, 0.000, 0.000, 0.340, 41
train,    18, -4.202619,    3, 1.00,    1, 0.000, 0.000, 0.340, 41
train,    19, 5.272393,   10, 1.00,    4, 0.000, 0.000, 0.340, 41
train,    20, 5.184788,    9, 1.00,    3, 0.000, 0.000, 0.340, 41
train,    21, 12.213712,   17, 1.00,    9, 0.000, 0.000, 0.340, 41
train,    22, -2.438752,    4, 1.00,    2, 0.000, 0.000, 0.340, 41
train,    23, 25.733644,   27, 1.00,    9, 0.000, 0.000, 0.340, 41
train,    24, 9.076149,   13, 1.00,    4, 0.000, 0.000, 0.340, 41
val_save, 24, 6.804972, 1.0000,  10.6000,  10.6000, 0.0000,  23.7495
val,      24, 6.804972, 1.0000,  10.6000,  10.6000, 0.0000,  23.7495
train,    25, -2.083031,    5, 1.00,    4, 0.000, 0.000, 0.340, 42
train,    26, -4.072396,    3, 1.00,    2, 0.000, 0.000, 0.340, 42
train,    27, 5.210016,   10, 1.00,    3, 0.000, 0.000, 0.340, 42
train,    28, 4.534608,    7, 1.00,    4, 0.000, 0.000, 0.340, 42
train,    29, -1.669101,    5, 1.00,    0, 0.000, 0.000, 0.340, 42
train,    30, 3.613923,    7, 1.00,    2, 0.000, 0.000, 0.340, 42
train,    31, 13.545082,   15, 1.00,    6, 0.000, 0.000, 0.340, 42
train,    32, -4.793500,    3, 1.00,    2, 0.000, 0.000, 0.340, 42
train,    33, -4.825761,    2, 1.00,    1, 0.000, 0.000, 0.340, 42
train,    34, 4.078049,   10, 1.00,    5, 0.000, 0.000, 0.340, 42
train,    35, 6.393009,   12, 1.00,    8, 0.000, 0.000, 0.340, 42
train,    36, 5.382836,    9, 1.00,    5, 0.000, 0.000, 0.340, 42
train,    37, -3.997714,    3, 1.00,    1, 0.000, 0.000, 0.340, 42
train,    38, -2.028765,    6, 1.00,    2, 0.000, 0.000, 0.340, 42
train,    39, -6.185829,    2, 1.00,    2, 0.000, 0.000, 0.340, 42
train,    40, 10.174580,   14, 1.00,    3, 0.000, 0.000, 0.340, 42
train,    41, 7.278612,   13, 1.00,    6, 0.000, 0.000, 0.340, 43
train,    42, 11.210818,   15, 1.00,    6, 0.000, 0.000, 0.340, 43
train,    43, -6.412187,    2, 1.00,    2, 0.000, 0.000, 0.340, 43
train,    44, 13.112625,   14, 1.00,    5, 0.000, 0.000, 0.340, 43
train,    45, 6.586222,   10, 1.00,    3, 0.000, 0.000, 0.340, 43
train,    46, 11.086967,   15, 1.00,    3, 0.000, 0.000, 0.340, 43
train,    47, 20.511815,   14, 1.00,    5, 0.000, 0.000, 0.340, 43
train,    48, 7.888602,   16, 1.00,   12, 0.000, 0.000, 0.340, 43
train,    49, 7.758406,   11, 1.00,    4, 0.000, 0.000, 0.340, 43
val,      49, 8.687943, 1.0000,  11.6000,  11.6000, 0.0000,  24.0129
train,    50, 4.149292,    7, 1.00,    4, 0.000, 0.000, 0.340, 43
train,    51, 0.872266,    6, 1.00,    2, 0.000, 0.000, 0.340, 43
train,    52, 21.393611,   23, 1.00,    7, 0.000, 0.000, 0.340, 43
train,    53, -5.637778,    2, 1.00,    1, 0.000, 0.000, 0.340, 43
train,    54, -3.590302,    3, 1.00,    1, 0.000, 0.000, 0.340, 43
train,    55, 1.828042,    7, 1.00,    0, 0.000, 0.000, 0.340, 43
train,    56, -2.710165,    6, 1.00,    2, 0.000, 0.000, 0.340, 43
train,    57, 13.476449,   18, 1.00,    3, 0.000, 0.000, 0.340, 44
train,    58, -4.027186,    4, 1.00,    3, 0.000, 0.000, 0.340, 44
train,    59, -0.860311,    4, 1.00,    1, 0.000, 0.000, 0.340, 44
train,    60, 10.202476,   11, 1.00,    4, 0.000, 0.000, 0.340, 44
train,    61, -0.380811,    5, 1.00,    2, 0.000, 0.000, 0.340, 44
train,    62, 5.472738,    8, 1.00,    3, 0.000, 0.000, 0.340, 44
train,    63, 0.721336,    8, 1.00,    5, 0.000, 0.000, 0.340, 44
train,    64, 0.806504,    5, 1.00,    1, 0.000, 0.000, 0.340, 44
train,    65, 5.609293,   12, 1.00,    6, 0.000, 0.000, 0.340, 44
train,    66, 12.661663,   13, 1.00,    4, 0.000, 0.000, 0.340, 44
train,    67, 1.962232,    6, 1.00,    3, 0.000, 0.000, 0.340, 44
train,    68, -6.182871,    2, 1.00,    2, 0.000, 0.000, 0.340, 44
train,    69, -5.996082,    3, 1.00,    1, 0.000, 0.000, 0.340, 44
train,    70, 7.552048,    9, 1.00,    0, 0.000, 0.000, 0.340, 44
train,    71, -6.201333,    2, 1.00,    1, 0.000, 0.000, 0.340, 44
train,    72, -2.532982,    4, 1.00,    2, 0.000, 0.000, 0.340, 44
train,    73, -3.411436,    4, 1.00,    1, 0.000, 0.000, 0.340, 44
train,    74, 10.949892,   14, 1.00,    5, 0.000, 0.000, 0.340, 45
val_save, 74, -0.471853, 1.0000,   6.0000,   6.0000, 0.0000,  22.0238
val,      74, -0.471853, 1.0000,   6.0000,   6.0000, 0.0000,  22.0238
train,    75, 38.454182,   34, 1.00,   14, 0.000, 0.000, 0.340, 45
train,    76, -5.014546,    3, 1.00,    3, 0.000, 0.000, 0.340, 45
train,    77, -1.303302,    6, 1.00,    1, 0.000, 0.000, 0.340, 45
train,    78, 20.571555,   18, 1.00,    5, 0.000, 0.000, 0.340, 45
train,    79, 25.582469,   30, 1.00,   18, 0.000, 0.000, 0.340, 45
train,    80, -2.350687,    5, 1.00,    2, 0.000, 0.000, 0.340, 45
train,    81, 8.698437,   12, 1.00,    3, 0.000, 0.000, 0.340, 45
train,    82, -1.405078,    5, 1.00,    2, 0.000, 0.000, 0.340, 45
train,    83, 2.044652,    8, 1.00,    3, 0.000, 0.000, 0.340, 45
train,    84, -5.690363,    2, 1.00,    2, 0.000, 0.000, 0.340, 45
train,    85, -2.723046,    4, 1.00,    3, 0.000, 0.000, 0.340, 45
train,    86, 9.841768,   16, 1.00,    5, 0.000, 0.000, 0.340, 45
train,    87, 1.651929,    6, 1.00,    4, 0.000, 0.000, 0.340, 45
train,    88, 22.688577,   19, 1.00,    3, 0.000, 0.000, 0.340, 45
train,    89, 10.278947,    9, 1.00,    3, 0.000, 0.000, 0.340, 45
train,    90, -1.879952,    4, 1.00,    2, 0.000, 0.000, 0.340, 46
train,    91, 35.273070,   30, 1.00,   14, 0.000, 0.000, 0.340, 46
train,    92, 3.317165,    9, 1.00,    3, 0.000, 0.000, 0.340, 46
train,    93, 2.173716,    8, 1.00,    4, 0.000, 0.000, 0.340, 46
train,    94, 0.126314,    4, 1.00,    2, 0.000, 0.000, 0.340, 46
train,    95, 6.555470,    7, 1.00,    1, 0.000, 0.000, 0.340, 46
train,    96, 0.803575,    8, 1.00,    5, 0.000, 0.000, 0.340, 46
train,    97, 0.608237,    5, 1.00,    0, 0.000, 0.000, 0.340, 46
train,    98, 7.514273,   12, 1.00,    6, 0.000, 0.000, 0.340, 46
update,   98,    1,  900, 1.306227, -0.000000
train,    99, -4.323680,    4, 1.00,    2, 0.000, 0.000, 0.340, 46
val_save, 99, 109.510428, 0.4000,  98.8000,   0.0000, 0.0000,  19.8470
val,      99, 109.510428, 0.4000,  98.8000,   0.0000, 0.0000,  19.8470
train,    100, 20.522406,   21, 1.00,    9, 0.000, 0.000, 0.340, 46
train,    101, 21.126214,   20, 1.00,    3, 0.000, 0.000, 0.340, 46
train,    102, 15.101130,   18, 1.00,    9, 0.000, 0.000, 0.340, 46
train,    103, 6.569876,    9, 1.00,    3, 0.000, 0.000, 0.340, 46
train,    104, 4.516608,    7, 1.00,    4, 0.000, 0.000, 0.340, 46
train,    105, 2.406684,    6, 1.00,    1, 0.000, 0.000, 0.340, 46
train,    106, -0.611804,    8, 1.00,    2, 0.000, 0.000, 0.340, 47
train,    107, -6.217822,    2, 1.00,    2, 0.000, 0.000, 0.340, 47
train,    108, -6.182871,    2, 1.00,    2, 0.000, 0.000, 0.340, 47
train,    109, 7.372812,    9, 1.00,    2, 0.000, 0.000, 0.340, 47
train,    110, -6.333983,    2, 1.00,    2, 0.000, 0.000, 0.340, 47
train,    111, -3.531982,    4, 1.00,    2, 0.000, 0.000, 0.340, 47
train,    112, 1.361562,    8, 1.00,    5, 0.000, 0.000, 0.340, 47
train,    113, 16.106111,   22, 1.00,   13, 0.000, 0.000, 0.340, 47
train,    114, -2.746667,    3, 1.00,    0, 0.000, 0.000, 0.340, 47
train,    115, -4.158675,    3, 1.00,    1, 0.000, 0.000, 0.340, 47
train,    116, 4.808418,    7, 1.00,    1, 0.000, 0.000, 0.340, 47
train,    117, -4.475306,    3, 1.00,    0, 0.000, 0.000, 0.340, 47
train,    118, 0.300641,    6, 1.00,    3, 0.000, 0.000, 0.340, 47
train,    119, -0.637888,    4, 1.00,    1, 0.000, 0.000, 0.340, 47
train,    120, -1.117601,    5, 1.00,    4, 0.000, 0.000, 0.340, 47
train,    121, 13.042295,   11, 1.00,    3, 0.000, 0.000, 0.340, 47
train,    122, -3.130810,    5, 1.00,    3, 0.000, 0.000, 0.340, 48
train,    123, 5.287731,    6, 1.00,    1, 0.000, 0.000, 0.340, 48
train,    124, 1.479066,    9, 1.00,    4, 0.000, 0.000, 0.340, 48
val,      124, 103.727509, 0.6000,  95.8000,   0.0000, 0.0000,  19.9017
train,    125, 7.419391,   15, 1.00,    6, 0.000, 0.000, 0.340, 48
train,    126, 6.608180,    9, 1.00,    5, 0.000, 0.000, 0.340, 48
train,    127, 28.716875,   23, 1.00,   12, 0.000, 0.000, 0.340, 48
train,    128, 9.611287,   13, 1.00,    7, 0.000, 0.000, 0.340, 48
train,    129, -4.417834,    3, 1.00,    2, 0.000, 0.000, 0.340, 48
train,    130, 6.363483,   12, 1.00,    5, 0.000, 0.000, 0.340, 48
train,    131, 3.796330,    7, 1.00,    1, 0.000, 0.000, 0.340, 48
train,    132, 0.576185,    9, 1.00,    3, 0.000, 0.000, 0.340, 48
train,    133, -5.737778,    2, 1.00,    1, 0.000, 0.000, 0.340, 48
train,    134, 8.633321,   11, 1.00,    7, 0.000, 0.000, 0.340, 48
train,    135, 16.435551,   16, 1.00,    3, 0.000, 0.000, 0.340, 48
train,    136, -2.234968,    5, 1.00,    1, 0.000, 0.000, 0.340, 48
train,    137, 36.285904,   34, 1.00,   11, 0.000, 0.000, 0.340, 48
train,    138, -2.418398,    6, 1.00,    1, 0.000, 0.000, 0.340, 48
train,    139, 4.429490,   10, 1.00,    4, 0.000, 0.000, 0.340, 49
train,    140, -2.845712,    4, 1.00,    1, 0.000, 0.000, 0.340, 49
train,    141, 1.942310,    9, 1.00,    3, 0.000, 0.000, 0.340, 49
train,    142, 2.086059,    6, 1.00,    2, 0.000, 0.000, 0.340, 49
train,    143, 4.000012,    8, 1.00,    1, 0.000, 0.000, 0.340, 49
train,    144, 11.545718,   11, 1.00,    2, 0.000, 0.000, 0.340, 49
train,    145, 4.533239,    6, 1.00,    2, 0.000, 0.000, 0.340, 49
train,    146, 12.815233,   18, 1.00,    8, 0.000, 0.000, 0.340, 49
train,    147, -4.774714,    3, 1.00,    1, 0.000, 0.000, 0.340, 49
train,    148, -3.394192,    4, 1.00,    3, 0.000, 0.000, 0.340, 49
train,    149, -5.541000,    2, 1.00,    0, 0.000, 0.000, 0.340, 49
val_save, 149, 171.953899, 0.0000, 150.0000,   0.0000, 0.0000,  20.0069
val,      149, 171.953899, 0.0000, 150.0000,   0.0000, 0.0000,  20.0069
train,    150, 11.211092,   10, 1.00,    5, 0.000, 0.000, 0.340, 49
train,    151, -4.711025,    4, 1.00,    3, 0.000, 0.000, 0.340, 49
train,    152, -1.445062,    4, 1.00,    1, 0.000, 0.000, 0.340, 49
train,    153, -4.107902,    3, 1.00,    2, 0.000, 0.000, 0.340, 49
train,    154, 0.272851,    5, 1.00,    1, 0.000, 0.000, 0.340, 49
train,    155, -3.347860,    4, 1.00,    1, 0.000, 0.000, 0.340, 50
train,    156, -3.418638,    4, 1.00,    1, 0.000, 0.000, 0.340, 50
train,    157, 27.846951,   30, 1.00,   14, 0.000, 0.000, 0.340, 50
train,    158, 7.439455,    8, 1.00,    1, 0.000, 0.000, 0.340, 50
train,    159, 29.519774,   28, 1.00,    7, 0.000, 0.000, 0.340, 50
train,    160, 13.093826,   13, 1.00,    5, 0.000, 0.000, 0.340, 50
train,    161, 27.849394,   24, 1.00,    7, 0.000, 0.000, 0.340, 50
train,    162, 2.593520,    8, 1.00,    4, 0.000, 0.000, 0.340, 50
train,    163, 24.177540,   27, 1.00,   11, 0.000, 0.000, 0.340, 50
train,    164, -5.603704,    2, 1.00,    1, 0.000, 0.000, 0.340, 50
train,    165, 29.102746,   27, 1.00,    7, 0.000, 0.000, 0.340, 50
train,    166, -1.978857,    4, 1.00,    3, 0.000, 0.000, 0.340, 50
train,    167, -5.408092,    2, 1.00,    1, 0.000, 0.000, 0.340, 50
train,    168, 2.929353,    7, 1.00,    3, 0.000, 0.000, 0.340, 50
train,    169, -0.760248,    6, 1.00,    4, 0.000, 0.000, 0.340, 50
train,    170, 14.679969,   17, 1.00,   11, 0.000, 0.000, 0.340, 50
train,    171, 18.971299,   23, 1.00,   11, 0.000, 0.000, 0.340, 51
train,    172, 1.560006,    5, 1.00,    2, 0.000, 0.000, 0.340, 51
train,    173, -6.099111,    2, 1.00,    1, 0.000, 0.000, 0.340, 51
train,    174, 66.158969,   56, 1.00,   25, 0.000, 0.000, 0.340, 51
val,      174, 141.811367, 0.4000, 127.4000,   0.0000, 0.0000,  19.9885
train,    175, 15.788346,   21, 1.00,   10, 0.000, 0.000, 0.340, 51
train,    176, 5.348830,    7, 1.00,    4, 0.000, 0.000, 0.340, 51
train,    177, 26.825749,   28, 1.00,   11, 0.000, 0.000, 0.340, 51
train,    178, 11.158088,   11, 1.00,    5, 0.000, 0.000, 0.340, 51
train,    179, 7.797651,   14, 1.00,    2, 0.000, 0.000, 0.340, 51
train,    180, 0.653129,    4, 1.00,    2, 0.000, 0.000, 0.340, 51
train,    181, -0.601322,    7, 1.00,    6, 0.000, 0.000, 0.340, 51
train,    182, -3.910785,    3, 1.00,    2, 0.000, 0.000, 0.340, 51
train,    183, -1.977063,    5, 1.00,    4, 0.000, 0.000, 0.340, 51
train,    184, -0.143512,    5, 1.00,    2, 0.000, 0.000, 0.340, 51
train,    185, 14.270101,   20, 1.00,    9, 0.000, 0.000, 0.340, 51
update,   185,    2,  898, 3.272192, 0.000000
train,    186, 1.983328,    9, 1.00,    3, 0.000, 0.000, 0.340, 51
train,    187, -4.357834,    3, 1.00,    2, 0.000, 0.000, 0.340, 52
train,    188, 1.945976,    6, 1.00,    2, 0.000, 0.000, 0.340, 52
train,    189, -3.193057,    4, 1.00,    3, 0.000, 0.000, 0.340, 52
train,    190, -4.529246,    3, 1.00,    1, 0.000, 0.000, 0.340, 52
train,    191, 31.530702,   25, 1.00,    9, 0.000, 0.000, 0.340, 52
train,    192, -0.813714,    4, 1.00,    2, 0.000, 0.000, 0.340, 52
train,    193, -4.901073,    3, 1.00,    2, 0.000, 0.000, 0.340, 52
train,    194, 0.669215,    7, 1.00,    4, 0.000, 0.000, 0.340, 52
train,    195, 9.407444,    9, 1.00,    1, 0.000, 0.000, 0.340, 52
train,    196, 1.764363,    6, 1.00,    2, 0.000, 0.000, 0.340, 52
train,    197, 15.517683,   12, 1.00,    5, 0.000, 0.000, 0.340, 52
train,    198, 5.000482,   12, 1.00,    6, 0.000, 0.000, 0.340, 52
train,    199, -1.825867,    5, 1.00,    2, 0.000, 0.000, 0.340, 52
val,      199, 140.950998, 0.2000, 124.6000,   0.0000, 0.0000,  19.9115
train,    200, 8.380761,   10, 1.00,    6, 0.000, 0.000, 0.340, 52
train,    201, -4.678062,    3, 1.00,    1, 0.000, 0.000, 0.340, 52
train,    202, 49.202501,   51, 1.00,   22, 0.000, 0.000, 0.340, 52
train,    203, -5.791737,    2, 1.00,    0, 0.000, 0.000, 0.340, 52
train,    204, 0.877936,    6, 1.00,    4, 0.000, 0.000, 0.340, 53
train,    205, 9.133506,   14, 1.00,    4, 0.000, 0.000, 0.340, 53
train,    206, 7.541853,   12, 1.00,    5, 0.000, 0.000, 0.340, 53
train,    207, -6.127484,    2, 1.00,    1, 0.000, 0.000, 0.340, 53
train,    208, 21.354690,   22, 1.00,   12, 0.000, 0.000, 0.340, 53
train,    209, 2.315392,    8, 1.00,    1, 0.000, 0.000, 0.340, 53
train,    210, 7.866908,   10, 1.00,    1, 0.000, 0.000, 0.340, 53
train,    211, 5.988368,   14, 1.00,    5, 0.000, 0.000, 0.340, 53
train,    212, 23.704406,   27, 1.00,   12, 0.000, 0.000, 0.340, 53
train,    213, 18.231522,   18, 1.00,    8, 0.000, 0.000, 0.340, 53
train,    214, -3.107002,    4, 1.00,    1, 0.000, 0.000, 0.340, 53
train,    215, -5.847533,    2, 1.00,    1, 0.000, 0.000, 0.340, 53
train,    216, 31.259117,   29, 1.00,    9, 0.000, 0.000, 0.340, 53
train,    217, -4.037407,    3, 1.00,    1, 0.000, 0.000, 0.340, 53
train,    218, -1.813117,    6, 1.00,    3, 0.000, 0.000, 0.340, 53
train,    219, -5.816178,    2, 1.00,    0, 0.000, 0.000, 0.340, 53
train,    220, 10.970491,   14, 1.00,    4, 0.000, 0.000, 0.340, 54
train,    221, -2.053951,    5, 1.00,    3, 0.000, 0.000, 0.340, 54
train,    222, 70.190305,   50, 1.00,   23, 0.000, 0.000, 0.340, 54
train,    223, 4.196418,   10, 1.00,    5, 0.000, 0.000, 0.340, 54
train,    224, -3.145673,    4, 1.00,    2, 0.000, 0.000, 0.340, 54
