init,     2026-04-13 00:47:22.455451
arguments,Namespace(PPO_epochs=4, adv_norm=1, alg='ppo', cuda=0, curriculum_clean_ratio=0.94, curriculum_entropy_decay=0.94, curriculum_mode='adaptive', curriculum_noise_step=0.006, curriculum_patience=3, entropy=0.1, entropy_min=0.04, eps_clip=0.12, gae_lambda=0.98, gamma=0.997, grad_clip=0.4, gymip_train_xml='inverted_pendulum_ChangeThk_0.050000.xml', hid_group_num=8, hid_group_size=8, hidden_num=64, ignore_checkpoint=False, lane_profile='auto', lr=0.00035, max_noise=0.03, mini_batch_size=224, model='rwtaspk', monitor_time=False, optimizer='rmsprop', rep=11, response_window=40, reward_scale=0.9, road_scenario='highway', rollout_steps=896, rwta_del_connection='none', seed=13062, snn_num_steps=15, task='gymip', thread=-1, traffic_level='dense', train_num=6000, warm_start_kind='ours', warm_start_prefix='')
seed,     13062
model_dir,/root/autodl-tmp/SVPG2023/LANE/training_runs/ours/highway_dense/models
log_dir,  /root/autodl-tmp/SVPG2023/LANE/training_runs/ours/highway_dense/logs
profile,  lane auto-stabilize: lr->0.0005, gamma->0.995, PPO_epochs->4, eps_clip->0.15, rollout_steps->512, mini_batch_size->128, gae_lambda->0.97, grad_clip->0.5, curriculum_clean_ratio->0.8, max_noise->0.08, curriculum_noise_step->0.02, lr->0.00035, gamma->0.997, entropy_min->0.04, eps_clip->0.12, rollout_steps->896, mini_batch_size->224, gae_lambda->0.98, reward_scale->0.9, grad_clip->0.4, curriculum_clean_ratio->0.94, max_noise->0.03, curriculum_noise_step->0.006, curriculum_patience->3, curriculum_entropy_decay->0.94
warm_start,/root/autodl-tmp/SVPG2023/LANE/training_runs/ours/highway_dense/models/ppo_gymip_rwtaspk_h8-8-40_none_rmsprop_0.000500_2.00_0.99500_4_0.1500_ro512_mb128_lam0.97_rs1.00_gc0.50_adaptive_roadhighway_tfdense_seed32_best
warm_critic,/root/autodl-tmp/SVPG2023/LANE/training_runs/ours/highway_dense/models/ppo_gymip_rwtaspk_h8-8-40_none_rmsprop_0.000500_2.00_0.99500_4_0.1500_ro512_mb128_lam0.97_rs1.00_gc0.50_adaptive_roadhighway_tfdense_seed32critic_best
train,    1, -14.066606,    2, 1.00,    0, 0.000, 0.000, 0.100, 36
train,    2, -8.741137,    3, 1.00,    2, 0.000, 0.000, 0.100, 36
train,    3, -8.667927,    2, 1.00,    0, 0.000, 0.000, 0.100, 36
train,    4, -11.811888,    1, 1.00,    0, 0.000, 0.000, 0.100, 36
train,    5, -12.805462,    1, 1.00,    0, 0.000, 0.000, 0.100, 36
train,    6, -12.828105,    1, 1.00,    0, 0.000, 0.000, 0.100, 37
train,    7, -11.693095,    1, 1.00,    0, 0.000, 0.000, 0.100, 37
train,    8, -9.689034,    2, 1.00,    1, 0.000, 0.000, 0.100, 37
train,    9, -11.811888,    1, 1.00,    0, 0.000, 0.000, 0.100, 37
train,    10, -14.898343,    3, 1.00,    2, 0.000, 0.000, 0.100, 37
train,    11, -12.339578,    1, 1.00,    1, 0.000, 0.000, 0.100, 37
train,    12, -12.540857,    2, 1.00,    0, 0.000, 0.000, 0.100, 37
train,    13, -21.561103,    7, 1.00,    1, 0.000, 0.000, 0.100, 37
train,    14, -13.600895,    2, 1.00,    1, 0.000, 0.000, 0.100, 37
train,    15, -12.869336,    2, 1.00,    0, 0.000, 0.000, 0.100, 37
train,    16, -8.942460,    2, 1.00,    0, 0.000, 0.000, 0.100, 37
train,    17, -11.811888,    1, 1.00,    0, 0.000, 0.000, 0.100, 37
train,    18, -11.322500,    1, 1.00,    0, 0.000, 0.000, 0.100, 38
train,    19, -12.826359,    1, 1.00,    0, 0.000, 0.000, 0.100, 38
train,    20, -12.827515,    1, 1.00,    0, 0.000, 0.000, 0.100, 38
train,    21, -11.811888,    1, 1.00,    0, 0.000, 0.000, 0.100, 38
train,    22, 13.124167,    5, 1.00,    2, 0.000, 0.000, 0.100, 38
train,    23, -2.854737,    3, 1.00,    2, 0.000, 0.000, 0.100, 38
train,    24, -14.691498,    2, 1.00,    1, 0.000, 0.000, 0.100, 38
val_save, 24, -11.364118, 1.0000,   1.2000,   0.0000, 0.0000,  27.7041
val,      24, -11.364118, 1.0000,   1.2000,   0.0000, 0.0000,  27.7041
train,    25, -7.964457,    2, 1.00,    1, 0.000, 0.000, 0.100, 38
train,    26, -6.419233,    4, 1.00,    1, 0.000, 0.000, 0.100, 38
train,    27, 1.897568,    3, 1.00,    2, 0.000, 0.000, 0.100, 38
train,    28, -11.811888,    1, 1.00,    0, 0.000, 0.000, 0.100, 38
train,    29, 7.196662,    6, 1.00,    2, 0.000, 0.000, 0.100, 38
train,    30, -7.234850,    2, 1.00,    2, 0.000, 0.000, 0.100, 39
train,    31, -14.011874,    2, 1.00,    0, 0.000, 0.000, 0.100, 39
train,    32, -5.828237,    4, 1.00,    1, 0.000, 0.000, 0.100, 39
train,    33, -12.751235,    2, 1.00,    0, 0.000, 0.000, 0.100, 39
train,    34, -12.685183,    2, 1.00,    0, 0.000, 0.000, 0.100, 39
train,    35, -12.958293,    2, 1.00,    1, 0.000, 0.000, 0.100, 39
train,    36, -11.688647,    1, 1.00,    0, 0.000, 0.000, 0.100, 39
train,    37, -12.826467,    1, 1.00,    0, 0.000, 0.000, 0.100, 39
train,    38, -13.006207,    1, 1.00,    0, 0.000, 0.000, 0.100, 39
train,    39, -6.472216,   10, 1.00,    4, 0.000, 0.000, 0.100, 39
train,    40, -16.009363,    3, 1.00,    1, 0.000, 0.000, 0.100, 39
train,    41, -12.826355,    1, 1.00,    0, 0.000, 0.000, 0.100, 39
train,    42, -12.828105,    1, 1.00,    0, 0.000, 0.000, 0.100, 40
train,    43, -11.918429,    1, 1.00,    0, 0.000, 0.000, 0.100, 40
train,    44, -11.793747,    1, 1.00,    0, 0.000, 0.000, 0.100, 40
train,    45, 8.183181,    5, 1.00,    2, 0.000, 0.000, 0.100, 40
train,    46, -11.805647,    1, 1.00,    0, 0.000, 0.000, 0.100, 40
train,    47, -13.359252,    1, 1.00,    1, 0.000, 0.000, 0.100, 40
train,    48, -13.138632,    2, 1.00,    1, 0.000, 0.000, 0.100, 40
train,    49, -12.710511,    1, 1.00,    0, 0.000, 0.000, 0.100, 40
val,      49, -7.268697, 1.0000,   4.2000,   0.0000, 0.0000,  23.6180
train,    50, -11.710898,    1, 1.00,    0, 0.000, 0.000, 0.100, 40
train,    51, -11.325893,    1, 1.00,    0, 0.000, 0.000, 0.100, 40
train,    52, -12.848274,    1, 1.00,    0, 0.000, 0.000, 0.100, 40
train,    53, -6.175658,    3, 1.00,    2, 0.000, 0.000, 0.100, 40
train,    54, -7.505765,    3, 1.00,    3, 0.000, 0.000, 0.100, 41
train,    55, -13.717464,    2, 1.00,    1, 0.000, 0.000, 0.100, 41
train,    56, -6.148666,    4, 1.00,    2, 0.000, 0.000, 0.100, 41
train,    57, -12.826371,    1, 1.00,    0, 0.000, 0.000, 0.100, 41
train,    58, 8.077447,    6, 1.00,    5, 0.000, 0.000, 0.100, 41
train,    59, -1.677405,    4, 1.00,    1, 0.000, 0.000, 0.100, 41
train,    60, -1.014979,   12, 1.00,    2, 0.000, 0.000, 0.100, 41
train,    61, -13.014042,    1, 1.00,    0, 0.000, 0.000, 0.100, 41
train,    62, 5.011454,    4, 1.00,    2, 0.000, 0.000, 0.100, 41
train,    63, -14.002254,    2, 1.00,    0, 0.000, 0.000, 0.100, 41
train,    64, -8.219630,    3, 1.00,    1, 0.000, 0.000, 0.100, 41
train,    65, -11.693237,    1, 1.00,    0, 0.000, 0.000, 0.100, 42
train,    66, -13.967616,    2, 1.00,    0, 0.000, 0.000, 0.100, 42
train,    67, 13.678397,    6, 1.00,    2, 0.000, 0.000, 0.100, 42
train,    68, -11.805647,    1, 1.00,    0, 0.000, 0.000, 0.100, 42
train,    69, -12.555106,    2, 1.00,    0, 0.000, 0.000, 0.100, 42
train,    70, -11.828414,    1, 1.00,    0, 0.000, 0.000, 0.100, 42
train,    71, -12.834764,    1, 1.00,    0, 0.000, 0.000, 0.100, 42
train,    72, -11.322500,    1, 1.00,    0, 0.000, 0.000, 0.100, 42
train,    73, -11.808821,    1, 1.00,    0, 0.000, 0.000, 0.100, 42
train,    74, -8.810456,    2, 1.00,    0, 0.000, 0.000, 0.100, 42
val,      74, -12.461269, 1.0000,   1.0000,   0.0000, 0.0000,  26.6633
train,    75, -11.636738,    1, 1.00,    0, 0.000, 0.000, 0.100, 42
train,    76, -13.923776,    2, 1.00,    0, 0.000, 0.000, 0.100, 42
train,    77, -11.322500,    1, 1.00,    0, 0.000, 0.000, 0.100, 43
train,    78, -14.769966,    9, 1.00,    5, 0.000, 0.000, 0.100, 43
train,    79, -12.287488,    2, 1.00,    0, 0.000, 0.000, 0.100, 43
train,    80, -11.693384,    1, 1.00,    0, 0.000, 0.000, 0.100, 43
train,    81, -13.361446,    1, 1.00,    1, 0.000, 0.000, 0.100, 43
train,    82, 7.870806,    5, 1.00,    3, 0.000, 0.000, 0.100, 43
train,    83, -9.523380,    3, 1.00,    0, 0.000, 0.000, 0.100, 43
train,    84, -9.717175,    5, 1.00,    4, 0.000, 0.000, 0.100, 43
train,    85, -1.529943,    6, 1.00,    2, 0.000, 0.000, 0.100, 43
train,    86, -1.480489,    5, 1.00,    2, 0.000, 0.000, 0.100, 43
train,    87, 9.805194,    7, 1.00,    1, 0.000, 0.000, 0.100, 43
train,    88, -6.446949,    3, 1.00,    1, 0.000, 0.000, 0.100, 43
train,    89, 3.184215,    5, 1.00,    3, 0.000, 0.000, 0.100, 44
train,    90, -9.879927,    2, 1.00,    2, 0.000, 0.000, 0.100, 44
train,    91, -11.322500,    1, 1.00,    0, 0.000, 0.000, 0.100, 44
train,    92, -11.694888,    1, 1.00,    0, 0.000, 0.000, 0.100, 44
train,    93, 0.524906,    8, 1.00,    6, 0.000, 0.000, 0.100, 44
train,    94, -12.459442,    2, 1.00,    0, 0.000, 0.000, 0.100, 44
train,    95, -8.277375,    3, 1.00,    2, 0.000, 0.000, 0.100, 44
train,    96, -12.895682,    1, 1.00,    0, 0.000, 0.000, 0.100, 44
train,    97, -12.731727,    1, 1.00,    0, 0.000, 0.000, 0.100, 44
train,    98, 12.994504,    6, 1.00,    5, 0.000, 0.000, 0.100, 44
train,    99, -12.710455,    1, 1.00,    0, 0.000, 0.000, 0.100, 44
val,      99, -12.107394, 1.0000,   1.6000,   0.0000, 0.0000,  25.4106
train,    100, -11.322500,    1, 1.00,    0, 0.000, 0.000, 0.100, 44
train,    101, -8.775874,    3, 1.00,    2, 0.000, 0.000, 0.100, 45
train,    102, -12.204154,    2, 1.00,    1, 0.000, 0.000, 0.100, 45
train,    103, -12.711105,    1, 1.00,    0, 0.000, 0.000, 0.100, 45
train,    104, -1.320300,    4, 1.00,    3, 0.000, 0.000, 0.100, 45
train,    105, -12.702963,    2, 1.00,    0, 0.000, 0.000, 0.100, 45
train,    106, -13.019357,    1, 1.00,    0, 0.000, 0.000, 0.100, 45
train,    107, -7.361617,    3, 1.00,    1, 0.000, 0.000, 0.100, 45
train,    108, 21.144878,    7, 1.00,    3, 0.000, 0.000, 0.100, 45
train,    109, -13.023933,    2, 1.00,    1, 0.000, 0.000, 0.100, 45
train,    110, -11.812227,    3, 1.00,    0, 0.000, 0.000, 0.100, 45
train,    111, -4.472843,    3, 1.00,    2, 0.000, 0.000, 0.100, 45
train,    112, -12.555899,    2, 1.00,    0, 0.000, 0.000, 0.100, 45
train,    113, -9.447574,    2, 1.00,    1, 0.000, 0.000, 0.100, 46
train,    114, -0.547246,    6, 1.00,    1, 0.000, 0.000, 0.100, 46
train,    115, 9.650881,    5, 1.00,    5, 0.000, 0.000, 0.100, 46
train,    116, -12.825471,    1, 1.00,    0, 0.000, 0.000, 0.100, 46
train,    117, -13.927597,    2, 1.00,    0, 0.000, 0.000, 0.100, 46
train,    118, 13.072558,    7, 1.00,    4, 0.000, 0.000, 0.100, 46
train,    119, -6.482863,    3, 1.00,    2, 0.000, 0.000, 0.100, 46
train,    120, -3.945497,    3, 1.00,    1, 0.000, 0.000, 0.100, 46
train,    121, 4.486734,    5, 1.00,    1, 0.000, 0.000, 0.100, 46
train,    122, -9.607102,    2, 1.00,    2, 0.000, 0.000, 0.100, 46
train,    123, -12.708991,    1, 1.00,    0, 0.000, 0.000, 0.100, 46
train,    124, 43.348554,   16, 1.00,    2, 0.000, 0.000, 0.100, 46
val,      124, -11.757578, 1.0000,   1.2000,   0.0000, 0.0000,  27.3297
train,    125, -8.226782,    6, 1.00,    3, 0.000, 0.000, 0.100, 47
train,    126, -11.871446,    1, 1.00,    0, 0.000, 0.000, 0.100, 47
train,    127, -11.805654,    1, 1.00,    0, 0.000, 0.000, 0.100, 47
train,    128, 29.583701,    7, 1.00,    1, 0.000, 0.000, 0.100, 47
train,    129, -9.770560,    5, 1.00,    1, 0.000, 0.000, 0.100, 47
train,    130, -12.431554,    2, 1.00,    0, 0.000, 0.000, 0.100, 47
train,    131, -11.811888,    1, 1.00,    0, 0.000, 0.000, 0.100, 47
train,    132, -11.322500,    1, 1.00,    0, 0.000, 0.000, 0.100, 47
train,    133, -13.305791,    2, 1.00,    0, 0.000, 0.000, 0.100, 47
train,    134, -3.100727,    3, 1.00,    2, 0.000, 0.000, 0.100, 47
train,    135, -4.776768,    2, 1.00,    2, 0.000, 0.000, 0.100, 47
train,    136, -11.811888,    1, 1.00,    0, 0.000, 0.000, 0.100, 48
train,    137, 1.559995,    4, 1.00,    2, 0.000, 0.000, 0.100, 48
train,    138, -12.334136,    2, 1.00,    0, 0.000, 0.000, 0.100, 48
train,    139, -18.338088,   12, 1.00,    2, 0.000, 0.000, 0.100, 48
train,    140, -11.694888,    1, 1.00,    0, 0.000, 0.000, 0.100, 48
train,    141, -9.510938,    2, 1.00,    1, 0.000, 0.000, 0.100, 48
train,    142, 1.988816,    5, 1.00,    3, 0.000, 0.000, 0.100, 48
train,    143, -0.383200,    3, 1.00,    2, 0.000, 0.000, 0.100, 48
train,    144, -13.895721,    2, 1.00,    0, 0.000, 0.000, 0.100, 48
train,    145, -5.089959,    5, 1.00,    2, 0.000, 0.000, 0.100, 48
train,    146, -12.709902,    1, 1.00,    0, 0.000, 0.000, 0.100, 48
train,    147, -12.836371,    1, 1.00,    0, 0.000, 0.000, 0.100, 48
train,    148, -9.653736,    2, 1.00,    1, 0.000, 0.000, 0.100, 49
train,    149, -11.574627,    1, 1.00,    0, 0.000, 0.000, 0.100, 49
val,      149, -12.413034, 1.0000,   1.2000,   0.0000, 0.0000,  25.4856
train,    150, -3.954529,    4, 1.00,    2, 0.000, 0.000, 0.100, 49
train,    151, -11.799995,    1, 1.00,    0, 0.000, 0.000, 0.100, 49
train,    152, -10.525867,    4, 1.00,    0, 0.000, 0.000, 0.100, 49
train,    153, -13.550381,    2, 1.00,    1, 0.000, 0.000, 0.100, 49
train,    154, -12.836716,    1, 1.00,    0, 0.000, 0.000, 0.100, 49
train,    155, -11.811888,    1, 1.00,    0, 0.000, 0.000, 0.100, 49
train,    156, -13.908103,    2, 1.00,    0, 0.000, 0.000, 0.100, 49
train,    157, -12.711105,    1, 1.00,    0, 0.000, 0.000, 0.100, 49
train,    158, 0.221986,    6, 1.00,    1, 0.000, 0.000, 0.100, 49
train,    159, 9.116705,    6, 1.00,    2, 0.000, 0.000, 0.100, 49
train,    160, -2.529098,    4, 1.00,    3, 0.000, 0.000, 0.100, 50
train,    161, -11.810380,    1, 1.00,    0, 0.000, 0.000, 0.100, 50
train,    162, 27.380498,   10, 1.00,    2, 0.000, 0.000, 0.100, 50
train,    163, -12.642850,    2, 1.00,    0, 0.000, 0.000, 0.100, 50
train,    164, -20.065744,    9, 1.00,    3, 0.000, 0.000, 0.100, 50
train,    165, -12.848953,    1, 1.00,    0, 0.000, 0.000, 0.100, 50
train,    166, -11.805651,    1, 1.00,    0, 0.000, 0.000, 0.100, 50
train,    167, -13.378476,    2, 1.00,    0, 0.000, 0.000, 0.100, 50
train,    168, -7.794854,    3, 1.00,    3, 0.000, 0.000, 0.100, 50
train,    169, -14.826074,    6, 1.00,    2, 0.000, 0.000, 0.100, 50
train,    170, -11.205500,    1, 1.00,    0, 0.000, 0.000, 0.100, 50
train,    171, -13.921464,    2, 1.00,    0, 0.000, 0.000, 0.100, 50
train,    172, 15.214932,    6, 1.00,    3, 0.000, 0.000, 0.100, 51
train,    173, -9.592974,    2, 1.00,    1, 0.000, 0.000, 0.100, 51
train,    174, -12.709492,    1, 1.00,    0, 0.000, 0.000, 0.100, 51
val,      174, -12.129011, 1.0000,   1.4000,   0.0000, 0.0000,  25.9523
train,    175, -7.589759,    2, 1.00,    2, 0.000, 0.000, 0.100, 51
train,    176, -5.911675,    3, 1.00,    3, 0.000, 0.000, 0.100, 51
train,    177, -9.533111,    2, 1.00,    1, 0.000, 0.000, 0.100, 51
train,    178, 13.255128,    5, 1.00,    1, 0.000, 0.000, 0.100, 51
train,    179, -13.907809,    2, 1.00,    0, 0.000, 0.000, 0.100, 51
train,    180, -13.359334,    1, 1.00,    1, 0.000, 0.000, 0.100, 51
train,    181, -11.811299,    1, 1.00,    0, 0.000, 0.000, 0.100, 51
train,    182, -13.024835,    2, 1.00,    1, 0.000, 0.000, 0.100, 51
train,    183, -13.020740,    1, 1.00,    0, 0.000, 0.000, 0.100, 51
train,    184, 7.303971,    8, 1.00,    1, 0.000, 0.000, 0.100, 52
train,    185, -10.973989,    4, 1.00,    2, 0.000, 0.000, 0.100, 52
train,    186, -11.205500,    1, 1.00,    0, 0.000, 0.000, 0.100, 52
train,    187, -11.808595,    1, 1.00,    0, 0.000, 0.000, 0.100, 52
train,    188, -11.950956,    1, 1.00,    0, 0.000, 0.000, 0.100, 52
train,    189, -5.550291,    5, 1.00,    2, 0.000, 0.000, 0.100, 52
train,    190, -11.322500,    1, 1.00,    0, 0.000, 0.000, 0.100, 52
train,    191, -12.827578,    1, 1.00,    0, 0.000, 0.000, 0.100, 52
train,    192, -12.707608,    1, 1.00,    0, 0.000, 0.000, 0.100, 52
train,    193, 13.251814,    6, 1.00,    2, 0.000, 0.000, 0.100, 52
train,    194, -2.148888,    3, 1.00,    2, 0.000, 0.000, 0.100, 52
train,    195, -11.830408,    1, 1.00,    0, 0.000, 0.000, 0.100, 52
train,    196, -1.700632,    4, 1.00,    2, 0.000, 0.000, 0.100, 53
train,    197, -12.344577,    2, 1.00,    0, 0.000, 0.000, 0.100, 53
train,    198, -9.507189,    2, 1.00,    1, 0.000, 0.000, 0.100, 53
train,    199, -11.805659,    1, 1.00,    0, 0.000, 0.000, 0.100, 53
val,      199, -12.936441, 1.0000,   1.8000,   0.0000, 0.0000,  23.1520
train,    200, -13.010022,    1, 1.00,    0, 0.000, 0.000, 0.100, 53
train,    201, -14.050363,    2, 1.00,    0, 0.000, 0.000, 0.100, 53
train,    202, 14.473008,    6, 1.00,    2, 0.000, 0.000, 0.100, 53
train,    203, -8.310411,    2, 1.00,    2, 0.000, 0.000, 0.100, 53
train,    204, -11.322500,    1, 1.00,    0, 0.000, 0.000, 0.100, 53
train,    205, -11.322500,    1, 1.00,    0, 0.000, 0.000, 0.100, 53
train,    206, -7.234850,    2, 1.00,    2, 0.000, 0.000, 0.100, 53
train,    207, -12.720286,    1, 1.00,    0, 0.000, 0.000, 0.100, 54
train,    208, 8.971572,    4, 1.00,    2, 0.000, 0.000, 0.100, 54
train,    209, -11.811303,    1, 1.00,    0, 0.000, 0.000, 0.100, 54
train,    210, -6.787658,    2, 1.00,    2, 0.000, 0.000, 0.100, 54
train,    211, 26.460774,    8, 1.00,    3, 0.000, 0.000, 0.100, 54
train,    212, -3.397073,    3, 1.00,    3, 0.000, 0.000, 0.100, 54
train,    213, -12.834637,    1, 1.00,    0, 0.000, 0.000, 0.100, 54
train,    214, 10.818583,    7, 1.00,    4, 0.000, 0.000, 0.100, 54
train,    215, -13.963768,    3, 1.00,    2, 0.000, 0.000, 0.100, 54
train,    216, -12.442278,    2, 1.00,    0, 0.000, 0.000, 0.100, 54
train,    217, -11.693160,    1, 1.00,    0, 0.000, 0.000, 0.100, 54
train,    218, -11.205500,    1, 1.00,    0, 0.000, 0.000, 0.100, 54
train,    219, -11.707668,    1, 1.00,    0, 0.000, 0.000, 0.100, 55
train,    220, -13.569315,    2, 1.00,    1, 0.000, 0.000, 0.100, 55
train,    221, 10.612374,    5, 1.00,    2, 0.000, 0.000, 0.100, 55
train,    222, 0.087548,    4, 1.00,    2, 0.000, 0.000, 0.100, 55
train,    223, -13.859766,    2, 1.00,    0, 0.000, 0.000, 0.100, 55
train,    224, -12.826506,    1, 1.00,    0, 0.000, 0.000, 0.100, 55
val,      224, -11.580465, 1.0000,   2.0000,   0.0000, 0.0000,  26.8219
train,    225, -13.926430,    2, 1.00,    0, 0.000, 0.000, 0.100, 55
train,    226, -12.828105,    1, 1.00,    0, 0.000, 0.000, 0.100, 55
train,    227, -11.867540,    1, 1.00,    0, 0.000, 0.000, 0.100, 55
train,    228, -13.948960,    2, 1.00,    0, 0.000, 0.000, 0.100, 55
train,    229, -11.322500,    1, 1.00,    0, 0.000, 0.000, 0.100, 55
train,    230, -11.810233,    1, 1.00,    0, 0.000, 0.000, 0.100, 55
train,    231, -11.205500,    1, 1.00,    0, 0.000, 0.000, 0.100, 56
train,    232, -12.503087,    2, 1.00,    0, 0.000, 0.000, 0.100, 56
train,    233, -11.810167,    1, 1.00,    0, 0.000, 0.000, 0.100, 56
train,    234, -11.694888,    1, 1.00,    0, 0.000, 0.000, 0.100, 56
train,    235, -6.456674,    3, 1.00,    1, 0.000, 0.000, 0.100, 56
train,    236, -2.429597,    6, 1.00,    2, 0.000, 0.000, 0.100, 56
train,    237, -1.922481,    3, 1.00,    2, 0.000, 0.000, 0.100, 56
train,    238, 24.413668,    6, 1.00,    5, 0.000, 0.000, 0.100, 56
train,    239, -11.909972,    1, 1.00,    0, 0.000, 0.000, 0.100, 56
train,    240, -8.124397,    2, 1.00,    1, 0.000, 0.000, 0.100, 56
train,    241, 16.760156,   13, 1.00,    2, 0.000, 0.000, 0.100, 56
train,    242, 4.782177,    4, 1.00,    3, 0.000, 0.000, 0.100, 56
train,    243, -12.396521,    2, 1.00,    0, 0.000, 0.000, 0.100, 57
train,    244, 7.580774,    7, 1.00,    2, 0.000, 0.000, 0.100, 57
train,    245, -10.414267,    2, 1.00,    2, 0.000, 0.000, 0.100, 57
train,    246, -9.767222,    2, 1.00,    1, 0.000, 0.000, 0.100, 57
train,    247, -8.192951,    3, 1.00,    1, 0.000, 0.000, 0.100, 57
train,    248, -12.925770,    1, 1.00,    0, 0.000, 0.000, 0.100, 57
train,    249, -12.828105,    1, 1.00,    0, 0.000, 0.000, 0.100, 57
val,      249, -12.468072, 1.0000,   1.2000,   0.0000, 0.0000,  26.2171
train,    250, -12.711105,    1, 1.00,    0, 0.000, 0.000, 0.100, 57
train,    251, 1.211222,    3, 1.00,    2, 0.000, 0.000, 0.100, 57
train,    252, -11.917647,    1, 1.00,    0, 0.000, 0.000, 0.100, 57
train,    253, -7.621098,    8, 1.00,    3, 0.000, 0.000, 0.100, 57
train,    254, -3.850129,    8, 1.00,    3, 0.000, 0.000, 0.100, 57
train,    255, -11.694888,    1, 1.00,    0, 0.000, 0.000, 0.100, 58
train,    256, -13.140028,    2, 1.00,    1, 0.000, 0.000, 0.100, 58
train,    257, -11.810039,    1, 1.00,    0, 0.000, 0.000, 0.100, 58
train,    258, 0.978367,   11, 1.00,    2, 0.000, 0.000, 0.100, 58
train,    259, -11.322500,    1, 1.00,    0, 0.000, 0.000, 0.100, 58
train,    260, 11.715478,    6, 1.00,    2, 0.000, 0.000, 0.100, 58
train,    261, -12.823362,    2, 1.00,    0, 0.000, 0.000, 0.100, 58
train,    262, -11.639881,    4, 1.00,    2, 0.000, 0.000, 0.100, 58
train,    263, -13.519689,    6, 1.00,    1, 0.000, 0.000, 0.100, 58
train,    264, -12.826491,    1, 1.00,    0, 0.000, 0.000, 0.100, 58
train,    265, -9.608194,    3, 1.00,    3, 0.000, 0.000, 0.100, 58
train,    266, 5.779599,    5, 1.00,    3, 0.000, 0.000, 0.100, 59
train,    267, -12.381096,    2, 1.00,    0, 0.000, 0.000, 0.100, 59
train,    268, -11.322500,    1, 1.00,    0, 0.000, 0.000, 0.100, 59
train,    269, -12.827920,    1, 1.00,    0, 0.000, 0.000, 0.100, 59
train,    270, -12.717679,    1, 1.00,    0, 0.000, 0.000, 0.100, 59
train,    271, -12.448458,    2, 1.00,    0, 0.000, 0.000, 0.100, 59
train,    272, 21.969986,   12, 1.00,    2, 0.000, 0.000, 0.100, 59
train,    273, -12.928686,    1, 1.00,    0, 0.000, 0.000, 0.100, 59
train,    274, -13.359246,    1, 1.00,    1, 0.000, 0.000, 0.100, 59
val,      274, -12.373459, 1.0000,   1.2000,   0.0000, 0.0000,  25.6080
train,    275, -13.014986,    1, 1.00,    0, 0.000, 0.000, 0.100, 59
train,    276, -11.322500,    1, 1.00,    0, 0.000, 0.000, 0.100, 59
train,    277, -11.870636,    1, 1.00,    0, 0.000, 0.000, 0.100, 59
train,    278, -13.882789,    2, 1.00,    0, 0.000, 0.000, 0.100, 60
train,    279, -19.777737,   14, 1.00,    6, 0.000, 0.000, 0.100, 60
train,    280, -12.709509,    1, 1.00,    0, 0.000, 0.000, 0.100, 60
train,    281, -12.699242,    2, 1.00,    0, 0.000, 0.000, 0.100, 60
train,    282, 2.118538,    4, 1.00,    2, 0.000, 0.000, 0.100, 60
train,    283, 45.981534,    9, 1.00,    1, 0.000, 0.000, 0.100, 60
train,    284, -11.205500,    1, 1.00,    0, 0.000, 0.000, 0.100, 60
train,    285, -11.205500,    1, 1.00,    0, 0.000, 0.000, 0.100, 60
train,    286, -11.866109,    1, 1.00,    0, 0.000, 0.000, 0.100, 60
train,    287, -7.923611,    2, 1.00,    0, 0.000, 0.000, 0.100, 60
train,    288, -8.987586,    2, 1.00,    0, 0.000, 0.000, 0.100, 60
train,    289, 23.394438,    9, 1.00,    4, 0.000, 0.000, 0.100, 60
train,    290, -2.201922,    3, 1.00,    2, 0.000, 0.000, 0.100, 61
train,    291, -7.347600,    2, 1.00,    2, 0.000, 0.000, 0.100, 61
train,    292, -13.958135,    2, 1.00,    0, 0.000, 0.000, 0.100, 61
train,    293, -9.488744,    4, 1.00,    2, 0.000, 0.000, 0.100, 61
train,    294, -11.322500,    1, 1.00,    0, 0.000, 0.000, 0.100, 61
train,    295, -11.805647,    1, 1.00,    0, 0.000, 0.000, 0.100, 61
train,    296, -11.322500,    1, 1.00,    0, 0.000, 0.000, 0.100, 61
train,    297, -9.958377,    3, 1.00,    2, 0.000, 0.000, 0.100, 61
train,    298, -12.708077,    1, 1.00,    0, 0.000, 0.000, 0.100, 61
train,    299, -8.305550,    4, 1.00,    2, 0.000, 0.000, 0.100, 61
val,      299, -12.019925, 1.0000,   1.8000,   0.0000, 0.0000,  23.6428
train,    300, -11.688655,    1, 1.00,    0, 0.000, 0.000, 0.100, 61
train,    301, -9.502297,    2, 1.00,    1, 0.000, 0.000, 0.100, 61
train,    302, -13.837552,    2, 1.00,    0, 0.000, 0.000, 0.100, 62
train,    303, -13.010177,    1, 1.00,    0, 0.000, 0.000, 0.100, 62
train,    304, -11.808821,    1, 1.00,    0, 0.000, 0.000, 0.100, 62
train,    305, -11.811487,    1, 1.00,    0, 0.000, 0.000, 0.100, 62
train,    306, -12.339767,    1, 1.00,    1, 0.000, 0.000, 0.100, 62
train,    307, -12.828105,    1, 1.00,    0, 0.000, 0.000, 0.100, 62
train,    308, -11.322500,    1, 1.00,    0, 0.000, 0.000, 0.100, 62
train,    309, -9.536031,    2, 1.00,    1, 0.000, 0.000, 0.100, 62
train,    310, -7.014702,    2, 1.00,    2, 0.000, 0.000, 0.100, 62
train,    311, -10.414267,    2, 1.00,    2, 0.000, 0.000, 0.100, 62
train,    312, -13.016119,    1, 1.00,    0, 0.000, 0.000, 0.100, 62
train,    313, -12.709921,    1, 1.00,    0, 0.000, 0.000, 0.100, 62
train,    314, -11.662954,    3, 1.00,    1, 0.000, 0.000, 0.100, 63
train,    315, -11.205500,    1, 1.00,    0, 0.000, 0.000, 0.100, 63
train,    316, -12.825362,    1, 1.00,    0, 0.000, 0.000, 0.100, 63
train,    317, -10.976549,    3, 1.00,    1, 0.000, 0.000, 0.100, 63
train,    318, -6.375343,    9, 1.00,    1, 0.000, 0.000, 0.100, 63
train,    319, -12.894137,    1, 1.00,    0, 0.000, 0.000, 0.100, 63
train,    320, -12.335296,    2, 1.00,    0, 0.000, 0.000, 0.100, 63
train,    321, -9.039506,    2, 1.00,    1, 0.000, 0.000, 0.100, 63
train,    322, -12.862552,    2, 1.00,    0, 0.000, 0.000, 0.100, 63
train,    323, -5.492152,    4, 1.00,    4, 0.000, 0.000, 0.100, 63
train,    324, -12.826323,    1, 1.00,    0, 0.000, 0.000, 0.100, 63
val,      324, -12.779907, 1.0000,   1.4000,   0.0000, 0.0000,  24.4059
train,    325, -10.487992,    3, 1.00,    0, 0.000, 0.000, 0.100, 64
update,   325,    1,  898, -8.905822, 0.000000
train,    326, 6.506918,    9, 1.00,    4, 0.000, 0.000, 0.100, 64
train,    327, -7.996895,    2, 1.00,    1, 0.000, 0.000, 0.100, 64
train,    328, -12.471052,    2, 1.00,    0, 0.000, 0.000, 0.100, 64
train,    329, 44.942552,    9, 1.00,    1, 0.000, 0.000, 0.100, 64
train,    330, 2.261581,    4, 1.00,    2, 0.000, 0.000, 0.100, 64
train,    331, -9.610951,    2, 1.00,    1, 0.000, 0.000, 0.100, 64
train,    332, 11.309738,    4, 1.00,    2, 0.000, 0.000, 0.100, 64
train,    333, -13.775661,    2, 1.00,    0, 0.000, 0.000, 0.100, 64
train,    334, -13.609579,    2, 1.00,    1, 0.000, 0.000, 0.100, 64
train,    335, -12.582531,    2, 1.00,    0, 0.000, 0.000, 0.100, 64
train,    336, -10.169072,    2, 1.00,    0, 0.000, 0.000, 0.100, 64
train,    337, 13.761845,    8, 1.00,    3, 0.000, 0.000, 0.100, 65
train,    338, -1.561146,    5, 1.00,    2, 0.000, 0.000, 0.100, 65
train,    339, -7.529320,    3, 1.00,    2, 0.000, 0.000, 0.100, 65
train,    340, -10.142144,    2, 1.00,    2, 0.000, 0.000, 0.100, 65
train,    341, -12.460936,    2, 1.00,    0, 0.000, 0.000, 0.100, 65
train,    342, -8.888102,    2, 1.00,    2, 0.000, 0.000, 0.100, 65
train,    343, -3.413703,    3, 1.00,    1, 0.000, 0.000, 0.100, 65
train,    344, -12.711105,    1, 1.00,    0, 0.000, 0.000, 0.100, 65
train,    345, -13.940580,    2, 1.00,    0, 0.000, 0.000, 0.100, 65
train,    346, -6.717231,    2, 1.00,    2, 0.000, 0.000, 0.100, 65
train,    347, -12.711105,    1, 1.00,    0, 0.000, 0.000, 0.100, 65
train,    348, -11.694888,    1, 1.00,    0, 0.000, 0.000, 0.100, 65
train,    349, -15.477272,    3, 1.00,    0, 0.000, 0.000, 0.100, 66
val_save, 349, -1.220600, 1.0000,   3.8000,   3.8000, 0.0000,  27.5887
val,      349, -1.220600, 1.0000,   3.8000,   3.8000, 0.0000,  27.5887
train,    350, -12.864627,    1, 1.00,    0, 0.000, 0.000, 0.100, 66
train,    351, -6.214082,    4, 1.00,    3, 0.000, 0.000, 0.100, 66
train,    352, -7.987405,    2, 1.00,    1, 0.000, 0.000, 0.100, 66
train,    353, -12.922529,    1, 1.00,    0, 0.000, 0.000, 0.100, 66
train,    354, -6.492692,    4, 1.00,    2, 0.000, 0.000, 0.100, 66
train,    355, -10.661478,    4, 1.00,    0, 0.000, 0.000, 0.100, 66
train,    356, -13.871313,    2, 1.00,    0, 0.000, 0.000, 0.100, 66
train,    357, -11.205500,    1, 1.00,    0, 0.000, 0.000, 0.100, 66
train,    358, -12.836250,    1, 1.00,    0, 0.000, 0.000, 0.100, 66
train,    359, -13.875625,    2, 1.00,    0, 0.000, 0.000, 0.100, 66
train,    360, -1.838472,    4, 1.00,    2, 0.000, 0.000, 0.100, 66
train,    361, 14.431355,    5, 1.00,    2, 0.000, 0.000, 0.100, 67
train,    362, -11.205500,    1, 1.00,    0, 0.000, 0.000, 0.100, 67
train,    363, -11.811888,    1, 1.00,    0, 0.000, 0.000, 0.100, 67
train,    364, -13.348184,    2, 1.00,    0, 0.000, 0.000, 0.100, 67
train,    365, 5.806605,    5, 1.00,    4, 0.000, 0.000, 0.100, 67
train,    366, -13.773755,    2, 1.00,    0, 0.000, 0.000, 0.100, 67
train,    367, -12.828105,    1, 1.00,    0, 0.000, 0.000, 0.100, 67
train,    368, -9.797002,    2, 1.00,    1, 0.000, 0.000, 0.100, 67
train,    369, -13.969267,    2, 1.00,    0, 0.000, 0.000, 0.100, 67
train,    370, -11.810164,    1, 1.00,    0, 0.000, 0.000, 0.100, 67
train,    371, -14.004456,    2, 1.00,    0, 0.000, 0.000, 0.100, 67
train,    372, -13.291408,    2, 1.00,    0, 0.000, 0.000, 0.100, 67
train,    373, -13.283354,    2, 1.00,    0, 0.000, 0.000, 0.100, 68
train,    374, -3.543102,    6, 1.00,    2, 0.000, 0.000, 0.100, 68
resume,   2026-04-13 01:00:59.850332
train,    375, -14.092030,    2, 1.00,    0, 0.000, 0.000, 0.100, 68
train,    376, -6.795087,    3, 1.00,    2, 0.000, 0.000, 0.100, 68
train,    377, -8.948241,    2, 1.00,    0, 0.000, 0.000, 0.100, 68
train,    378, -11.642851,    1, 1.00,    0, 0.000, 0.000, 0.100, 68
train,    379, -11.694888,    1, 1.00,    0, 0.000, 0.000, 0.100, 68
train,    380, -11.805649,    1, 1.00,    0, 0.000, 0.000, 0.100, 68
train,    381, -11.615194,   13, 1.00,    6, 0.000, 0.000, 0.100, 68
train,    382, -13.936847,    2, 1.00,    0, 0.000, 0.000, 0.100, 68
train,    383, -5.714145,    4, 1.00,    3, 0.000, 0.000, 0.100, 68
train,    384, -13.741906,    2, 1.00,    0, 0.000, 0.000, 0.100, 68
train,    385, -11.918547,    1, 1.00,    0, 0.000, 0.000, 0.100, 69
train,    386, -12.828105,    1, 1.00,    0, 0.000, 0.000, 0.100, 69
train,    387, -12.827930,    1, 1.00,    0, 0.000, 0.000, 0.100, 69
train,    388, -11.811888,    1, 1.00,    0, 0.000, 0.000, 0.100, 69
train,    389, -11.811888,    1, 1.00,    0, 0.000, 0.000, 0.100, 69
train,    390, -7.500934,    3, 1.00,    1, 0.000, 0.000, 0.100, 69
train,    391, 17.320713,    5, 1.00,    2, 0.000, 0.000, 0.100, 69
train,    392, -11.810060,    1, 1.00,    0, 0.000, 0.000, 0.100, 69
train,    393, -9.401014,    5, 1.00,    4, 0.000, 0.000, 0.100, 69
train,    394, -11.694888,    1, 1.00,    0, 0.000, 0.000, 0.100, 69
train,    395, -11.744283,    1, 1.00,    0, 0.000, 0.000, 0.100, 69
train,    396, 19.003343,    7, 1.00,    3, 0.000, 0.000, 0.100, 70
train,    397, -9.454528,    2, 1.00,    1, 0.000, 0.000, 0.100, 70
train,    398, -12.995875,    2, 1.00,    1, 0.000, 0.000, 0.100, 70
train,    399, -11.322500,    1, 1.00,    0, 0.000, 0.000, 0.100, 70
val,      399, -3.348621, 1.0000,   3.4000,   3.4000, 0.0000,  26.9267
train,    400, -12.828105,    1, 1.00,    0, 0.000, 0.000, 0.100, 70
train,    401, -6.418087,    3, 1.00,    1, 0.000, 0.000, 0.100, 70
train,    402, 9.273642,    8, 1.00,    4, 0.000, 0.000, 0.100, 70
train,    403, -13.642579,    2, 1.00,    1, 0.000, 0.000, 0.100, 70
train,    404, -11.810168,    1, 1.00,    0, 0.000, 0.000, 0.100, 70
train,    405, -11.811888,    1, 1.00,    0, 0.000, 0.000, 0.100, 70
train,    406, -13.618358,    2, 1.00,    1, 0.000, 0.000, 0.100, 70
train,    407, -12.922549,    2, 1.00,    0, 0.000, 0.000, 0.100, 70
train,    408, -11.639065,    1, 1.00,    0, 0.000, 0.000, 0.100, 71
train,    409, -11.811888,    1, 1.00,    0, 0.000, 0.000, 0.100, 71
train,    410, -6.861792,    2, 1.00,    2, 0.000, 0.000, 0.100, 71
train,    411, -12.836454,    1, 1.00,    0, 0.000, 0.000, 0.100, 71
train,    412, -14.595525,    2, 1.00,    1, 0.000, 0.000, 0.100, 71
train,    413, -13.010557,    1, 1.00,    0, 0.000, 0.000, 0.100, 71
train,    414, -11.811641,    1, 1.00,    0, 0.000, 0.000, 0.100, 71
train,    415, -8.768314,    3, 1.00,    2, 0.000, 0.000, 0.100, 71
train,    416, -12.711105,    1, 1.00,    0, 0.000, 0.000, 0.100, 71
train,    417, -13.551160,    2, 1.00,    1, 0.000, 0.000, 0.100, 71
train,    418, 9.144235,    4, 1.00,    2, 0.000, 0.000, 0.100, 71
train,    419, 11.220453,    5, 1.00,    3, 0.000, 0.000, 0.100, 71
train,    420, -11.205500,    1, 1.00,    0, 0.000, 0.000, 0.100, 72
train,    421, 16.655768,    5, 1.00,    2, 0.000, 0.000, 0.100, 72
train,    422, -13.931926,    2, 1.00,    0, 0.000, 0.000, 0.100, 72
train,    423, -13.925180,    2, 1.00,    0, 0.000, 0.000, 0.100, 72
train,    424, -12.708439,    1, 1.00,    0, 0.000, 0.000, 0.100, 72
val_save, 424, 1.045419, 1.0000,   4.2000,   4.2000, 0.0000,  27.3195
val,      424, 1.045419, 1.0000,   4.2000,   4.2000, 0.0000,  27.3195
train,    425, 2.268715,    4, 1.00,    3, 0.000, 0.000, 0.100, 72
train,    426, -0.395355,    7, 1.00,    1, 0.000, 0.000, 0.100, 72
train,    427, -12.851244,    2, 1.00,    0, 0.000, 0.000, 0.100, 72
train,    428, -12.729574,    1, 1.00,    0, 0.000, 0.000, 0.100, 72
train,    429, -2.151869,    3, 1.00,    1, 0.000, 0.000, 0.100, 72
train,    430, -3.806425,    7, 1.00,    4, 0.000, 0.000, 0.100, 72
train,    431, -14.004989,    2, 1.00,    0, 0.000, 0.000, 0.100, 72
train,    432, -12.711105,    1, 1.00,    0, 0.000, 0.000, 0.100, 73
train,    433, -13.731981,    2, 1.00,    0, 0.000, 0.000, 0.100, 73
train,    434, 13.562581,    6, 1.00,    2, 0.000, 0.000, 0.100, 73
train,    435, -11.322500,    1, 1.00,    0, 0.000, 0.000, 0.100, 73
train,    436, -6.234395,   11, 1.00,    2, 0.000, 0.000, 0.100, 73
train,    437, 13.239213,    5, 1.00,    1, 0.000, 0.000, 0.100, 73
train,    438, -12.827661,    1, 1.00,    0, 0.000, 0.000, 0.100, 73
train,    439, -12.991680,    2, 1.00,    1, 0.000, 0.000, 0.100, 73
train,    440, -9.206711,    3, 1.00,    2, 0.000, 0.000, 0.100, 73
train,    441, -11.523630,    4, 1.00,    2, 0.000, 0.000, 0.100, 73
train,    442, -12.709292,    1, 1.00,    0, 0.000, 0.000, 0.100, 73
train,    443, -12.297898,    2, 1.00,    0, 0.000, 0.000, 0.100, 73
train,    444, -4.532855,    2, 1.00,    2, 0.000, 0.000, 0.100, 74
train,    445, -10.816630,    2, 1.00,    1, 0.000, 0.000, 0.100, 74
train,    446, 24.305407,   10, 1.00,    5, 0.000, 0.000, 0.100, 74
train,    447, 8.058823,    7, 1.00,    3, 0.000, 0.000, 0.100, 74
train,    448, -11.693081,    1, 1.00,    0, 0.000, 0.000, 0.100, 74
train,    449, -7.338575,   10, 1.00,    2, 0.000, 0.000, 0.100, 74
val_save, 449, 7.458927, 1.0000,   5.8000,   5.8000, 0.0000,  27.5647
val,      449, 7.458927, 1.0000,   5.8000,   5.8000, 0.0000,  27.5647
curriculum,noise_cap 0.0000 -> 0.0060, entropy 0.1000 -> 0.0940
train,    450, -7.388279,    2, 1.00,    2, 0.000, 0.006, 0.094, 74
train,    451, -12.711105,    1, 1.00,    0, 0.006, 0.006, 0.094, 74
train,    452, -12.826511,    1, 1.00,    0, 0.000, 0.006, 0.094, 74
train,    453, -9.637504,    2, 1.00,    1, 0.000, 0.006, 0.094, 74
train,    454, -12.854106,    1, 1.00,    0, 0.000, 0.006, 0.094, 74
train,    455, 1.897568,    3, 1.00,    2, 0.000, 0.006, 0.094, 74
train,    456, -4.508025,    3, 1.00,    1, 0.000, 0.006, 0.094, 75
train,    457, -11.205500,    1, 1.00,    0, 0.000, 0.006, 0.094, 75
train,    458, -12.921685,    1, 1.00,    0, 0.000, 0.006, 0.094, 75
train,    459, -10.414267,    2, 1.00,    2, 0.006, 0.006, 0.094, 75
train,    460, -22.457137,   11, 1.00,    0, 0.000, 0.006, 0.094, 75
train,    461, -13.822111,    2, 1.00,    0, 0.000, 0.006, 0.094, 75
train,    462, -12.828105,    1, 1.00,    0, 0.000, 0.006, 0.094, 75
train,    463, -11.951930,    1, 1.00,    0, 0.000, 0.006, 0.094, 75
train,    464, -11.811888,    1, 1.00,    0, 0.000, 0.006, 0.094, 75
train,    465, -2.834622,    3, 1.00,    2, 0.000, 0.006, 0.094, 75
train,    466, 7.287632,    3, 1.00,    2, 0.000, 0.006, 0.094, 75
train,    467, 22.531666,    7, 1.00,    3, 0.000, 0.006, 0.094, 76
train,    468, 22.583558,    7, 1.00,    1, 0.006, 0.006, 0.094, 76
train,    469, -8.364628,    3, 1.00,    2, 0.000, 0.006, 0.094, 76
train,    470, -7.347600,    2, 1.00,    2, 0.000, 0.006, 0.094, 76
train,    471, -6.104012,    5, 1.00,    3, 0.000, 0.006, 0.094, 76
train,    472, -12.836216,    1, 1.00,    0, 0.000, 0.006, 0.094, 76
train,    473, 9.526707,    7, 1.00,    4, 0.000, 0.006, 0.094, 76
train,    474, -11.693270,    1, 1.00,    0, 0.000, 0.006, 0.094, 76
val,      474, 1.550016, 1.0000,   4.2000,   4.2000, 0.0000,  27.6373
train,    475, 7.293214,    4, 1.00,    2, 0.000, 0.006, 0.094, 76
train,    476, -3.153589,    4, 1.00,    3, 0.000, 0.006, 0.094, 76
train,    477, 9.144235,    4, 1.00,    2, 0.000, 0.006, 0.094, 76
train,    478, -12.834456,    1, 1.00,    0, 0.000, 0.006, 0.094, 76
train,    479, -13.883463,    2, 1.00,    0, 0.006, 0.006, 0.094, 77
train,    480, 15.610779,    7, 1.00,    2, 0.000, 0.006, 0.094, 77
train,    481, -11.322500,    1, 1.00,    0, 0.006, 0.006, 0.094, 77
train,    482, -9.810014,    3, 1.00,    1, 0.000, 0.006, 0.094, 77
train,    483, -6.727488,    3, 1.00,    2, 0.000, 0.006, 0.094, 77
train,    484, -13.019903,    1, 1.00,    0, 0.000, 0.006, 0.094, 77
train,    485, -13.880530,    2, 1.00,    0, 0.000, 0.006, 0.094, 77
train,    486, 14.050755,    6, 1.00,    2, 0.000, 0.006, 0.094, 77
train,    487, -11.205500,    1, 1.00,    0, 0.000, 0.006, 0.094, 77
train,    488, -20.771849,   11, 1.00,    6, 0.000, 0.006, 0.094, 77
train,    489, -11.799780,    1, 1.00,    0, 0.000, 0.006, 0.094, 77
train,    490, -12.442981,    2, 1.00,    1, 0.000, 0.006, 0.094, 77
train,    491, 0.786631,    4, 1.00,    2, 0.000, 0.006, 0.094, 78
train,    492, -11.322500,    1, 1.00,    0, 0.000, 0.006, 0.094, 78
train,    493, 5.591011,    4, 1.00,    3, 0.000, 0.006, 0.094, 78
train,    494, -11.900327,    3, 1.00,    1, 0.000, 0.006, 0.094, 78
train,    495, 15.154606,    5, 1.00,    3, 0.000, 0.006, 0.094, 78
train,    496, -12.341793,    1, 1.00,    1, 0.000, 0.006, 0.094, 78
train,    497, -12.738045,    9, 1.00,    3, 0.000, 0.006, 0.094, 78
train,    498, -11.694888,    1, 1.00,    0, 0.000, 0.006, 0.094, 78
train,    499, 4.060881,    6, 1.00,    5, 0.000, 0.006, 0.094, 78
val,      499, 2.911509, 1.0000,   4.4000,   4.4000, 0.0000,  28.1256
train,    500, -13.126188,    2, 1.00,    1, 0.000, 0.006, 0.094, 78
train,    501, -11.865581,    1, 1.00,    0, 0.000, 0.006, 0.094, 78
train,    502, -12.709431,    1, 1.00,    0, 0.000, 0.006, 0.094, 78
train,    503, -6.843313,    2, 1.00,    2, 0.000, 0.006, 0.094, 79
train,    504, -11.677249,    1, 1.00,    0, 0.000, 0.006, 0.094, 79
train,    505, 1.897568,    3, 1.00,    2, 0.000, 0.006, 0.094, 79
train,    506, -13.358672,    2, 1.00,    0, 0.000, 0.006, 0.094, 79
train,    507, -12.707676,    1, 1.00,    0, 0.000, 0.006, 0.094, 79
train,    508, 5.109139,    7, 1.00,    4, 0.000, 0.006, 0.094, 79
train,    509, 1.394576,    3, 1.00,    2, 0.000, 0.006, 0.094, 79
train,    510, -13.950790,    2, 1.00,    0, 0.000, 0.006, 0.094, 79
train,    511, 8.918243,    4, 1.00,    2, 0.000, 0.006, 0.094, 79
train,    512, -8.595194,    3, 1.00,    3, 0.000, 0.006, 0.094, 79
train,    513, -7.233941,    2, 1.00,    2, 0.000, 0.006, 0.094, 79
train,    514, -13.361461,    1, 1.00,    1, 0.000, 0.006, 0.094, 79
train,    515, 6.933829,    8, 1.00,    3, 0.000, 0.006, 0.094, 80
train,    516, -4.458875,    4, 1.00,    1, 0.000, 0.006, 0.094, 80
train,    517, 20.162342,    5, 1.00,    2, 0.000, 0.006, 0.094, 80
train,    518, -7.830849,    5, 1.00,    2, 0.000, 0.006, 0.094, 80
train,    519, -14.687265,    2, 1.00,    1, 0.000, 0.006, 0.094, 80
train,    520, 10.245809,   10, 1.00,    3, 0.000, 0.006, 0.094, 80
train,    521, -7.951839,    3, 1.00,    2, 0.000, 0.006, 0.094, 80
train,    522, 1.200921,    5, 1.00,    3, 0.000, 0.006, 0.094, 80
train,    523, 18.693012,    6, 1.00,    1, 0.000, 0.006, 0.094, 80
train,    524, -2.197165,    3, 1.00,    1, 0.006, 0.006, 0.094, 80
val_save, 524, 3.185640, 1.0000,   4.4000,   4.4000, 0.0000,  28.3062
val,      524, 3.185640, 1.0000,   4.4000,   4.4000, 0.0000,  28.3062
train,    525, -13.048436,    2, 1.00,    0, 0.006, 0.006, 0.094, 80
train,    526, -14.039577,    2, 1.00,    0, 0.000, 0.006, 0.094, 80
train,    527, -6.871585,    2, 1.00,    2, 0.000, 0.006, 0.094, 80
train,    528, -11.848532,    1, 1.00,    0, 0.000, 0.006, 0.094, 80
train,    529, -2.319474,    5, 1.00,    2, 0.000, 0.006, 0.094, 80
train,    530, -11.820381,    1, 1.00,    0, 0.000, 0.006, 0.094, 80
train,    531, 7.303436,    6, 1.00,    2, 0.000, 0.006, 0.094, 80
train,    532, -12.420472,    2, 1.00,    0, 0.000, 0.006, 0.094, 80
train,    533, -17.588047,    3, 1.00,    0, 0.000, 0.006, 0.094, 80
train,    534, -11.694888,    1, 1.00,    0, 0.000, 0.006, 0.094, 80
train,    535, 10.327763,    5, 1.00,    2, 0.000, 0.006, 0.094, 80
train,    536, -11.322500,    1, 1.00,    0, 0.000, 0.006, 0.094, 80
train,    537, 3.354701,    4, 1.00,    2, 0.000, 0.006, 0.094, 80
train,    538, -12.727764,    2, 1.00,    0, 0.000, 0.006, 0.094, 80
train,    539, -13.975508,    2, 1.00,    0, 0.000, 0.006, 0.094, 80
train,    540, -12.847282,    1, 1.00,    0, 0.000, 0.006, 0.094, 80
train,    541, -14.948479,    2, 1.00,    1, 0.000, 0.006, 0.094, 80
train,    542, -14.092211,    2, 1.00,    0, 0.000, 0.006, 0.094, 80
train,    543, -11.205500,    1, 1.00,    0, 0.000, 0.006, 0.094, 80
train,    544, -11.205500,    1, 1.00,    0, 0.000, 0.006, 0.094, 80
train,    545, -12.835908,    1, 1.00,    0, 0.000, 0.006, 0.094, 80
train,    546, -12.825973,    1, 1.00,    0, 0.000, 0.006, 0.094, 80
train,    547, 25.676764,    8, 1.00,    4, 0.000, 0.006, 0.094, 80
train,    548, -7.901237,    2, 1.00,    2, 0.000, 0.006, 0.094, 80
train,    549, -11.688649,    1, 1.00,    0, 0.000, 0.006, 0.094, 80
val_save, 549, 6.909480, 1.0000,   4.8000,   4.8000, 0.0000,  29.2842
val,      549, 6.909480, 1.0000,   4.8000,   4.8000, 0.0000,  29.2842
curriculum,noise_cap 0.0060 -> 0.0120, entropy 0.0940 -> 0.0884
train,    550, -12.337637,    1, 1.00,    1, 0.000, 0.012, 0.088, 80
train,    551, 5.897050,    7, 1.00,    5, 0.000, 0.012, 0.088, 80
train,    552, -11.621830,    4, 1.00,    1, 0.000, 0.012, 0.088, 80
train,    553, -13.014860,    1, 1.00,    0, 0.000, 0.012, 0.088, 80
train,    554, -9.629931,    2, 1.00,    1, 0.000, 0.012, 0.088, 80
train,    555, -8.816740,    3, 1.00,    2, 0.000, 0.012, 0.088, 80
train,    556, -12.477126,    2, 1.00,    0, 0.000, 0.012, 0.088, 80
train,    557, -11.694888,    1, 1.00,    0, 0.000, 0.012, 0.088, 80
train,    558, -12.921946,    2, 1.00,    1, 0.000, 0.012, 0.088, 80
train,    559, -13.158765,    2, 1.00,    1, 0.000, 0.012, 0.088, 80
train,    560, -13.950294,    2, 1.00,    0, 0.000, 0.012, 0.088, 80
train,    561, -14.562254,    2, 1.00,    1, 0.000, 0.012, 0.088, 80
train,    562, -11.917249,    1, 1.00,    0, 0.000, 0.012, 0.088, 80
train,    563, -13.939603,    2, 1.00,    0, 0.000, 0.012, 0.088, 80
train,    564, -0.831600,   12, 1.00,    3, 0.000, 0.012, 0.088, 80
train,    565, 1.247322,    4, 1.00,    2, 0.000, 0.012, 0.088, 80
train,    566, 9.144235,    4, 1.00,    2, 0.000, 0.012, 0.088, 80
train,    567, -12.828105,    1, 1.00,    0, 0.000, 0.012, 0.088, 80
train,    568, -13.764875,    2, 1.00,    1, 0.000, 0.012, 0.088, 80
train,    569, -3.716010,   13, 1.00,    5, 0.000, 0.012, 0.088, 80
train,    570, -11.693381,    1, 1.00,    0, 0.000, 0.012, 0.088, 80
train,    571, -12.825487,    1, 1.00,    0, 0.000, 0.012, 0.088, 80
train,    572, -11.960979,    1, 1.00,    0, 0.000, 0.012, 0.088, 80
train,    573, 0.119708,    6, 1.00,    1, 0.000, 0.012, 0.088, 80
train,    574, -0.606679,    3, 1.00,    2, 0.000, 0.012, 0.088, 80
val,      574, 1.896554, 1.0000,   4.0000,   4.0000, 0.0000,  28.4474
train,    575, -14.061686,    2, 1.00,    0, 0.000, 0.012, 0.088, 80
train,    576, -12.711105,    1, 1.00,    0, 0.000, 0.012, 0.088, 80
train,    577, -8.958876,    4, 1.00,    3, 0.000, 0.012, 0.088, 80
train,    578, -11.694888,    1, 1.00,    0, 0.000, 0.012, 0.088, 80
train,    579, -12.825663,    1, 1.00,    0, 0.000, 0.012, 0.088, 80
train,    580, -13.540490,    2, 1.00,    1, 0.000, 0.012, 0.088, 80
train,    581, -12.828105,    1, 1.00,    0, 0.000, 0.012, 0.088, 80
train,    582, -12.711105,    1, 1.00,    0, 0.000, 0.012, 0.088, 80
train,    583, 3.913773,    6, 1.00,    3, 0.000, 0.012, 0.088, 80
train,    584, -13.015986,    1, 1.00,    0, 0.000, 0.012, 0.088, 80
train,    585, -11.322500,    1, 1.00,    0, 0.000, 0.012, 0.088, 80
train,    586, -14.002281,    2, 1.00,    0, 0.000, 0.012, 0.088, 80
train,    587, -8.322929,    3, 1.00,    2, 0.000, 0.012, 0.088, 80
train,    588, -6.223348,    3, 1.00,    3, 0.012, 0.012, 0.088, 80
train,    589, -11.205500,    1, 1.00,    0, 0.000, 0.012, 0.088, 80
train,    590, -11.811010,    1, 1.00,    0, 0.012, 0.012, 0.088, 80
train,    591, -9.616720,    2, 1.00,    1, 0.000, 0.012, 0.088, 80
train,    592, -11.811292,    1, 1.00,    0, 0.012, 0.012, 0.088, 80
train,    593, -12.709315,    1, 1.00,    0, 0.000, 0.012, 0.088, 80
train,    594, -14.842306,    2, 1.00,    1, 0.012, 0.012, 0.088, 80
train,    595, -7.043250,    3, 1.00,    1, 0.000, 0.012, 0.088, 80
train,    596, -7.143100,    2, 1.00,    2, 0.000, 0.012, 0.088, 80
train,    597, 3.813707,    4, 1.00,    2, 0.000, 0.012, 0.088, 80
train,    598, 37.817044,   13, 1.00,    7, 0.000, 0.012, 0.088, 80
train,    599, -14.021631,    2, 1.00,    0, 0.012, 0.012, 0.088, 80
val,      599, -3.466129, 1.0000,   3.2000,   3.2000, 0.0000,  25.6257
train,    600, -15.956421,    8, 1.00,    2, 0.000, 0.012, 0.088, 80
train,    601, -13.858289,    2, 1.00,    0, 0.000, 0.012, 0.088, 80
train,    602, -13.846373,    2, 1.00,    0, 0.000, 0.012, 0.088, 80
train,    603, -4.350792,    4, 1.00,    2, 0.000, 0.012, 0.088, 80
train,    604, -9.250926,    2, 1.00,    1, 0.000, 0.012, 0.088, 80
train,    605, -12.056792,    2, 1.00,    1, 0.000, 0.012, 0.088, 80
train,    606, -12.708509,    1, 1.00,    0, 0.000, 0.012, 0.088, 80
train,    607, 13.749171,   12, 1.00,    4, 0.000, 0.012, 0.088, 80
train,    608, -12.828013,    1, 1.00,    0, 0.000, 0.012, 0.088, 80
train,    609, 10.997586,    6, 1.00,    3, 0.000, 0.012, 0.088, 80
train,    610, -14.006912,    2, 1.00,    0, 0.000, 0.012, 0.088, 80
train,    611, -5.708737,    5, 1.00,    2, 0.000, 0.012, 0.088, 80
train,    612, -12.187871,    2, 1.00,    1, 0.000, 0.012, 0.088, 80
train,    613, -13.653425,    3, 1.00,    2, 0.000, 0.012, 0.088, 80
train,    614, -11.811888,    1, 1.00,    0, 0.012, 0.012, 0.088, 80
train,    615, -9.500103,    3, 1.00,    1, 0.000, 0.012, 0.088, 80
train,    616, -12.403665,    5, 1.00,    3, 0.000, 0.012, 0.088, 80
train,    617, -12.708769,    1, 1.00,    0, 0.000, 0.012, 0.088, 80
train,    618, -7.596067,    2, 1.00,    2, 0.000, 0.012, 0.088, 80
train,    619, -4.626848,    7, 1.00,    3, 0.000, 0.012, 0.088, 80
train,    620, -6.586635,    2, 1.00,    2, 0.000, 0.012, 0.088, 80
train,    621, -14.501311,    5, 1.00,    0, 0.000, 0.012, 0.088, 80
train,    622, -11.693383,    1, 1.00,    0, 0.000, 0.012, 0.088, 80
train,    623, -11.811888,    1, 1.00,    0, 0.000, 0.012, 0.088, 80
train,    624, -13.361343,    1, 1.00,    1, 0.000, 0.012, 0.088, 80
val,      624, 4.629534, 1.0000,   5.2000,   5.2000, 0.0000,  27.1661
train,    625, -11.322500,    1, 1.00,    0, 0.000, 0.012, 0.088, 80
train,    626, -13.220483,    5, 1.00,    2, 0.000, 0.012, 0.088, 80
train,    627, -13.470470,    2, 1.00,    0, 0.000, 0.012, 0.088, 80
train,    628, -7.347600,    2, 1.00,    2, 0.012, 0.012, 0.088, 80
train,    629, -12.825496,    1, 1.00,    0, 0.000, 0.012, 0.088, 80
train,    630, -12.341795,    1, 1.00,    1, 0.000, 0.012, 0.088, 80
train,    631, -2.912432,    3, 1.00,    2, 0.000, 0.012, 0.088, 80
train,    632, -13.916594,    2, 1.00,    0, 0.000, 0.012, 0.088, 80
train,    633, -12.393180,    2, 1.00,    0, 0.000, 0.012, 0.088, 80
train,    634, -3.736448,    3, 1.00,    1, 0.000, 0.012, 0.088, 80
train,    635, -12.412457,    2, 1.00,    0, 0.000, 0.012, 0.088, 80
train,    636, -12.943047,    2, 1.00,    0, 0.000, 0.012, 0.088, 80
train,    637, -5.415293,    6, 1.00,    2, 0.000, 0.012, 0.088, 80
train,    638, 1.862537,    5, 1.00,    3, 0.000, 0.012, 0.088, 80
train,    639, -13.957125,    2, 1.00,    0, 0.000, 0.012, 0.088, 80
train,    640, -12.324764,    2, 1.00,    0, 0.000, 0.012, 0.088, 80
train,    641, -4.782677,    4, 1.00,    2, 0.000, 0.012, 0.088, 80
train,    642, -4.007929,    4, 1.00,    2, 0.000, 0.012, 0.088, 80
train,    643, -11.868278,    1, 1.00,    0, 0.000, 0.012, 0.088, 80
train,    644, -7.093535,    3, 1.00,    1, 0.000, 0.012, 0.088, 80
train,    645, -2.966631,    6, 1.00,    2, 0.000, 0.012, 0.088, 80
train,    646, -13.494938,    3, 1.00,    0, 0.000, 0.012, 0.088, 80
train,    647, -2.309305,    4, 1.00,    3, 0.000, 0.012, 0.088, 80
train,    648, -11.808666,    1, 1.00,    0, 0.000, 0.012, 0.088, 80
train,    649, -11.811888,    1, 1.00,    0, 0.000, 0.012, 0.088, 80
val_save, 649, 18.262282, 1.0000,   7.4000,   7.4000, 0.0000,  28.7917
val,      649, 18.262282, 1.0000,   7.4000,   7.4000, 0.0000,  28.7917
train,    650, -11.322500,    1, 1.00,    0, 0.000, 0.012, 0.088, 80
train,    651, -13.294168,    2, 1.00,    0, 0.000, 0.012, 0.088, 80
train,    652, 6.021243,    3, 1.00,    2, 0.000, 0.012, 0.088, 80
train,    653, 15.864215,    7, 1.00,    4, 0.000, 0.012, 0.088, 80
train,    654, -13.864396,    2, 1.00,    0, 0.000, 0.012, 0.088, 80
train,    655, -11.811873,    1, 1.00,    0, 0.000, 0.012, 0.088, 80
train,    656, -14.080134,    2, 1.00,    0, 0.000, 0.012, 0.088, 80
train,    657, 7.768715,    7, 1.00,    1, 0.000, 0.012, 0.088, 80
train,    658, -2.559998,    5, 1.00,    2, 0.000, 0.012, 0.088, 80
train,    659, -12.543514,    2, 1.00,    0, 0.000, 0.012, 0.088, 80
train,    660, -12.901812,    1, 1.00,    0, 0.000, 0.012, 0.088, 80
train,    661, -11.811888,    1, 1.00,    0, 0.000, 0.012, 0.088, 80
train,    662, -11.811888,    1, 1.00,    0, 0.000, 0.012, 0.088, 80
train,    663, -8.480502,    7, 1.00,    2, 0.000, 0.012, 0.088, 80
train,    664, -12.732590,    1, 1.00,    0, 0.000, 0.012, 0.088, 80
train,    665, -11.694888,    1, 1.00,    0, 0.000, 0.012, 0.088, 80
train,    666, 9.664619,    4, 1.00,    2, 0.000, 0.012, 0.088, 80
train,    667, 24.537157,    9, 1.00,    4, 0.000, 0.012, 0.088, 80
train,    668, -13.746470,    2, 1.00,    1, 0.000, 0.012, 0.088, 80
train,    669, -9.277991,    2, 1.00,    1, 0.000, 0.012, 0.088, 80
train,    670, -12.234236,    2, 1.00,    1, 0.000, 0.012, 0.088, 80
train,    671, -12.826357,    1, 1.00,    0, 0.000, 0.012, 0.088, 80
train,    672, -13.936341,    2, 1.00,    0, 0.000, 0.012, 0.088, 80
