init,     2026-04-13 11:07:13.635170
arguments,Namespace(PPO_epochs=4, adv_norm=1, alg='ppo', cuda=0, curriculum_clean_ratio=0.94, curriculum_entropy_decay=0.94, curriculum_mode='adaptive', curriculum_noise_step=0.006, curriculum_patience=3, entropy=0.34, entropy_min=0.12, eps_clip=0.12, gae_lambda=0.98, gamma=0.997, grad_clip=0.4, gymip_train_xml='inverted_pendulum_ChangeThk_0.050000.xml', hid_group_num=8, hid_group_size=8, hidden_num=64, ignore_checkpoint=True, lane_profile='auto', lr=0.00035, max_noise=0.03, mini_batch_size=224, model='rwtaspk', monitor_time=False, optimizer='rmsprop', rep=11, response_window=40, reward_scale=0.9, road_scenario='highway', rollout_steps=896, rwta_del_connection='none', seed=14184, snn_num_steps=15, task='gymip', thread=-1, traffic_level='dense', train_num=5000, warm_start_kind='none', warm_start_prefix='')
seed,     14184
model_dir,/root/autodl-tmp/SVPG2023/LANE/training_runs/ours/highway_dense/models
log_dir,  /root/autodl-tmp/SVPG2023/LANE/training_runs/ours/highway_dense/logs
profile,  lane auto-stabilize: lr->0.0005, gamma->0.995, PPO_epochs->4, eps_clip->0.15, rollout_steps->512, mini_batch_size->128, gae_lambda->0.97, grad_clip->0.5, curriculum_clean_ratio->0.8, max_noise->0.08, curriculum_noise_step->0.02, lr->0.00035, gamma->0.997, entropy->0.34, entropy_min->0.12, eps_clip->0.12, rollout_steps->896, mini_batch_size->224, gae_lambda->0.98, reward_scale->0.9, grad_clip->0.4, curriculum_clean_ratio->0.94, max_noise->0.03, curriculum_noise_step->0.006, curriculum_patience->3, curriculum_entropy_decay->0.94
train,    1, 14.937393,   11, 1.00,    3, 0.000, 0.000, 0.340, 50
train,    2, -0.270220,    5, 1.00,    2, 0.000, 0.000, 0.340, 50
train,    3, 66.797467,   30, 1.00,    8, 0.000, 0.000, 0.340, 50
train,    4, -0.375372,    4, 1.00,    1, 0.000, 0.000, 0.340, 50
train,    5, 15.412073,   17, 1.00,    2, 0.000, 0.000, 0.340, 50
train,    6, 11.038178,    9, 1.00,    4, 0.000, 0.000, 0.340, 50
train,    7, -0.842515,    4, 1.00,    1, 0.000, 0.000, 0.340, 50
train,    8, 0.404475,    5, 1.00,    5, 0.000, 0.000, 0.340, 50
train,    9, 61.269465,   27, 1.00,    6, 0.000, 0.000, 0.340, 51
train,    10, 19.822241,   10, 1.00,    3, 0.000, 0.000, 0.340, 51
train,    11, 12.195972,   18, 1.00,    3, 0.000, 0.000, 0.340, 51
train,    12, -2.894303,    4, 1.00,    4, 0.000, 0.000, 0.340, 51
train,    13, -7.121640,    2, 1.00,    1, 0.000, 0.000, 0.340, 51
train,    14, 8.494131,    7, 1.00,    3, 0.000, 0.000, 0.340, 51
train,    15, 5.478513,    8, 1.00,    3, 0.000, 0.000, 0.340, 51
train,    16, 21.627422,   17, 1.00,    7, 0.000, 0.000, 0.340, 51
train,    17, -1.071797,    3, 1.00,    2, 0.000, 0.000, 0.340, 51
train,    18, 44.251835,   21, 1.00,    8, 0.000, 0.000, 0.340, 51
train,    19, -0.729232,    4, 1.00,    1, 0.000, 0.000, 0.340, 51
train,    20, 17.628737,   12, 1.00,    1, 0.000, 0.000, 0.340, 51
train,    21, 14.374979,   11, 1.00,    5, 0.000, 0.000, 0.340, 51
train,    22, -0.995466,    3, 1.00,    1, 0.000, 0.000, 0.340, 51
train,    23, 13.115223,   10, 1.00,    6, 0.000, 0.000, 0.340, 51
train,    24, 7.222014,   10, 1.00,    6, 0.000, 0.000, 0.340, 51
val_save, 24, 13.105222, 1.0000,   9.4000,   6.4000, 0.0000,  25.9187
val,      24, 13.105222, 1.0000,   9.4000,   6.4000, 0.0000,  25.9187
train,    25, 38.274826,   24, 1.00,   12, 0.000, 0.000, 0.340, 52
train,    26, 8.902459,    7, 1.00,    2, 0.000, 0.000, 0.340, 52
train,    27, 27.898631,   17, 1.00,   10, 0.000, 0.000, 0.340, 52
train,    28, 3.577358,    6, 1.00,    1, 0.000, 0.000, 0.340, 52
train,    29, 21.142889,   12, 1.00,    7, 0.000, 0.000, 0.340, 52
train,    30, 52.915320,   25, 1.00,   13, 0.000, 0.000, 0.340, 52
train,    31, -3.132731,    3, 1.00,    2, 0.000, 0.000, 0.340, 52
train,    32, 4.323696,    6, 1.00,    1, 0.000, 0.000, 0.340, 52
train,    33, 8.795341,    6, 1.00,    4, 0.000, 0.000, 0.340, 52
train,    34, 2.723976,    5, 1.00,    3, 0.000, 0.000, 0.340, 52
train,    35, 46.931404,   23, 1.00,    7, 0.000, 0.000, 0.340, 52
train,    36, 36.086806,   16, 1.00,    6, 0.000, 0.000, 0.340, 52
train,    37, 3.480066,    4, 1.00,    1, 0.000, 0.000, 0.340, 52
train,    38, 11.167139,    7, 1.00,    4, 0.000, 0.000, 0.340, 52
train,    39, 32.382850,   19, 1.00,    7, 0.000, 0.000, 0.340, 52
train,    40, 44.290630,   31, 1.00,    6, 0.000, 0.000, 0.340, 52
train,    41, 15.431786,   10, 1.00,    4, 0.000, 0.000, 0.340, 52
train,    42, 37.763302,   23, 1.00,    7, 0.000, 0.000, 0.340, 53
train,    43, -2.815248,    3, 1.00,    2, 0.000, 0.000, 0.340, 53
train,    44, 12.661050,    9, 1.00,    4, 0.000, 0.000, 0.340, 53
train,    45, 31.006335,   15, 1.00,    6, 0.000, 0.000, 0.340, 53
train,    46, 16.237687,   12, 1.00,    6, 0.000, 0.000, 0.340, 53
train,    47, -1.720155,    4, 1.00,    1, 0.000, 0.000, 0.340, 53
train,    48, 3.815973,    5, 1.00,    1, 0.000, 0.000, 0.340, 53
train,    49, 4.188797,    5, 1.00,    1, 0.000, 0.000, 0.340, 53
val,      49, 5.918112, 1.0000,   7.4000,   4.4000, 0.0000,  25.5266
train,    50, 19.978876,   13, 1.00,    8, 0.000, 0.000, 0.340, 53
train,    51, -2.554746,    3, 1.00,    2, 0.000, 0.000, 0.340, 53
train,    52, -4.202483,    3, 1.00,    3, 0.000, 0.000, 0.340, 53
train,    53, 10.178769,    8, 1.00,    4, 0.000, 0.000, 0.340, 53
train,    54, 42.391330,   18, 1.00,    9, 0.000, 0.000, 0.340, 53
train,    55, 16.031055,   11, 1.00,    4, 0.000, 0.000, 0.340, 53
train,    56, -6.634658,    2, 1.00,    2, 0.000, 0.000, 0.340, 53
train,    57, 4.114703,    5, 1.00,    2, 0.000, 0.000, 0.340, 53
train,    58, 13.374858,   11, 1.00,    7, 0.000, 0.000, 0.340, 54
train,    59, 24.166280,   13, 1.00,    6, 0.000, 0.000, 0.340, 54
train,    60, 3.895626,    4, 1.00,    3, 0.000, 0.000, 0.340, 54
train,    61, 3.906234,    6, 1.00,    4, 0.000, 0.000, 0.340, 54
train,    62, 3.185790,    6, 1.00,    3, 0.000, 0.000, 0.340, 54
train,    63, -3.450460,    3, 1.00,    2, 0.000, 0.000, 0.340, 54
train,    64, 12.525155,    9, 1.00,    2, 0.000, 0.000, 0.340, 54
train,    65, 25.745230,   24, 1.00,    8, 0.000, 0.000, 0.340, 54
train,    66, 14.940866,    8, 1.00,    3, 0.000, 0.000, 0.340, 54
train,    67, -7.639764,    2, 1.00,    2, 0.000, 0.000, 0.340, 54
train,    68, 66.627721,   39, 1.00,   17, 0.000, 0.000, 0.340, 54
train,    69, 32.742601,   21, 1.00,    5, 0.000, 0.000, 0.340, 54
train,    70, 12.767801,    9, 1.00,    2, 0.000, 0.000, 0.340, 54
train,    71, -1.295625,    4, 1.00,    1, 0.000, 0.000, 0.340, 54
train,    72, 1.840799,    6, 1.00,    3, 0.000, 0.000, 0.340, 54
train,    73, 5.989795,    9, 1.00,    7, 0.000, 0.000, 0.340, 54
train,    74, 0.516516,    5, 1.00,    1, 0.000, 0.000, 0.340, 54
val,      74, 5.113418, 1.0000,   6.4000,   4.2000, 0.0000,  24.2950
train,    75, 8.316349,    6, 1.00,    2, 0.000, 0.000, 0.340, 55
train,    76, 9.154993,    7, 1.00,    2, 0.000, 0.000, 0.340, 55
train,    77, 8.524684,   12, 1.00,    5, 0.000, 0.000, 0.340, 55
train,    78, 12.308377,    7, 1.00,    4, 0.000, 0.000, 0.340, 55
train,    79, 39.828339,   19, 1.00,    9, 0.000, 0.000, 0.340, 55
train,    80, 12.669695,   11, 1.00,    5, 0.000, 0.000, 0.340, 55
train,    81, 23.843317,   14, 1.00,    6, 0.000, 0.000, 0.340, 55
train,    82, 39.891435,   22, 1.00,   11, 0.000, 0.000, 0.340, 55
train,    83, 28.569648,   15, 1.00,    7, 0.000, 0.000, 0.340, 55
update,   83,    1,  904, 7.243943, 0.000000
train,    84, 19.568444,   12, 1.00,    6, 0.000, 0.000, 0.340, 55
train,    85, 18.247141,   12, 1.00,    5, 0.000, 0.000, 0.340, 55
train,    86, 45.034435,   21, 1.00,   11, 0.000, 0.000, 0.340, 55
train,    87, 10.286830,    8, 1.00,    2, 0.000, 0.000, 0.340, 55
train,    88, 21.783255,   10, 1.00,    4, 0.000, 0.000, 0.340, 55
train,    89, 1.888714,    4, 1.00,    2, 0.000, 0.000, 0.340, 55
train,    90, 2.468251,    6, 1.00,    0, 0.000, 0.000, 0.340, 55
train,    91, 22.700318,   13, 1.00,    6, 0.000, 0.000, 0.340, 56
train,    92, -6.060409,    2, 1.00,    2, 0.000, 0.000, 0.340, 56
train,    93, 6.067869,    9, 1.00,    4, 0.000, 0.000, 0.340, 56
train,    94, 14.613998,   10, 1.00,    6, 0.000, 0.000, 0.340, 56
train,    95, 7.303356,    7, 1.00,    5, 0.000, 0.000, 0.340, 56
train,    96, 15.820097,   12, 1.00,    7, 0.000, 0.000, 0.340, 56
train,    97, 45.471907,   37, 1.00,   15, 0.000, 0.000, 0.340, 56
train,    98, 47.560217,   27, 1.00,   12, 0.000, 0.000, 0.340, 56
