init,     2026-04-13 17:40:05.300496
arguments,Namespace(PPO_epochs=4, adv_norm=1, alg='ppo', cuda=0, curriculum_clean_ratio=0.97, curriculum_entropy_decay=0.95, curriculum_mode='adaptive', curriculum_noise_step=0.003, curriculum_patience=4, entropy=0.22, entropy_min=0.1, eps_clip=0.12, gae_lambda=0.98, gamma=0.997, grad_clip=0.4, gymip_train_xml='inverted_pendulum_ChangeThk_0.050000.xml', hid_group_num=8, hid_group_size=8, hidden_num=64, ignore_checkpoint=True, lane_profile='auto', lr=0.00032, max_noise=0.015, mini_batch_size=224, model='rwtaspk', monitor_time=False, optimizer='rmsprop', rep=11, response_window=40, reward_scale=0.9, road_scenario='highway', rollout_steps=896, rwta_del_connection='none', seed=20384, snn_num_steps=15, task='gymip', thread=-1, traffic_level='dense', train_num=4800, warm_start_kind='none', warm_start_prefix='')
seed,     20384
model_dir,/root/autodl-tmp/SVPG2023/LANE/training_runs/ours/highway_dense/models
log_dir,  /root/autodl-tmp/SVPG2023/LANE/training_runs/ours/highway_dense/logs
train,    1, 1.441678,    7, 1.00,    1, 0.000, 0.000, 0.220, 44
train,    2, 46.785600,   22, 1.00,    2, 0.000, 0.000, 0.220, 44
train,    3, 65.105112,   28, 1.00,    5, 0.000, 0.000, 0.220, 44
train,    4, -4.956970,    3, 1.00,    0, 0.000, 0.000, 0.220, 44
train,    5, 45.178825,   23, 1.00,    5, 0.000, 0.000, 0.220, 44
train,    6, 13.672549,   10, 1.00,    1, 0.000, 0.000, 0.220, 44
train,    7, -0.107474,    4, 1.00,    2, 0.000, 0.000, 0.220, 44
train,    8, 2.648789,    6, 1.00,    1, 0.000, 0.000, 0.220, 44
train,    9, -2.723261,    4, 1.00,    0, 0.000, 0.000, 0.220, 44
train,    10, 2.297269,    6, 1.00,    1, 0.000, 0.000, 0.220, 45
train,    11, 34.965409,   19, 1.00,    4, 0.000, 0.000, 0.220, 45
train,    12, 32.922821,   18, 1.00,    3, 0.000, 0.000, 0.220, 45
train,    13, -4.069264,    3, 1.00,    1, 0.000, 0.000, 0.220, 45
train,    14, -0.136860,    5, 1.00,    3, 0.000, 0.000, 0.220, 45
train,    15, 21.056533,   11, 1.00,    1, 0.000, 0.000, 0.220, 45
train,    16, 15.413406,   10, 1.00,    1, 0.000, 0.000, 0.220, 45
train,    17, 26.051750,   13, 1.00,    4, 0.000, 0.000, 0.220, 45
train,    18, 28.947377,   16, 1.00,    4, 0.000, 0.000, 0.220, 45
train,    19, 29.588398,   15, 1.00,    2, 0.000, 0.000, 0.220, 45
train,    20, 19.482942,   12, 1.00,    2, 0.000, 0.000, 0.220, 45
train,    21, 41.896271,   27, 1.00,    8, 0.000, 0.000, 0.220, 45
train,    22, 84.069249,   38, 1.00,   11, 0.000, 0.000, 0.220, 45
train,    23, 37.071566,   18, 1.00,    3, 0.000, 0.000, 0.220, 45
train,    24, 16.680306,   11, 1.00,    1, 0.000, 0.000, 0.220, 45
val_save, 24, 18.653467, 1.0000,  11.6000,   3.4000, 0.0000,  27.2442
val,      24, 18.653467, 1.0000,  11.6000,   3.4000, 0.0000,  27.2442
train,    25, 66.330723,   26, 1.00,    4, 0.000, 0.000, 0.220, 45
train,    26, 14.035631,   11, 1.00,    1, 0.000, 0.000, 0.220, 45
train,    27, -1.751981,    4, 1.00,    2, 0.000, 0.000, 0.220, 45
train,    28, -3.945533,    3, 1.00,    1, 0.000, 0.000, 0.220, 45
train,    29, 77.977507,   36, 1.00,    8, 0.000, 0.000, 0.220, 46
train,    30, 19.368402,   12, 1.00,    4, 0.000, 0.000, 0.220, 46
train,    31, 9.006706,    6, 1.00,    1, 0.000, 0.000, 0.220, 46
train,    32, 14.929360,   10, 1.00,    1, 0.000, 0.000, 0.220, 46
train,    33, 44.759387,   24, 1.00,    7, 0.000, 0.000, 0.220, 46
train,    34, 18.988959,   12, 1.00,    2, 0.000, 0.000, 0.220, 46
train,    35, 20.139230,   12, 1.00,    4, 0.000, 0.000, 0.220, 46
train,    36, 23.840254,   14, 1.00,    2, 0.000, 0.000, 0.220, 46
train,    37, 49.056425,   22, 1.00,    7, 0.000, 0.000, 0.220, 46
train,    38, 19.881408,   10, 1.00,    3, 0.000, 0.000, 0.220, 46
train,    39, 3.992659,    5, 1.00,    1, 0.000, 0.000, 0.220, 46
train,    40, 5.053643,    7, 1.00,    3, 0.000, 0.000, 0.220, 46
train,    41, 14.742726,    9, 1.00,    3, 0.000, 0.000, 0.220, 46
train,    42, 22.768400,   15, 1.00,    5, 0.000, 0.000, 0.220, 46
train,    43, 32.454325,   17, 1.00,    3, 0.000, 0.000, 0.220, 46
train,    44, 4.307684,    7, 1.00,    2, 0.000, 0.000, 0.220, 46
train,    45, 23.567681,   14, 1.00,    2, 0.000, 0.000, 0.220, 46
train,    46, 15.831500,    9, 1.00,    4, 0.000, 0.000, 0.220, 46
train,    47, 0.383947,    6, 1.00,    2, 0.000, 0.000, 0.220, 46
train,    48, 22.136245,   12, 1.00,    2, 0.000, 0.000, 0.220, 47
train,    49, 33.354076,   22, 1.00,    5, 0.000, 0.000, 0.220, 47
val_save, 49, 31.517879, 1.0000,  16.4000,   4.6000, 0.0000,  26.3405
val,      49, 31.517879, 1.0000,  16.4000,   4.6000, 0.0000,  26.3405
train,    50, 0.119628,    4, 1.00,    1, 0.000, 0.000, 0.220, 47
train,    51, 34.695238,   19, 1.00,    6, 0.000, 0.000, 0.220, 47
train,    52, 6.218929,    7, 1.00,    4, 0.000, 0.000, 0.220, 47
train,    53, 6.962979,    6, 1.00,    1, 0.000, 0.000, 0.220, 47
train,    54, 2.803128,    8, 1.00,    1, 0.000, 0.000, 0.220, 47
train,    55, -3.028876,    4, 1.00,    2, 0.000, 0.000, 0.220, 47
train,    56, 31.677125,   16, 1.00,    3, 0.000, 0.000, 0.220, 47
resume,   2026-04-13 17:56:11.580076
train,    57, 10.721708,    9, 1.00,    1, 0.000, 0.000, 0.220, 47
train,    58, 25.442845,   15, 1.00,    2, 0.000, 0.000, 0.220, 47
train,    59, 4.856432,    6, 1.00,    2, 0.000, 0.000, 0.220, 47
train,    60, 17.196692,   11, 1.00,    2, 0.000, 0.000, 0.220, 47
train,    61, 58.845432,   23, 1.00,    5, 0.000, 0.000, 0.220, 47
train,    62, 7.554095,    7, 1.00,    3, 0.000, 0.000, 0.220, 47
train,    63, 15.201435,   10, 1.00,    3, 0.000, 0.000, 0.220, 47
train,    64, 110.295444,   47, 1.00,   11, 0.000, 0.000, 0.220, 47
train,    65, 58.085560,   24, 1.00,    4, 0.000, 0.000, 0.220, 47
train,    66, 50.708016,   30, 1.00,    7, 0.000, 0.000, 0.220, 47
train,    67, -0.125846,    6, 1.00,    3, 0.000, 0.000, 0.220, 48
train,    68, 18.233542,   13, 1.00,    2, 0.000, 0.000, 0.220, 48
train,    69, 21.227557,   16, 1.00,    4, 0.000, 0.000, 0.220, 48
train,    70, 21.336393,   15, 1.00,    3, 0.000, 0.000, 0.220, 48
train,    71, 10.453952,   11, 1.00,    1, 0.000, 0.000, 0.220, 48
train,    72, 28.886536,   16, 1.00,    4, 0.000, 0.000, 0.220, 48
train,    73, 8.845839,    8, 1.00,    3, 0.000, 0.000, 0.220, 48
train,    74, 45.583429,   20, 1.00,    3, 0.000, 0.000, 0.220, 48
val,      74, 22.037342, 1.0000,  11.2000,   2.6000, 0.0000,  28.2966
train,    75, 68.526954,   34, 1.00,    9, 0.000, 0.000, 0.220, 48
train,    76, 26.328486,   15, 1.00,    4, 0.000, 0.000, 0.220, 48
train,    77, 18.339607,   11, 1.00,    3, 0.000, 0.000, 0.220, 48
train,    78, 10.016398,    8, 1.00,    3, 0.000, 0.000, 0.220, 48
train,    79, 8.344894,   10, 1.00,    3, 0.000, 0.000, 0.220, 48
train,    80, 14.804215,   11, 1.00,    2, 0.000, 0.000, 0.220, 48
train,    81, 1.006417,    6, 1.00,    1, 0.000, 0.000, 0.220, 48
train,    82, -8.308672,    2, 1.00,    1, 0.000, 0.000, 0.220, 48
train,    83, 3.105809,    6, 1.00,    2, 0.000, 0.000, 0.220, 48
train,    84, 19.736891,   11, 1.00,    3, 0.000, 0.000, 0.220, 48
train,    85, 30.673504,   16, 1.00,    6, 0.000, 0.000, 0.220, 48
train,    86, 41.394773,   17, 1.00,    4, 0.000, 0.000, 0.220, 49
train,    87, -1.971886,    4, 1.00,    1, 0.000, 0.000, 0.220, 49
train,    88, -2.208711,    3, 1.00,    1, 0.000, 0.000, 0.220, 49
train,    89, 21.281430,   14, 1.00,    5, 0.000, 0.000, 0.220, 49
train,    90, 9.841664,    7, 1.00,    2, 0.000, 0.000, 0.220, 49
train,    91, 2.868342,    7, 1.00,    1, 0.000, 0.000, 0.220, 49
train,    92, 24.394537,   13, 1.00,    3, 0.000, 0.000, 0.220, 49
train,    93, 22.863907,   18, 1.00,    4, 0.000, 0.000, 0.220, 49
train,    94, 44.742593,   21, 1.00,    5, 0.000, 0.000, 0.220, 49
train,    95, 29.222458,   15, 1.00,    4, 0.000, 0.000, 0.220, 49
train,    96, 19.748070,   10, 1.00,    2, 0.000, 0.000, 0.220, 49
train,    97, 13.469264,   10, 1.00,    2, 0.000, 0.000, 0.220, 49
train,    98, 27.678170,   13, 1.00,    3, 0.000, 0.000, 0.220, 49
train,    99, 65.719123,   31, 1.00,    8, 0.000, 0.000, 0.220, 49
val,      99, 26.594195, 1.0000,  13.4000,   3.6000, 0.0000,  27.9943
train,    100, 48.631761,   27, 1.00,    7, 0.000, 0.000, 0.220, 49
train,    101, 28.159577,   15, 1.00,    3, 0.000, 0.000, 0.220, 49
train,    102, 33.984423,   17, 1.00,    5, 0.000, 0.000, 0.220, 49
train,    103, 46.323807,   22, 1.00,    4, 0.000, 0.000, 0.220, 49
train,    104, 34.679807,   15, 1.00,    4, 0.000, 0.000, 0.220, 49
train,    105, 2.820584,    5, 1.00,    1, 0.000, 0.000, 0.220, 50
train,    106, 34.872882,   16, 1.00,    2, 0.000, 0.000, 0.220, 50
train,    107, 4.261277,    8, 1.00,    1, 0.000, 0.000, 0.220, 50
train,    108, 13.146719,    9, 1.00,    3, 0.000, 0.000, 0.220, 50
train,    109, 21.296843,   12, 1.00,    2, 0.000, 0.000, 0.220, 50
train,    110, -0.138527,    4, 1.00,    2, 0.000, 0.000, 0.220, 50
train,    111, 4.870428,    6, 1.00,    2, 0.000, 0.000, 0.220, 50
train,    112, 37.486128,   21, 1.00,    4, 0.000, 0.000, 0.220, 50
train,    113, 70.778584,   34, 1.00,    7, 0.000, 0.000, 0.220, 50
train,    114, 25.405624,   12, 1.00,    3, 0.000, 0.000, 0.220, 50
train,    115, 32.230581,   21, 1.00,    6, 0.000, 0.000, 0.220, 50
train,    116, 23.632014,   13, 1.00,    2, 0.000, 0.000, 0.220, 50
train,    117, 50.048762,   26, 1.00,    8, 0.000, 0.000, 0.220, 50
train,    118, 1.728132,    5, 1.00,    2, 0.000, 0.000, 0.220, 50
train,    119, 8.326417,    8, 1.00,    1, 0.000, 0.000, 0.220, 50
update,   119,    1,  896, 9.888350, -0.000000
train,    120, 67.918826,   29, 1.00,   11, 0.000, 0.000, 0.220, 50
train,    121, 15.994155,   12, 1.00,    4, 0.000, 0.000, 0.220, 50
train,    122, 162.280660,   79, 1.00,   21, 0.000, 0.000, 0.220, 50
train,    123, 36.613578,   27, 1.00,    4, 0.000, 0.000, 0.220, 50
train,    124, 7.569624,   11, 1.00,    4, 0.000, 0.000, 0.220, 51
val,      124, 18.264189, 1.0000,  15.6000,   2.0000, 0.0000,  26.4286
train,    125, 18.038783,   11, 1.00,    4, 0.000, 0.000, 0.220, 51
train,    126, 15.509451,   10, 1.00,    3, 0.000, 0.000, 0.220, 51
train,    127, 26.680629,   15, 1.00,    2, 0.000, 0.000, 0.220, 51
train,    128, 7.719401,    7, 1.00,    2, 0.000, 0.000, 0.220, 51
train,    129, 67.371260,   28, 1.00,    8, 0.000, 0.000, 0.220, 51
train,    130, 96.533587,   43, 1.00,    7, 0.000, 0.000, 0.220, 51
train,    131, 59.174978,   24, 1.00,    6, 0.000, 0.000, 0.220, 51
train,    132, 64.073153,   28, 1.00,    3, 0.000, 0.000, 0.220, 51
train,    133, 6.184015,    7, 1.00,    1, 0.000, 0.000, 0.220, 51
train,    134, 23.785076,   13, 1.00,    4, 0.000, 0.000, 0.220, 51
train,    135, 70.242615,   29, 1.00,    7, 0.000, 0.000, 0.220, 51
train,    136, 12.685461,   10, 1.00,    3, 0.000, 0.000, 0.220, 51
train,    137, 32.605341,   16, 1.00,    3, 0.000, 0.000, 0.220, 51
train,    138, 2.020797,    8, 1.00,    3, 0.000, 0.000, 0.220, 51
train,    139, 6.110066,    8, 1.00,    3, 0.000, 0.000, 0.220, 51
train,    140, 18.689789,   10, 1.00,    2, 0.000, 0.000, 0.220, 51
train,    141, 58.722019,   26, 1.00,    9, 0.000, 0.000, 0.220, 51
train,    142, 7.931440,    9, 1.00,    3, 0.000, 0.000, 0.220, 51
train,    143, 7.060310,    8, 1.00,    1, 0.000, 0.000, 0.220, 52
train,    144, 17.643077,   11, 1.00,    4, 0.000, 0.000, 0.220, 52
train,    145, 25.951820,   14, 1.00,    3, 0.000, 0.000, 0.220, 52
train,    146, 2.643133,    6, 1.00,    3, 0.000, 0.000, 0.220, 52
train,    147, 19.872340,   12, 1.00,    3, 0.000, 0.000, 0.220, 52
train,    148, 12.476887,    9, 1.00,    3, 0.000, 0.000, 0.220, 52
train,    149, -1.889079,    4, 1.00,    3, 0.000, 0.000, 0.220, 52
val_save, 149, 44.587043, 1.0000,  24.4000,   5.2000, 0.0000,  27.1208
val,      149, 44.587043, 1.0000,  24.4000,   5.2000, 0.0000,  27.1208
train,    150, 20.362627,   12, 1.00,    1, 0.000, 0.000, 0.220, 52
train,    151, 21.525724,   12, 1.00,    1, 0.000, 0.000, 0.220, 52
train,    152, 54.045869,   24, 1.00,    5, 0.000, 0.000, 0.220, 52
train,    153, 8.437593,    9, 1.00,    1, 0.000, 0.000, 0.220, 52
train,    154, 14.312364,   10, 1.00,    3, 0.000, 0.000, 0.220, 52
train,    155, 8.675141,    8, 1.00,    1, 0.000, 0.000, 0.220, 52
train,    156, 6.016596,    6, 1.00,    1, 0.000, 0.000, 0.220, 52
train,    157, 47.228412,   24, 1.00,    7, 0.000, 0.000, 0.220, 52
train,    158, 48.642714,   21, 1.00,    5, 0.000, 0.000, 0.220, 52
train,    159, 75.125634,   44, 1.00,   12, 0.000, 0.000, 0.220, 52
train,    160, 7.175382,    7, 1.00,    1, 0.000, 0.000, 0.220, 52
train,    161, -7.297977,    2, 1.00,    2, 0.000, 0.000, 0.220, 52
train,    162, 51.916133,   33, 1.00,    3, 0.000, 0.000, 0.220, 53
train,    163, 46.168751,   21, 1.00,    4, 0.000, 0.000, 0.220, 53
train,    164, 18.203932,   10, 1.00,    3, 0.000, 0.000, 0.220, 53
train,    165, -7.253440,    2, 1.00,    2, 0.000, 0.000, 0.220, 53
train,    166, 51.026093,   28, 1.00,    4, 0.000, 0.000, 0.220, 53
train,    167, 5.197950,    7, 1.00,    3, 0.000, 0.000, 0.220, 53
train,    168, 48.594554,   32, 1.00,    6, 0.000, 0.000, 0.220, 53
train,    169, -9.415206,    1, 1.00,    1, 0.000, 0.000, 0.220, 53
train,    170, 3.598254,    5, 1.00,    1, 0.000, 0.000, 0.220, 53
train,    171, 337.139605,  150, 0.00,   27, 0.000, 0.000, 0.220, 53
update,   171,    2,  992, 21.755600, -0.000000
train,    172, 35.496303,   17, 1.00,    5, 0.000, 0.000, 0.220, 53
train,    173, 26.818187,   16, 1.00,    6, 0.000, 0.000, 0.220, 53
train,    174, -3.970260,    3, 1.00,    1, 0.000, 0.000, 0.220, 53
val,      174, 24.433304, 1.0000,  13.8000,   3.0000, 0.0000,  27.4799
train,    175, -7.390716,    2, 1.00,    2, 0.000, 0.000, 0.220, 53
train,    176, 11.724747,    8, 1.00,    1, 0.000, 0.000, 0.220, 53
train,    177, 80.859663,   40, 1.00,   14, 0.000, 0.000, 0.220, 53
train,    178, 5.190370,    6, 1.00,    2, 0.000, 0.000, 0.220, 53
train,    179, 15.609084,    9, 1.00,    3, 0.000, 0.000, 0.220, 53
train,    180, 13.937353,   10, 1.00,    2, 0.000, 0.000, 0.220, 53
train,    181, 13.952811,    9, 1.00,    1, 0.000, 0.000, 0.220, 54
train,    182, 21.559471,   12, 1.00,    1, 0.000, 0.000, 0.220, 54
train,    183, 11.792446,   11, 1.00,    3, 0.000, 0.000, 0.220, 54
train,    184, 14.248871,   13, 1.00,    2, 0.000, 0.000, 0.220, 54
train,    185, 11.554863,   11, 1.00,    3, 0.000, 0.000, 0.220, 54
train,    186, 35.273493,   23, 1.00,    5, 0.000, 0.000, 0.220, 54
train,    187, 10.522045,    8, 1.00,    0, 0.000, 0.000, 0.220, 54
train,    188, 55.862317,   28, 1.00,    7, 0.000, 0.000, 0.220, 54
train,    189, 12.041877,    9, 1.00,    3, 0.000, 0.000, 0.220, 54
train,    190, 35.694236,   17, 1.00,    4, 0.000, 0.000, 0.220, 54
train,    191, 66.633536,   28, 1.00,   10, 0.000, 0.000, 0.220, 54
train,    192, 30.159615,   17, 1.00,    4, 0.000, 0.000, 0.220, 54
train,    193, 8.558095,    7, 1.00,    2, 0.000, 0.000, 0.220, 54
train,    194, 72.363832,   34, 1.00,    6, 0.000, 0.000, 0.220, 54
train,    195, 23.490843,   15, 1.00,    3, 0.000, 0.000, 0.220, 54
train,    196, 63.920419,   24, 1.00,    8, 0.000, 0.000, 0.220, 54
train,    197, 25.126619,   20, 1.00,    4, 0.000, 0.000, 0.220, 54
train,    198, 30.536470,   16, 1.00,    1, 0.000, 0.000, 0.220, 54
train,    199, 45.339560,   18, 1.00,    5, 0.000, 0.000, 0.220, 54
val,      199, 16.459005, 1.0000,  11.2000,   2.8000, 0.0000,  27.8528
train,    200, -7.294836,    2, 1.00,    2, 0.000, 0.000, 0.220, 55
train,    201, 57.240489,   32, 1.00,    7, 0.000, 0.000, 0.220, 55
train,    202, 20.712232,   12, 1.00,    2, 0.000, 0.000, 0.220, 55
train,    203, 1.915255,    7, 1.00,    3, 0.000, 0.000, 0.220, 55
train,    204, 11.663908,    8, 1.00,    3, 0.000, 0.000, 0.220, 55
train,    205, 20.785464,   13, 1.00,    3, 0.000, 0.000, 0.220, 55
train,    206, 80.576131,   32, 1.00,    8, 0.000, 0.000, 0.220, 55
train,    207, 29.005365,   15, 1.00,    5, 0.000, 0.000, 0.220, 55
train,    208, 0.466299,    4, 1.00,    2, 0.000, 0.000, 0.220, 55
train,    209, 17.019248,   10, 1.00,    2, 0.000, 0.000, 0.220, 55
train,    210, 2.327452,    6, 1.00,    2, 0.000, 0.000, 0.220, 55
train,    211, 52.739684,   22, 1.00,    4, 0.000, 0.000, 0.220, 55
train,    212, 39.051274,   18, 1.00,    4, 0.000, 0.000, 0.220, 55
train,    213, 22.039430,   15, 1.00,    2, 0.000, 0.000, 0.220, 55
train,    214, 8.708825,    8, 1.00,    3, 0.000, 0.000, 0.220, 55
train,    215, 10.884652,    7, 1.00,    2, 0.000, 0.000, 0.220, 55
train,    216, 58.405059,   26, 1.00,    7, 0.000, 0.000, 0.220, 55
train,    217, 4.603376,   10, 1.00,    1, 0.000, 0.000, 0.220, 55
train,    218, 4.670078,    7, 1.00,    3, 0.000, 0.000, 0.220, 55
train,    219, 43.882485,   21, 1.00,    8, 0.000, 0.000, 0.220, 56
train,    220, 35.758990,   17, 1.00,    1, 0.000, 0.000, 0.220, 56
train,    221, 35.680553,   20, 1.00,    6, 0.000, 0.000, 0.220, 56
train,    222, 1.868265,    6, 1.00,    3, 0.000, 0.000, 0.220, 56
train,    223, 35.939541,   16, 1.00,    6, 0.000, 0.000, 0.220, 56
train,    224, 43.830174,   18, 1.00,    5, 0.000, 0.000, 0.220, 56
val,      224, 11.039833, 1.0000,   8.0000,   2.4000, 0.0000,  26.8614
train,    225, 33.877994,   21, 1.00,    6, 0.000, 0.000, 0.220, 56
train,    226, 1.191505,    7, 1.00,    1, 0.000, 0.000, 0.220, 56
train,    227, 12.868201,    6, 1.00,    2, 0.000, 0.000, 0.220, 56
train,    228, 28.347188,   16, 1.00,    3, 0.000, 0.000, 0.220, 56
train,    229, 12.206285,    9, 1.00,    2, 0.000, 0.000, 0.220, 56
train,    230, -2.293981,    4, 1.00,    2, 0.000, 0.000, 0.220, 56
train,    231, 25.053658,   19, 1.00,    3, 0.000, 0.000, 0.220, 56
train,    232, 12.871917,    8, 1.00,    1, 0.000, 0.000, 0.220, 56
train,    233, 8.063960,    7, 1.00,    2, 0.000, 0.000, 0.220, 56
train,    234, 9.747842,    8, 1.00,    2, 0.000, 0.000, 0.220, 56
train,    235, 7.849313,   10, 1.00,    2, 0.000, 0.000, 0.220, 56
update,   235,    3,  898, 10.311376, 0.000000
train,    236, 20.776193,   13, 1.00,    3, 0.000, 0.000, 0.220, 56
train,    237, 23.547597,   12, 1.00,    2, 0.000, 0.000, 0.220, 56
train,    238, -7.120238,    2, 1.00,    2, 0.000, 0.000, 0.220, 57
train,    239, -2.983353,    4, 1.00,    1, 0.000, 0.000, 0.220, 57
train,    240, -8.227167,    2, 1.00,    2, 0.000, 0.000, 0.220, 57
train,    241, -6.506800,    2, 1.00,    1, 0.000, 0.000, 0.220, 57
train,    242, 27.738617,   14, 1.00,    2, 0.000, 0.000, 0.220, 57
train,    243, 60.459464,   28, 1.00,    5, 0.000, 0.000, 0.220, 57
train,    244, 16.039817,   10, 1.00,    3, 0.000, 0.000, 0.220, 57
train,    245, 4.624390,    7, 1.00,    3, 0.000, 0.000, 0.220, 57
train,    246, 17.394074,   11, 1.00,    2, 0.000, 0.000, 0.220, 57
train,    247, 17.189209,   12, 1.00,    4, 0.000, 0.000, 0.220, 57
train,    248, 28.564247,   17, 1.00,    5, 0.000, 0.000, 0.220, 57
train,    249, 4.391662,    7, 1.00,    1, 0.000, 0.000, 0.220, 57
val,      249, 11.151895, 1.0000,   8.6000,   2.4000, 0.0000,  27.9416
train,    250, 37.759157,   20, 1.00,    3, 0.000, 0.000, 0.220, 57
train,    251, 39.993825,   17, 1.00,    2, 0.000, 0.000, 0.220, 57
train,    252, 28.368584,   14, 1.00,    5, 0.000, 0.000, 0.220, 57
train,    253, 14.342495,    8, 1.00,    2, 0.000, 0.000, 0.220, 57
train,    254, 62.772853,   26, 1.00,    4, 0.000, 0.000, 0.220, 57
train,    255, 2.413159,    6, 1.00,    1, 0.000, 0.000, 0.220, 57
train,    256, 45.255469,   20, 1.00,    6, 0.000, 0.000, 0.220, 57
train,    257, 22.114259,   10, 1.00,    2, 0.000, 0.000, 0.220, 58
train,    258, 2.293640,    5, 1.00,    1, 0.000, 0.000, 0.220, 58
train,    259, 12.031834,    9, 1.00,    1, 0.000, 0.000, 0.220, 58
train,    260, 21.699256,   14, 1.00,    3, 0.000, 0.000, 0.220, 58
train,    261, 24.996694,   13, 1.00,    3, 0.000, 0.000, 0.220, 58
train,    262, 29.441285,   14, 1.00,    2, 0.000, 0.000, 0.220, 58
train,    263, 31.310389,   15, 1.00,    2, 0.000, 0.000, 0.220, 58
train,    264, -0.556544,    4, 1.00,    1, 0.000, 0.000, 0.220, 58
train,    265, 25.547454,   14, 1.00,    3, 0.000, 0.000, 0.220, 58
train,    266, -0.704871,    5, 1.00,    1, 0.000, 0.000, 0.220, 58
train,    267, 5.075816,    7, 1.00,    0, 0.000, 0.000, 0.220, 58
train,    268, 44.920982,   20, 1.00,    5, 0.000, 0.000, 0.220, 58
train,    269, 26.533323,   12, 1.00,    1, 0.000, 0.000, 0.220, 58
train,    270, 4.616520,    5, 1.00,    2, 0.000, 0.000, 0.220, 58
train,    271, 34.353817,   20, 1.00,    4, 0.000, 0.000, 0.220, 58
train,    272, 32.138847,   15, 1.00,    1, 0.000, 0.000, 0.220, 58
train,    273, 25.923445,   12, 1.00,    3, 0.000, 0.000, 0.220, 58
train,    274, -7.391894,    2, 1.00,    2, 0.000, 0.000, 0.220, 58
val,      274, 21.758459, 1.0000,  11.0000,   3.0000, 0.0000,  27.5956
train,    275, 8.369842,    8, 1.00,    0, 0.000, 0.000, 0.220, 58
train,    276, 9.687784,    8, 1.00,    2, 0.000, 0.000, 0.220, 59
train,    277, 40.043977,   23, 1.00,    7, 0.000, 0.000, 0.220, 59
train,    278, 13.291499,   10, 1.00,    1, 0.000, 0.000, 0.220, 59
train,    279, 33.994310,   16, 1.00,    4, 0.000, 0.000, 0.220, 59
train,    280, 8.503879,    8, 1.00,    2, 0.000, 0.000, 0.220, 59
train,    281, 144.959782,   65, 1.00,   19, 0.000, 0.000, 0.220, 59
train,    282, 30.433114,   15, 1.00,    4, 0.000, 0.000, 0.220, 59
train,    283, 12.748403,   11, 1.00,    0, 0.000, 0.000, 0.220, 59
train,    284, 13.845865,   10, 1.00,    2, 0.000, 0.000, 0.220, 59
train,    285, 3.353317,    6, 1.00,    2, 0.000, 0.000, 0.220, 59
train,    286, 5.019232,    7, 1.00,    1, 0.000, 0.000, 0.220, 59
train,    287, 8.534160,    7, 1.00,    1, 0.000, 0.000, 0.220, 59
train,    288, 25.817890,   14, 1.00,    1, 0.000, 0.000, 0.220, 59
train,    289, 54.630139,   30, 1.00,    6, 0.000, 0.000, 0.220, 59
train,    290, 31.744458,   17, 1.00,    3, 0.000, 0.000, 0.220, 59
train,    291, 17.646696,   10, 1.00,    2, 0.000, 0.000, 0.220, 59
train,    292, -1.726931,    5, 1.00,    3, 0.000, 0.000, 0.220, 59
train,    293, 13.467635,    9, 1.00,    3, 0.000, 0.000, 0.220, 59
train,    294, 7.736268,    6, 1.00,    1, 0.000, 0.000, 0.220, 59
train,    295, 2.415624,    6, 1.00,    2, 0.000, 0.000, 0.220, 60
train,    296, 4.225442,    7, 1.00,    1, 0.000, 0.000, 0.220, 60
train,    297, 10.676120,   10, 1.00,    3, 0.000, 0.000, 0.220, 60
train,    298, 15.503827,    9, 1.00,    3, 0.000, 0.000, 0.220, 60
train,    299, 1.645261,    6, 1.00,    1, 0.000, 0.000, 0.220, 60
val,      299, 21.907688, 1.0000,  12.6000,   3.0000, 0.0000,  27.4638
train,    300, 17.056974,    9, 1.00,    2, 0.000, 0.000, 0.220, 60
train,    301, 15.870280,    8, 1.00,    2, 0.000, 0.000, 0.220, 60
train,    302, 50.952816,   26, 1.00,    9, 0.000, 0.000, 0.220, 60
train,    303, -7.475698,    2, 1.00,    2, 0.000, 0.000, 0.220, 60
train,    304, 5.174062,    7, 1.00,    1, 0.000, 0.000, 0.220, 60
train,    305, 4.540833,    7, 1.00,    2, 0.000, 0.000, 0.220, 60
train,    306, 29.612964,   16, 1.00,    5, 0.000, 0.000, 0.220, 60
train,    307, -1.366801,    4, 1.00,    2, 0.000, 0.000, 0.220, 60
train,    308, 38.602185,   18, 1.00,    3, 0.000, 0.000, 0.220, 60
train,    309, -5.162215,    3, 1.00,    1, 0.000, 0.000, 0.220, 60
train,    310, 29.246284,   16, 1.00,    2, 0.000, 0.000, 0.220, 60
train,    311, 5.060189,   13, 1.00,    2, 0.000, 0.000, 0.220, 60
update,   311,    4,  900, 9.667455, -0.000000
train,    312, 81.590490,   34, 1.00,    9, 0.000, 0.000, 0.220, 60
train,    313, 10.839948,    8, 1.00,    3, 0.000, 0.000, 0.220, 60
train,    314, 14.130057,   11, 1.00,    5, 0.000, 0.000, 0.220, 61
train,    315, -1.580822,    5, 1.00,    1, 0.000, 0.000, 0.220, 61
train,    316, 14.584103,    9, 1.00,    3, 0.000, 0.000, 0.220, 61
train,    317, 24.029764,   19, 1.00,    5, 0.000, 0.000, 0.220, 61
train,    318, 7.043252,    7, 1.00,    2, 0.000, 0.000, 0.220, 61
train,    319, 47.358274,   23, 1.00,    6, 0.000, 0.000, 0.220, 61
train,    320, 11.012839,   11, 1.00,    1, 0.000, 0.000, 0.220, 61
train,    321, 33.180137,   16, 1.00,    5, 0.000, 0.000, 0.220, 61
train,    322, 1.923513,    4, 1.00,    1, 0.000, 0.000, 0.220, 61
train,    323, 62.035090,   27, 1.00,    3, 0.000, 0.000, 0.220, 61
train,    324, 20.107320,   13, 1.00,    4, 0.000, 0.000, 0.220, 61
val,      324, 31.055605, 1.0000,  16.6000,   4.4000, 0.0000,  27.4499
train,    325, 17.255360,   11, 1.00,    3, 0.000, 0.000, 0.220, 61
train,    326, 40.479634,   20, 1.00,    5, 0.000, 0.000, 0.220, 61
train,    327, -3.187544,    4, 1.00,    1, 0.000, 0.000, 0.220, 61
train,    328, 11.321095,    9, 1.00,    1, 0.000, 0.000, 0.220, 61
train,    329, 3.996309,    6, 1.00,    2, 0.000, 0.000, 0.220, 61
train,    330, 11.533158,    8, 1.00,    4, 0.000, 0.000, 0.220, 61
train,    331, 0.734461,    5, 1.00,    3, 0.000, 0.000, 0.220, 61
train,    332, 3.710381,    6, 1.00,    3, 0.000, 0.000, 0.220, 61
train,    333, 7.704285,    7, 1.00,    2, 0.000, 0.000, 0.220, 62
train,    334, 10.334608,    8, 1.00,    1, 0.000, 0.000, 0.220, 62
train,    335, 2.417545,    8, 1.00,    1, 0.000, 0.000, 0.220, 62
train,    336, 12.106760,    8, 1.00,    3, 0.000, 0.000, 0.220, 62
train,    337, 10.213877,    9, 1.00,    4, 0.000, 0.000, 0.220, 62
train,    338, -3.405490,    4, 1.00,    1, 0.000, 0.000, 0.220, 62
train,    339, 44.975410,   25, 1.00,    6, 0.000, 0.000, 0.220, 62
train,    340, 12.377680,   10, 1.00,    2, 0.000, 0.000, 0.220, 62
train,    341, 19.203753,   12, 1.00,    3, 0.000, 0.000, 0.220, 62
train,    342, 16.551573,    9, 1.00,    2, 0.000, 0.000, 0.220, 62
train,    343, 7.641830,   10, 1.00,    3, 0.000, 0.000, 0.220, 62
train,    344, 2.695560,    5, 1.00,    0, 0.000, 0.000, 0.220, 62
train,    345, 2.259646,    5, 1.00,    1, 0.000, 0.000, 0.220, 62
train,    346, 31.770219,   17, 1.00,    7, 0.000, 0.000, 0.220, 62
train,    347, 1.311521,    6, 1.00,    3, 0.000, 0.000, 0.220, 62
train,    348, 34.914451,   17, 1.00,    7, 0.000, 0.000, 0.220, 62
train,    349, -7.353085,    2, 1.00,    2, 0.000, 0.000, 0.220, 62
val,      349, 18.593452, 1.0000,  10.0000,   1.6000, 0.0000,  28.6449
train,    350, 8.675519,    7, 1.00,    2, 0.000, 0.000, 0.220, 62
train,    351, 7.938441,    7, 1.00,    3, 0.000, 0.000, 0.220, 62
train,    352, 23.133956,   13, 1.00,    1, 0.000, 0.000, 0.220, 63
train,    353, 27.841803,   13, 1.00,    1, 0.000, 0.000, 0.220, 63
train,    354, -1.818626,    4, 1.00,    1, 0.000, 0.000, 0.220, 63
train,    355, 49.322140,   22, 1.00,    1, 0.000, 0.000, 0.220, 63
train,    356, 49.397769,   21, 1.00,    3, 0.000, 0.000, 0.220, 63
train,    357, 24.873046,   16, 1.00,    3, 0.000, 0.000, 0.220, 63
train,    358, 22.718703,   12, 1.00,    2, 0.000, 0.000, 0.220, 63
train,    359, 50.632169,   23, 1.00,    5, 0.000, 0.000, 0.220, 63
train,    360, 23.816218,   13, 1.00,    2, 0.000, 0.000, 0.220, 63
train,    361, 46.485781,   22, 1.00,    5, 0.000, 0.000, 0.220, 63
train,    362, 10.718730,    9, 1.00,    3, 0.000, 0.000, 0.220, 63
train,    363, 7.157923,    7, 1.00,    3, 0.000, 0.000, 0.220, 63
train,    364, 0.195791,    4, 1.00,    2, 0.000, 0.000, 0.220, 63
train,    365, 45.617998,   20, 1.00,    5, 0.000, 0.000, 0.220, 63
train,    366, 5.637585,    6, 1.00,    3, 0.000, 0.000, 0.220, 63
train,    367, 15.178205,   10, 1.00,    2, 0.000, 0.000, 0.220, 63
train,    368, 9.496542,    7, 1.00,    1, 0.000, 0.000, 0.220, 63
train,    369, 3.686861,    6, 1.00,    1, 0.000, 0.000, 0.220, 63
train,    370, 52.034512,   22, 1.00,    4, 0.000, 0.000, 0.220, 63
train,    371, 3.857525,    5, 1.00,    1, 0.000, 0.000, 0.220, 64
train,    372, 23.819159,   12, 1.00,    3, 0.000, 0.000, 0.220, 64
train,    373, 7.486178,    8, 1.00,    1, 0.000, 0.000, 0.220, 64
train,    374, 24.442253,   12, 1.00,    3, 0.000, 0.000, 0.220, 64
val,      374, 15.652427, 1.0000,  10.2000,   3.0000, 0.0000,  28.1234
train,    375, 62.198207,   25, 1.00,    7, 0.000, 0.000, 0.220, 64
train,    376, 40.119287,   22, 1.00,    6, 0.000, 0.000, 0.220, 64
train,    377, 56.123863,   21, 1.00,    4, 0.000, 0.000, 0.220, 64
train,    378, 4.713930,    6, 1.00,    1, 0.000, 0.000, 0.220, 64
train,    379, 48.107284,   21, 1.00,    7, 0.000, 0.000, 0.220, 64
train,    380, 6.148656,    8, 1.00,    2, 0.000, 0.000, 0.220, 64
train,    381, 25.741553,   14, 1.00,    1, 0.000, 0.000, 0.220, 64
train,    382, 72.816452,   29, 1.00,    8, 0.000, 0.000, 0.220, 64
train,    383, 28.607476,   12, 1.00,    1, 0.000, 0.000, 0.220, 64
train,    384, -0.345168,    5, 1.00,    0, 0.000, 0.000, 0.220, 64
train,    385, 70.463997,   29, 1.00,    6, 0.000, 0.000, 0.220, 64
update,   385,    5,  911, 9.490616, -0.000000
train,    386, 26.783787,   13, 1.00,    1, 0.000, 0.000, 0.220, 64
train,    387, 33.498273,   18, 1.00,    5, 0.000, 0.000, 0.220, 64
train,    388, 42.267457,   22, 1.00,    5, 0.000, 0.000, 0.220, 64
train,    389, 12.128736,    8, 1.00,    2, 0.000, 0.000, 0.220, 64
train,    390, 25.906159,   14, 1.00,    5, 0.000, 0.000, 0.220, 65
train,    391, 15.090565,   12, 1.00,    2, 0.000, 0.000, 0.220, 65
train,    392, 33.065166,   23, 1.00,    7, 0.000, 0.000, 0.220, 65
train,    393, 19.400460,   12, 1.00,    2, 0.000, 0.000, 0.220, 65
train,    394, 35.259724,   18, 1.00,    6, 0.000, 0.000, 0.220, 65
train,    395, 3.691081,    6, 1.00,    1, 0.000, 0.000, 0.220, 65
train,    396, 3.358788,    5, 1.00,    2, 0.000, 0.000, 0.220, 65
train,    397, 13.456064,   10, 1.00,    1, 0.000, 0.000, 0.220, 65
train,    398, 7.258929,    7, 1.00,    2, 0.000, 0.000, 0.220, 65
train,    399, 8.927471,    8, 1.00,    3, 0.000, 0.000, 0.220, 65
val,      399, 17.476802, 1.0000,  10.0000,   2.8000, 0.0000,  27.8171
train,    400, 6.247352,    7, 1.00,    1, 0.000, 0.000, 0.220, 65
train,    401, 23.546443,   15, 1.00,    3, 0.000, 0.000, 0.220, 65
train,    402, 10.454584,    8, 1.00,    3, 0.000, 0.000, 0.220, 65
train,    403, 1.900834,    6, 1.00,    2, 0.000, 0.000, 0.220, 65
train,    404, 10.218464,    9, 1.00,    0, 0.000, 0.000, 0.220, 65
train,    405, 80.013150,   36, 1.00,   10, 0.000, 0.000, 0.220, 65
train,    406, 43.504746,   22, 1.00,    7, 0.000, 0.000, 0.220, 65
train,    407, 1.404568,    7, 1.00,    1, 0.000, 0.000, 0.220, 65
train,    408, 11.014513,    8, 1.00,    0, 0.000, 0.000, 0.220, 65
train,    409, 8.794163,    8, 1.00,    1, 0.000, 0.000, 0.220, 66
train,    410, 21.097097,   12, 1.00,    3, 0.000, 0.000, 0.220, 66
train,    411, 11.247951,    8, 1.00,    2, 0.000, 0.000, 0.220, 66
train,    412, -3.648471,    4, 1.00,    1, 0.000, 0.000, 0.220, 66
train,    413, 53.023303,   26, 1.00,    5, 0.000, 0.000, 0.220, 66
train,    414, 22.495062,   12, 1.00,    3, 0.000, 0.000, 0.220, 66
train,    415, -4.846662,    3, 1.00,    1, 0.000, 0.000, 0.220, 66
train,    416, 55.352987,   25, 1.00,    5, 0.000, 0.000, 0.220, 66
train,    417, 42.844110,   21, 1.00,    5, 0.000, 0.000, 0.220, 66
train,    418, 2.265997,    6, 1.00,    1, 0.000, 0.000, 0.220, 66
train,    419, 7.114909,    8, 1.00,    2, 0.000, 0.000, 0.220, 66
train,    420, 2.219998,    8, 1.00,    1, 0.000, 0.000, 0.220, 66
train,    421, 30.833928,   17, 1.00,    2, 0.000, 0.000, 0.220, 66
train,    422, 10.065626,    9, 1.00,    1, 0.000, 0.000, 0.220, 66
train,    423, 2.368053,    5, 1.00,    1, 0.000, 0.000, 0.220, 66
train,    424, 46.391264,   23, 1.00,    3, 0.000, 0.000, 0.220, 66
val,      424, 16.747843, 1.0000,  10.2000,   3.4000, 0.0000,  27.2950
train,    425, -1.515637,    4, 1.00,    1, 0.000, 0.000, 0.220, 66
train,    426, 10.614850,    9, 1.00,    3, 0.000, 0.000, 0.220, 66
train,    427, 61.186677,   29, 1.00,    7, 0.000, 0.000, 0.220, 66
train,    428, 51.155500,   22, 1.00,    5, 0.000, 0.000, 0.220, 67
train,    429, -1.080010,    5, 1.00,    1, 0.000, 0.000, 0.220, 67
train,    430, 2.870856,    5, 1.00,    1, 0.000, 0.000, 0.220, 67
train,    431, 0.523454,    5, 1.00,    0, 0.000, 0.000, 0.220, 67
train,    432, 59.812815,   32, 1.00,    8, 0.000, 0.000, 0.220, 67
train,    433, 29.639235,   19, 1.00,    6, 0.000, 0.000, 0.220, 67
train,    434, 24.343099,   14, 1.00,    1, 0.000, 0.000, 0.220, 67
train,    435, 9.838917,    9, 1.00,    4, 0.000, 0.000, 0.220, 67
train,    436, 1.746637,    7, 1.00,    1, 0.000, 0.000, 0.220, 67
train,    437, 50.014437,   24, 1.00,    4, 0.000, 0.000, 0.220, 67
train,    438, 17.800734,   11, 1.00,    1, 0.000, 0.000, 0.220, 67
train,    439, 59.627968,   24, 1.00,    6, 0.000, 0.000, 0.220, 67
train,    440, 86.693928,   49, 1.00,   11, 0.000, 0.000, 0.220, 67
train,    441, 5.263500,    6, 1.00,    2, 0.000, 0.000, 0.220, 67
train,    442, -7.248432,    2, 1.00,    2, 0.000, 0.000, 0.220, 67
train,    443, 0.934042,    5, 1.00,    1, 0.000, 0.000, 0.220, 67
train,    444, 6.806124,    7, 1.00,    0, 0.000, 0.000, 0.220, 67
train,    445, 45.904618,   19, 1.00,    5, 0.000, 0.000, 0.220, 67
train,    446, 8.483287,   11, 1.00,    1, 0.000, 0.000, 0.220, 67
train,    447, 0.048187,    6, 1.00,    3, 0.000, 0.000, 0.220, 68
train,    448, 37.757742,   15, 1.00,    3, 0.000, 0.000, 0.220, 68
train,    449, 85.657566,   46, 1.00,    9, 0.000, 0.000, 0.220, 68
val,      449, 14.262454, 1.0000,   9.2000,   2.8000, 0.0000,  27.6030
train,    450, 14.483377,   11, 1.00,    3, 0.000, 0.000, 0.220, 68
train,    451, -4.738521,    3, 1.00,    2, 0.000, 0.000, 0.220, 68
train,    452, 31.331848,   13, 1.00,    3, 0.000, 0.000, 0.220, 68
update,   452,    6,  901, 10.604890, 0.000000
train,    453, 5.309242,    7, 1.00,    1, 0.000, 0.000, 0.220, 68
train,    454, -0.189532,    5, 1.00,    2, 0.000, 0.000, 0.220, 68
train,    455, 12.755151,    8, 1.00,    3, 0.000, 0.000, 0.220, 68
train,    456, 31.216432,   16, 1.00,    5, 0.000, 0.000, 0.220, 68
train,    457, 14.865338,   10, 1.00,    2, 0.000, 0.000, 0.220, 68
train,    458, 10.989781,    9, 1.00,    1, 0.000, 0.000, 0.220, 68
train,    459, 6.001391,    6, 1.00,    3, 0.000, 0.000, 0.220, 68
train,    460, -9.413306,    1, 1.00,    1, 0.000, 0.000, 0.220, 68
train,    461, 8.772501,    8, 1.00,    1, 0.000, 0.000, 0.220, 68
train,    462, 12.488940,    9, 1.00,    2, 0.000, 0.000, 0.220, 68
train,    463, 48.016669,   18, 1.00,    5, 0.000, 0.000, 0.220, 68
train,    464, 54.379802,   22, 1.00,    2, 0.000, 0.000, 0.220, 68
train,    465, 6.582805,    7, 1.00,    1, 0.000, 0.000, 0.220, 68
train,    466, 27.155750,   14, 1.00,    4, 0.000, 0.000, 0.220, 69
train,    467, 107.739192,   43, 1.00,   13, 0.000, 0.000, 0.220, 69
train,    468, 56.089435,   30, 1.00,    4, 0.000, 0.000, 0.220, 69
train,    469, 7.370228,    7, 1.00,    3, 0.000, 0.000, 0.220, 69
train,    470, 48.195643,   21, 1.00,    2, 0.000, 0.000, 0.220, 69
train,    471, 89.132916,   42, 1.00,   14, 0.000, 0.000, 0.220, 69
train,    472, 45.495684,   25, 1.00,    5, 0.000, 0.000, 0.220, 69
train,    473, 28.828986,   18, 1.00,    6, 0.000, 0.000, 0.220, 69
train,    474, 40.197872,   25, 1.00,    7, 0.000, 0.000, 0.220, 69
val,      474, 24.170739, 1.0000,  13.6000,   4.0000, 0.0000,  27.8494
train,    475, -5.257096,    3, 1.00,    1, 0.000, 0.000, 0.220, 69
train,    476, 1.155895,    5, 1.00,    1, 0.000, 0.000, 0.220, 69
train,    477, -3.617546,    4, 1.00,    1, 0.000, 0.000, 0.220, 69
train,    478, 10.518250,    8, 1.00,    1, 0.000, 0.000, 0.220, 69
train,    479, 20.442261,   12, 1.00,    1, 0.000, 0.000, 0.220, 69
train,    480, 13.676898,   13, 1.00,    1, 0.000, 0.000, 0.220, 69
train,    481, 59.999670,   26, 1.00,    6, 0.000, 0.000, 0.220, 69
train,    482, 15.019642,    8, 1.00,    1, 0.000, 0.000, 0.220, 69
train,    483, 37.222076,   21, 1.00,    6, 0.000, 0.000, 0.220, 69
train,    484, 38.520043,   25, 1.00,    4, 0.000, 0.000, 0.220, 69
train,    485, 54.647485,   28, 1.00,    5, 0.000, 0.000, 0.220, 70
train,    486, 11.183068,    9, 1.00,    3, 0.000, 0.000, 0.220, 70
train,    487, 19.995639,   12, 1.00,    1, 0.000, 0.000, 0.220, 70
train,    488, 16.410452,   10, 1.00,    3, 0.000, 0.000, 0.220, 70
train,    489, 38.530107,   17, 1.00,    2, 0.000, 0.000, 0.220, 70
train,    490, 99.894801,   40, 1.00,   14, 0.000, 0.000, 0.220, 70
train,    491, 40.707205,   20, 1.00,    4, 0.000, 0.000, 0.220, 70
train,    492, 11.373009,   10, 1.00,    2, 0.000, 0.000, 0.220, 70
train,    493, -7.289798,    2, 1.00,    2, 0.000, 0.000, 0.220, 70
train,    494, -1.971108,    4, 1.00,    1, 0.000, 0.000, 0.220, 70
train,    495, 6.868205,    6, 1.00,    1, 0.000, 0.000, 0.220, 70
train,    496, 62.188830,   25, 1.00,    8, 0.000, 0.000, 0.220, 70
train,    497, 9.733124,    8, 1.00,    2, 0.000, 0.000, 0.220, 70
train,    498, 10.781237,    7, 1.00,    1, 0.000, 0.000, 0.220, 70
train,    499, 1.063161,    5, 1.00,    1, 0.000, 0.000, 0.220, 70
val,      499, 8.251460, 1.0000,   7.6000,   2.0000, 0.0000,  26.9383
train,    500, 35.098563,   14, 1.00,    2, 0.000, 0.000, 0.220, 70
train,    501, 21.579173,   17, 1.00,    3, 0.000, 0.000, 0.220, 70
train,    502, 16.963081,   10, 1.00,    1, 0.000, 0.000, 0.220, 70
train,    503, 1.406888,    4, 1.00,    2, 0.000, 0.000, 0.220, 70
train,    504, 13.882153,   17, 1.00,    4, 0.000, 0.000, 0.220, 71
train,    505, 23.971849,   13, 1.00,    3, 0.000, 0.000, 0.220, 71
train,    506, -2.801315,    4, 1.00,    1, 0.000, 0.000, 0.220, 71
train,    507, 35.814128,   18, 1.00,    4, 0.000, 0.000, 0.220, 71
train,    508, 29.506884,   21, 1.00,    6, 0.000, 0.000, 0.220, 71
train,    509, 37.940007,   18, 1.00,    5, 0.000, 0.000, 0.220, 71
train,    510, 51.483092,   26, 1.00,    9, 0.000, 0.000, 0.220, 71
train,    511, 94.807567,   39, 1.00,   11, 0.000, 0.000, 0.220, 71
train,    512, 87.196851,   51, 1.00,   10, 0.000, 0.000, 0.220, 71
update,   512,    7,  931, 14.267048, -0.000000
train,    513, 20.920224,   12, 1.00,    2, 0.000, 0.000, 0.220, 71
train,    514, 95.336265,   43, 1.00,    9, 0.000, 0.000, 0.220, 71
train,    515, -4.572533,    3, 1.00,    1, 0.000, 0.000, 0.220, 71
train,    516, 6.715500,    7, 1.00,    3, 0.000, 0.000, 0.220, 71
train,    517, 29.034845,   18, 1.00,    4, 0.000, 0.000, 0.220, 71
train,    518, -2.687516,    4, 1.00,    1, 0.000, 0.000, 0.220, 71
train,    519, 19.462804,   13, 1.00,    5, 0.000, 0.000, 0.220, 71
train,    520, 7.224126,    8, 1.00,    3, 0.000, 0.000, 0.220, 71
train,    521, 21.769230,   14, 1.00,    4, 0.000, 0.000, 0.220, 71
train,    522, 11.180468,   10, 1.00,    3, 0.000, 0.000, 0.220, 71
train,    523, 37.067894,   21, 1.00,    3, 0.000, 0.000, 0.220, 72
train,    524, 108.267449,   55, 1.00,   17, 0.000, 0.000, 0.220, 72
val,      524, 18.820240, 1.0000,  12.2000,   2.4000, 0.0000,  27.9531
train,    525, 7.228511,    7, 1.00,    3, 0.000, 0.000, 0.220, 72
train,    526, 59.969583,   26, 1.00,    8, 0.000, 0.000, 0.220, 72
train,    527, 32.905666,   19, 1.00,    5, 0.000, 0.000, 0.220, 72
train,    528, 20.159843,   12, 1.00,    2, 0.000, 0.000, 0.220, 72
train,    529, -0.721739,    9, 1.00,    2, 0.000, 0.000, 0.220, 72
train,    530, 78.638376,   35, 1.00,    8, 0.000, 0.000, 0.220, 72
train,    531, 114.111588,   51, 1.00,   13, 0.000, 0.000, 0.220, 72
train,    532, 39.127117,   22, 1.00,    6, 0.000, 0.000, 0.220, 72
train,    533, 56.924855,   27, 1.00,    4, 0.000, 0.000, 0.220, 72
train,    534, 3.129768,    6, 1.00,    1, 0.000, 0.000, 0.220, 72
train,    535, 1.462386,    8, 1.00,    2, 0.000, 0.000, 0.220, 72
train,    536, 9.448521,    8, 1.00,    2, 0.000, 0.000, 0.220, 72
train,    537, 10.656348,    8, 1.00,    1, 0.000, 0.000, 0.220, 72
train,    538, 30.547528,   14, 1.00,    3, 0.000, 0.000, 0.220, 72
train,    539, 11.205808,   10, 1.00,    3, 0.000, 0.000, 0.220, 72
train,    540, 17.108601,   11, 1.00,    4, 0.000, 0.000, 0.220, 72
train,    541, 32.346097,   20, 1.00,    5, 0.000, 0.000, 0.220, 72
train,    542, -0.442713,    5, 1.00,    1, 0.000, 0.000, 0.220, 73
train,    543, 22.508890,   13, 1.00,    4, 0.000, 0.000, 0.220, 73
train,    544, 17.947570,    9, 1.00,    3, 0.000, 0.000, 0.220, 73
train,    545, -2.293622,    4, 1.00,    1, 0.000, 0.000, 0.220, 73
train,    546, 6.370864,    9, 1.00,    3, 0.000, 0.000, 0.220, 73
train,    547, 15.881663,    9, 1.00,    3, 0.000, 0.000, 0.220, 73
train,    548, 11.618233,    8, 1.00,    1, 0.000, 0.000, 0.220, 73
train,    549, 11.643818,    9, 1.00,    3, 0.000, 0.000, 0.220, 73
val,      549, 23.190447, 1.0000,  13.0000,   3.8000, 0.0000,  26.8451
train,    550, 6.865100,    6, 1.00,    1, 0.000, 0.000, 0.220, 73
train,    551, 14.663765,   10, 1.00,    3, 0.000, 0.000, 0.220, 73
train,    552, 3.827243,    7, 1.00,    3, 0.000, 0.000, 0.220, 73
train,    553, 50.607290,   37, 1.00,    7, 0.000, 0.000, 0.220, 73
train,    554, 5.041915,    5, 1.00,    1, 0.000, 0.000, 0.220, 73
train,    555, -2.156117,    4, 1.00,    1, 0.000, 0.000, 0.220, 73
train,    556, 13.537511,    8, 1.00,    3, 0.000, 0.000, 0.220, 73
train,    557, 17.594417,   10, 1.00,    1, 0.000, 0.000, 0.220, 73
train,    558, 32.178185,   15, 1.00,    2, 0.000, 0.000, 0.220, 73
train,    559, 12.813777,    8, 1.00,    1, 0.000, 0.000, 0.220, 73
train,    560, 1.496971,    5, 1.00,    2, 0.000, 0.000, 0.220, 73
train,    561, 49.986383,   25, 1.00,    7, 0.000, 0.000, 0.220, 74
train,    562, 4.718136,    7, 1.00,    2, 0.000, 0.000, 0.220, 74
train,    563, 99.049301,   41, 1.00,   11, 0.000, 0.000, 0.220, 74
train,    564, 36.224495,   18, 1.00,    5, 0.000, 0.000, 0.220, 74
train,    565, -0.837727,    4, 1.00,    2, 0.000, 0.000, 0.220, 74
train,    566, 15.011371,   11, 1.00,    3, 0.000, 0.000, 0.220, 74
train,    567, 13.565015,    8, 1.00,    2, 0.000, 0.000, 0.220, 74
train,    568, 24.912821,   12, 1.00,    2, 0.000, 0.000, 0.220, 74
train,    569, 5.173231,    6, 1.00,    1, 0.000, 0.000, 0.220, 74
train,    570, 12.751580,    8, 1.00,    1, 0.000, 0.000, 0.220, 74
train,    571, -7.413231,    2, 1.00,    2, 0.000, 0.000, 0.220, 74
train,    572, 57.337461,   31, 1.00,    5, 0.000, 0.000, 0.220, 74
train,    573, 7.264741,    7, 1.00,    1, 0.000, 0.000, 0.220, 74
train,    574, 28.101366,   20, 1.00,    7, 0.000, 0.000, 0.220, 74
val,      574, 30.263264, 1.0000,  16.0000,   4.8000, 0.0000,  28.3831
train,    575, 23.547567,   13, 1.00,    5, 0.000, 0.000, 0.220, 74
train,    576, 64.358178,   24, 1.00,    4, 0.000, 0.000, 0.220, 74
update,   576,    8,  919, 13.722324, 0.000000
train,    577, 2.317953,    6, 1.00,    3, 0.000, 0.000, 0.220, 74
train,    578, 21.808601,   14, 1.00,    3, 0.000, 0.000, 0.220, 74
train,    579, 43.877422,   22, 1.00,    4, 0.000, 0.000, 0.220, 74
train,    580, 1.557739,    5, 1.00,    2, 0.000, 0.000, 0.220, 75
train,    581, 8.954735,    8, 1.00,    3, 0.000, 0.000, 0.220, 75
train,    582, 99.785294,   49, 1.00,   10, 0.000, 0.000, 0.220, 75
train,    583, 30.952077,   15, 1.00,    5, 0.000, 0.000, 0.220, 75
train,    584, 23.120833,   21, 1.00,    4, 0.000, 0.000, 0.220, 75
train,    585, 12.487808,    8, 1.00,    3, 0.000, 0.000, 0.220, 75
train,    586, 43.682819,   18, 1.00,    5, 0.000, 0.000, 0.220, 75
train,    587, 4.314242,    6, 1.00,    3, 0.000, 0.000, 0.220, 75
train,    588, 55.399411,   37, 1.00,    7, 0.000, 0.000, 0.220, 75
train,    589, 6.006048,    9, 1.00,    1, 0.000, 0.000, 0.220, 75
train,    590, -3.118961,    4, 1.00,    2, 0.000, 0.000, 0.220, 75
train,    591, 26.160392,   14, 1.00,    3, 0.000, 0.000, 0.220, 75
train,    592, 2.816402,    7, 1.00,    1, 0.000, 0.000, 0.220, 75
train,    593, -2.548334,    4, 1.00,    0, 0.000, 0.000, 0.220, 75
train,    594, 11.170014,   10, 1.00,    3, 0.000, 0.000, 0.220, 75
train,    595, 8.902153,    9, 1.00,    1, 0.000, 0.000, 0.220, 75
train,    596, 25.394447,   14, 1.00,    3, 0.000, 0.000, 0.220, 75
train,    597, 24.607537,   19, 1.00,    8, 0.000, 0.000, 0.220, 75
train,    598, 7.269173,    7, 1.00,    1, 0.000, 0.000, 0.220, 75
train,    599, 1.274036,    5, 1.00,    1, 0.000, 0.000, 0.220, 76
val,      599, 27.035801, 1.0000,  13.2000,   3.8000, 0.0000,  28.2631
train,    600, 31.873283,   15, 1.00,    3, 0.000, 0.000, 0.220, 76
train,    601, 20.774959,   13, 1.00,    6, 0.000, 0.000, 0.220, 76
train,    602, 14.178624,    9, 1.00,    2, 0.000, 0.000, 0.220, 76
train,    603, -4.270887,    3, 1.00,    1, 0.000, 0.000, 0.220, 76
train,    604, 12.553681,    9, 1.00,    3, 0.000, 0.000, 0.220, 76
train,    605, -3.956471,    4, 1.00,    1, 0.000, 0.000, 0.220, 76
train,    606, 35.135851,   18, 1.00,    7, 0.000, 0.000, 0.220, 76
train,    607, 12.190446,    9, 1.00,    2, 0.000, 0.000, 0.220, 76
train,    608, 4.551188,    7, 1.00,    1, 0.000, 0.000, 0.220, 76
train,    609, -2.152323,    4, 1.00,    2, 0.000, 0.000, 0.220, 76
train,    610, 17.033464,   21, 1.00,    6, 0.000, 0.000, 0.220, 76
train,    611, 4.380700,   10, 1.00,    3, 0.000, 0.000, 0.220, 76
train,    612, 4.819575,    7, 1.00,    3, 0.000, 0.000, 0.220, 76
train,    613, 26.953414,   11, 1.00,    3, 0.000, 0.000, 0.220, 76
train,    614, 21.024468,   13, 1.00,    3, 0.000, 0.000, 0.220, 76
train,    615, 49.201656,   21, 1.00,    7, 0.000, 0.000, 0.220, 76
train,    616, 35.386098,   16, 1.00,    5, 0.000, 0.000, 0.220, 76
train,    617, 131.140498,   66, 1.00,   17, 0.000, 0.000, 0.220, 76
train,    618, 88.245047,   47, 1.00,   14, 0.000, 0.000, 0.220, 77
train,    619, 6.035173,    6, 1.00,    0, 0.000, 0.000, 0.220, 77
train,    620, 129.740554,   54, 1.00,   15, 0.000, 0.000, 0.220, 77
train,    621, 9.067557,    7, 1.00,    1, 0.000, 0.000, 0.220, 77
train,    622, 12.012442,    9, 1.00,    3, 0.000, 0.000, 0.220, 77
train,    623, 43.106339,   22, 1.00,    8, 0.000, 0.000, 0.220, 77
train,    624, 45.817651,   19, 1.00,    4, 0.000, 0.000, 0.220, 77
val,      624, 33.217802, 1.0000,  15.2000,   4.4000, 0.0000,  28.3349
train,    625, 96.918615,   42, 1.00,   14, 0.000, 0.000, 0.220, 77
train,    626, 44.717960,   22, 1.00,    5, 0.000, 0.000, 0.220, 77
train,    627, -2.758979,    4, 1.00,    2, 0.000, 0.000, 0.220, 77
train,    628, 16.963760,   11, 1.00,    2, 0.000, 0.000, 0.220, 77
train,    629, -0.199201,    5, 1.00,    1, 0.000, 0.000, 0.220, 77
train,    630, 48.172168,   22, 1.00,    5, 0.000, 0.000, 0.220, 77
train,    631, 25.896201,   15, 1.00,    5, 0.000, 0.000, 0.220, 77
train,    632, 4.757987,    6, 1.00,    2, 0.000, 0.000, 0.220, 77
train,    633, -5.086800,    3, 1.00,    1, 0.000, 0.000, 0.220, 77
train,    634, 42.562875,   19, 1.00,    5, 0.000, 0.000, 0.220, 77
train,    635, 23.839584,   14, 1.00,    2, 0.000, 0.000, 0.220, 77
train,    636, 77.027197,   34, 1.00,    8, 0.000, 0.000, 0.220, 77
update,   636,    9,  928, 15.807775, -0.000000
train,    637, -1.375056,    5, 1.00,    1, 0.000, 0.000, 0.220, 78
train,    638, 33.036189,   16, 1.00,    4, 0.000, 0.000, 0.220, 78
train,    639, 11.486430,    7, 1.00,    1, 0.000, 0.000, 0.220, 78
train,    640, 56.386740,   24, 1.00,    5, 0.000, 0.000, 0.220, 78
train,    641, -2.483491,    4, 1.00,    4, 0.000, 0.000, 0.220, 78
train,    642, 45.070158,   22, 1.00,    4, 0.000, 0.000, 0.220, 78
train,    643, 31.935673,   16, 1.00,    3, 0.000, 0.000, 0.220, 78
train,    644, 33.687563,   15, 1.00,    4, 0.000, 0.000, 0.220, 78
train,    645, 60.059961,   31, 1.00,    6, 0.000, 0.000, 0.220, 78
train,    646, 113.567383,   51, 1.00,   12, 0.000, 0.000, 0.220, 78
train,    647, 17.615429,   11, 1.00,    3, 0.000, 0.000, 0.220, 78
train,    648, 5.350011,    5, 1.00,    1, 0.000, 0.000, 0.220, 78
train,    649, 18.366151,    9, 1.00,    1, 0.000, 0.000, 0.220, 78
val,      649, 24.716658, 1.0000,  11.8000,   1.6000, 0.0000,  28.8654
train,    650, 42.730919,   20, 1.00,    4, 0.000, 0.000, 0.220, 78
train,    651, 36.604024,   18, 1.00,    5, 0.000, 0.000, 0.220, 78
train,    652, 4.917702,    6, 1.00,    1, 0.000, 0.000, 0.220, 78
train,    653, 9.072533,    7, 1.00,    2, 0.000, 0.000, 0.220, 78
train,    654, 18.973808,   11, 1.00,    2, 0.000, 0.000, 0.220, 78
train,    655, -3.204715,    4, 1.00,    2, 0.000, 0.000, 0.220, 78
train,    656, 90.425019,   40, 1.00,   15, 0.000, 0.000, 0.220, 79
train,    657, 1.453460,    6, 1.00,    1, 0.000, 0.000, 0.220, 79
train,    658, 53.550337,   25, 1.00,    5, 0.000, 0.000, 0.220, 79
train,    659, 63.688602,   35, 1.00,    5, 0.000, 0.000, 0.220, 79
train,    660, 20.376215,   11, 1.00,    1, 0.000, 0.000, 0.220, 79
train,    661, 25.510941,   14, 1.00,    3, 0.000, 0.000, 0.220, 79
train,    662, 37.191443,   17, 1.00,    7, 0.000, 0.000, 0.220, 79
train,    663, 50.034904,   25, 1.00,    8, 0.000, 0.000, 0.220, 79
train,    664, 3.792994,    6, 1.00,    1, 0.000, 0.000, 0.220, 79
train,    665, 8.135704,    9, 1.00,    3, 0.000, 0.000, 0.220, 79
train,    666, 51.736386,   21, 1.00,    1, 0.000, 0.000, 0.220, 79
train,    667, 49.970819,   18, 1.00,    3, 0.000, 0.000, 0.220, 79
train,    668, 22.870608,   12, 1.00,    4, 0.000, 0.000, 0.220, 79
train,    669, 16.704998,   10, 1.00,    3, 0.000, 0.000, 0.220, 79
train,    670, 30.005427,   15, 1.00,    5, 0.000, 0.000, 0.220, 79
train,    671, 39.714234,   19, 1.00,    4, 0.000, 0.000, 0.220, 79
train,    672, 9.245938,    9, 1.00,    2, 0.000, 0.000, 0.220, 79
train,    673, 15.542983,   11, 1.00,    3, 0.000, 0.000, 0.220, 79
train,    674, -2.608549,    4, 1.00,    1, 0.000, 0.000, 0.220, 79
val,      674, 29.604114, 1.0000,  15.0000,   4.4000, 0.0000,  28.6224
train,    675, 21.392981,   12, 1.00,    3, 0.000, 0.000, 0.220, 80
train,    676, 23.137278,   11, 1.00,    1, 0.000, 0.000, 0.220, 80
train,    677, 32.843764,   17, 1.00,    2, 0.000, 0.000, 0.220, 80
train,    678, 5.851584,    6, 1.00,    1, 0.000, 0.000, 0.220, 80
train,    679, 34.545771,   20, 1.00,    4, 0.000, 0.000, 0.220, 80
train,    680, 20.488016,   12, 1.00,    4, 0.000, 0.000, 0.220, 80
train,    681, 14.429948,   11, 1.00,    3, 0.000, 0.000, 0.220, 80
train,    682, 62.133571,   26, 1.00,    8, 0.000, 0.000, 0.220, 80
train,    683, 18.807311,   11, 1.00,    3, 0.000, 0.000, 0.220, 80
train,    684, 13.749343,    8, 1.00,    1, 0.000, 0.000, 0.220, 80
train,    685, 16.607894,   11, 1.00,    2, 0.000, 0.000, 0.220, 80
train,    686, 44.113525,   20, 1.00,    6, 0.000, 0.000, 0.220, 80
train,    687, 0.391132,    5, 1.00,    4, 0.000, 0.000, 0.220, 80
train,    688, 17.729911,   15, 1.00,    1, 0.000, 0.000, 0.220, 80
train,    689, 80.534170,   39, 1.00,   13, 0.000, 0.000, 0.220, 80
train,    690, 4.763977,    7, 1.00,    1, 0.000, 0.000, 0.220, 80
train,    691, 4.080386,    6, 1.00,    1, 0.000, 0.000, 0.220, 80
train,    692, 9.988781,    8, 1.00,    1, 0.000, 0.000, 0.220, 80
train,    693, 47.383382,   21, 1.00,    7, 0.000, 0.000, 0.220, 80
train,    694, 19.726745,   12, 1.00,    3, 0.000, 0.000, 0.220, 81
train,    695, 16.103123,   11, 1.00,    1, 0.000, 0.000, 0.220, 81
train,    696, -4.553003,    3, 1.00,    3, 0.000, 0.000, 0.220, 81
train,    697, 31.019403,   14, 1.00,    3, 0.000, 0.000, 0.220, 81
train,    698, 17.509087,   10, 1.00,    1, 0.000, 0.000, 0.220, 81
update,   698,   10,  905, 13.374146, -0.000000
train,    699, 17.945573,   12, 1.00,    4, 0.000, 0.000, 0.220, 81
val,      699, 26.029352, 1.0000,  13.0000,   5.0000, 0.0000,  28.2801
train,    700, 28.522206,   15, 1.00,    3, 0.000, 0.000, 0.220, 81
train,    701, 33.122243,   15, 1.00,    5, 0.000, 0.000, 0.220, 81
train,    702, 16.484484,   11, 1.00,    1, 0.000, 0.000, 0.220, 81
train,    703, 89.336010,   45, 1.00,   13, 0.000, 0.000, 0.220, 81
train,    704, 4.851506,    5, 1.00,    1, 0.000, 0.000, 0.220, 81
train,    705, 41.237157,   17, 1.00,    5, 0.000, 0.000, 0.220, 81
train,    706, 1.939951,    8, 1.00,    2, 0.000, 0.000, 0.220, 81
train,    707, 33.109269,   22, 1.00,    5, 0.000, 0.000, 0.220, 81
train,    708, 18.163281,   10, 1.00,    4, 0.000, 0.000, 0.220, 81
train,    709, 10.519023,    9, 1.00,    3, 0.000, 0.000, 0.220, 81
train,    710, 3.522370,    6, 1.00,    1, 0.000, 0.000, 0.220, 81
train,    711, 16.757528,   11, 1.00,    4, 0.000, 0.000, 0.220, 81
train,    712, 45.377241,   21, 1.00,    7, 0.000, 0.000, 0.220, 81
train,    713, 30.840281,   17, 1.00,    4, 0.000, 0.000, 0.220, 82
train,    714, 19.275154,   12, 1.00,    3, 0.000, 0.000, 0.220, 82
train,    715, 49.818449,   24, 1.00,    3, 0.000, 0.000, 0.220, 82
train,    716, 29.631135,   16, 1.00,    5, 0.000, 0.000, 0.220, 82
train,    717, 16.295444,   11, 1.00,    2, 0.000, 0.000, 0.220, 82
train,    718, 42.070998,   16, 1.00,    3, 0.000, 0.000, 0.220, 82
train,    719, 42.489729,   20, 1.00,    1, 0.000, 0.000, 0.220, 82
train,    720, 28.954251,   14, 1.00,    5, 0.000, 0.000, 0.220, 82
train,    721, 17.218355,   10, 1.00,    3, 0.000, 0.000, 0.220, 82
train,    722, 0.376878,    4, 1.00,    2, 0.000, 0.000, 0.220, 82
train,    723, 29.545359,   13, 1.00,    3, 0.000, 0.000, 0.220, 82
train,    724, 41.140934,   20, 1.00,    5, 0.000, 0.000, 0.220, 82
val,      724, 18.235692, 1.0000,  10.6000,   3.0000, 0.0000,  28.3094
train,    725, 19.586479,   11, 1.00,    3, 0.000, 0.000, 0.220, 82
train,    726, 4.263158,    5, 1.00,    1, 0.000, 0.000, 0.220, 82
train,    727, 16.451968,    9, 1.00,    3, 0.000, 0.000, 0.220, 82
train,    728, 20.413317,   11, 1.00,    2, 0.000, 0.000, 0.220, 82
train,    729, 1.070827,    6, 1.00,    1, 0.000, 0.000, 0.220, 82
train,    730, 0.127785,    5, 1.00,    1, 0.000, 0.000, 0.220, 82
train,    731, 3.555811,    6, 1.00,    1, 0.000, 0.000, 0.220, 82
train,    732, 11.807677,    8, 1.00,    4, 0.000, 0.000, 0.220, 83
train,    733, 38.622593,   16, 1.00,    2, 0.000, 0.000, 0.220, 83
train,    734, 37.581502,   18, 1.00,    5, 0.000, 0.000, 0.220, 83
train,    735, 28.514540,   14, 1.00,    4, 0.000, 0.000, 0.220, 83
train,    736, 15.136419,    9, 1.00,    1, 0.000, 0.000, 0.220, 83
train,    737, 32.661063,   16, 1.00,    4, 0.000, 0.000, 0.220, 83
train,    738, 8.251257,    8, 1.00,    3, 0.000, 0.000, 0.220, 83
train,    739, 2.994966,    5, 1.00,    1, 0.000, 0.000, 0.220, 83
train,    740, 52.015943,   27, 1.00,    6, 0.000, 0.000, 0.220, 83
train,    741, -4.754021,    3, 1.00,    2, 0.000, 0.000, 0.220, 83
train,    742, 44.349323,   24, 1.00,    5, 0.000, 0.000, 0.220, 83
train,    743, -2.801459,    4, 1.00,    3, 0.000, 0.000, 0.220, 83
train,    744, 4.543544,    8, 1.00,    3, 0.000, 0.000, 0.220, 83
train,    745, 28.727711,   14, 1.00,    5, 0.000, 0.000, 0.220, 83
train,    746, 66.203550,   30, 1.00,    7, 0.000, 0.000, 0.220, 83
