init,     2026-03-29 22:44:32.787643
arguments,Namespace(PPO_epochs=4, adv_norm=1, alg='ppo', cuda=0, curriculum_clean_ratio=0.8, curriculum_entropy_decay=0.9, curriculum_mode='adaptive', curriculum_noise_step=0.02, curriculum_patience=2, entropy=2.0, entropy_min=0.1, eps_clip=0.15, gae_lambda=0.97, gamma=0.995, grad_clip=0.5, gymip_train_xml='inverted_pendulum_ChangeThk_0.050000.xml', hid_group_num=8, hid_group_size=8, hidden_num=64, ignore_checkpoint=True, lane_profile='auto', lr=0.0005, max_noise=0.08, mini_batch_size=128, model='rwtaspk', monitor_time=False, optimizer='rmsprop', rep=11, response_window=40, reward_scale=1.0, road_scenario='highway', rollout_steps=512, rwta_del_connection='none', seed=1, snn_num_steps=15, task='gymip', thread=-1, traffic_level='dense', train_num=2000)
seed,     1
model_dir,/root/autodl-tmp/SVPG2023/LANE/log_model/highway_dense
profile,  lane auto-stabilize: lr->0.0005, gamma->0.995, PPO_epochs->4, eps_clip->0.15, rollout_steps->512, mini_batch_size->128, gae_lambda->0.97, grad_clip->0.5, curriculum_clean_ratio->0.8, max_noise->0.08, curriculum_noise_step->0.02
train,    1, -14.230356,    6, 1.00,    2, 0.000, 0.000, 2.000, 18
train,    2, -16.315491,    3, 1.00,    1, 0.000, 0.000, 2.000, 19
train,    3, -14.364684,    5, 1.00,    2, 0.000, 0.000, 2.000, 19
train,    4, -16.972035,    7, 1.00,    4, 0.000, 0.000, 2.000, 19
train,    5, -12.065191,    8, 1.00,    3, 0.000, 0.000, 2.000, 20
train,    6, -9.804954,   16, 1.00,    5, 0.000, 0.000, 2.000, 20
train,    7, -16.195689,    5, 1.00,    2, 0.000, 0.000, 2.000, 20
train,    8, -10.406949,    8, 1.00,    2, 0.000, 0.000, 2.000, 21
train,    9, 2.158453,   40, 1.00,   15, 0.000, 0.000, 2.000, 21
train,    10, -20.645988,    4, 1.00,    4, 0.000, 0.000, 2.000, 22
train,    11, -10.070903,   20, 1.00,    9, 0.000, 0.000, 2.000, 22
train,    12, 10.562873,   49, 1.00,   18, 0.000, 0.000, 2.000, 22
train,    13, -4.302374,   12, 1.00,    2, 0.000, 0.000, 2.000, 23
train,    14, -14.497231,    8, 1.00,    4, 0.000, 0.000, 2.000, 23
train,    15, -11.230216,   16, 1.00,    6, 0.000, 0.000, 2.000, 23
train,    16, 24.755866,   72, 1.00,   26, 0.000, 0.000, 2.000, 24
train,    17, 15.561864,   47, 1.00,   14, 0.000, 0.000, 2.000, 24
train,    18, -15.388703,    6, 1.00,    3, 0.000, 0.000, 2.000, 24
train,    19, -15.405500,   12, 1.00,    7, 0.000, 0.000, 2.000, 25
train,    20, -11.557386,   19, 1.00,    9, 0.000, 0.000, 2.000, 25
train,    21, -12.469082,    8, 1.00,    2, 0.000, 0.000, 2.000, 25
train,    22, 37.728751,   67, 1.00,   21, 0.000, 0.000, 2.000, 26
train,    23, -9.022788,    9, 1.00,    1, 0.000, 0.000, 2.000, 26
train,    24, -16.647947,    4, 1.00,    2, 0.000, 0.000, 2.000, 26
val_save, 24, -23.641417, 1.0000,   8.2000,   8.2000
val,      24, -23.641417, 1.0000,   8.2000,   8.2000
train,    25, -17.734789,    3, 1.00,    2, 0.000, 0.000, 2.000, 27
train,    26, -15.756568,    8, 1.00,    5, 0.000, 0.000, 2.000, 27
train,    27, -9.885164,   12, 1.00,    3, 0.000, 0.000, 2.000, 27
train,    28, -14.446694,    4, 1.00,    1, 0.000, 0.000, 2.000, 28
train,    29, -4.739717,   18, 1.00,    7, 0.000, 0.000, 2.000, 28
train,    30, -11.772897,    6, 1.00,    1, 0.000, 0.000, 2.000, 28
train,    31, 5.331977,   48, 1.00,   19, 0.000, 0.000, 2.000, 29
update,   31,    1,  550, -3.039316, 0.000000
train,    32, -14.075270,    8, 1.00,    4, 0.000, 0.000, 2.000, 29
train,    33, -17.731718,    8, 1.00,    4, 0.000, 0.000, 2.000, 30
train,    34, -9.292079,   18, 1.00,    7, 0.000, 0.000, 2.000, 30
train,    35, 0.726362,   35, 1.00,   14, 0.000, 0.000, 2.000, 30
train,    36, 8.533157,   34, 1.00,    8, 0.000, 0.000, 2.000, 31
train,    37, -8.374476,    9, 1.00,    2, 0.000, 0.000, 2.000, 31
train,    38, -10.870629,    8, 1.00,    2, 0.000, 0.000, 2.000, 31
train,    39, -11.783814,    8, 1.00,    3, 0.000, 0.000, 2.000, 32
train,    40, -10.704897,   12, 1.00,    4, 0.000, 0.000, 2.000, 32
train,    41, 1.811322,   31, 1.00,    9, 0.000, 0.000, 2.000, 32
train,    42, -6.968555,   19, 1.00,    7, 0.000, 0.000, 2.000, 33
train,    43, 6.095961,   41, 1.00,   14, 0.000, 0.000, 2.000, 33
train,    44, -8.735461,   12, 1.00,    4, 0.000, 0.000, 2.000, 33
train,    45, -11.612557,    6, 1.00,    1, 0.000, 0.000, 2.000, 34
train,    46, -1.995528,   18, 1.00,    2, 0.000, 0.000, 2.000, 34
train,    47, -11.172338,    8, 1.00,    1, 0.000, 0.000, 2.000, 34
train,    48, -12.614004,    6, 1.00,    1, 0.000, 0.000, 2.000, 35
train,    49, 6.633679,   42, 1.00,   15, 0.000, 0.000, 2.000, 35
val_save, 49, 202.779440, 0.0000, 150.0000,   0.0000
val,      49, 202.779440, 0.0000, 150.0000,   0.0000
curriculum,noise_cap 0.0000 -> 0.0200, entropy 2.0000 -> 1.8000
train,    50, -17.689793,   37, 1.00,   21, 0.000, 0.020, 1.800, 36
train,    51, -6.785111,   21, 1.00,    6, 0.020, 0.020, 1.800, 36
train,    52, -12.994285,    5, 1.00,    1, 0.000, 0.020, 1.800, 36
train,    53, -6.045546,   16, 1.00,    4, 0.000, 0.020, 1.800, 37
train,    54, -6.015465,   25, 1.00,    8, 0.000, 0.020, 1.800, 37
train,    55, -12.098838,    9, 1.00,    2, 0.000, 0.020, 1.800, 37
train,    56, -14.342708,   14, 1.00,    7, 0.000, 0.020, 1.800, 38
train,    57, -12.794844,    8, 1.00,    2, 0.000, 0.020, 1.800, 38
train,    58, -15.916906,    5, 1.00,    2, 0.000, 0.020, 1.800, 38
train,    59, -4.427234,   16, 1.00,    3, 0.000, 0.020, 1.800, 39
train,    60, -18.158244,    4, 1.00,    2, 0.020, 0.020, 1.800, 39
train,    61, -2.208804,   17, 1.00,    3, 0.000, 0.020, 1.800, 39
train,    62, -16.363292,    4, 1.00,    2, 0.000, 0.020, 1.800, 40
train,    63, -6.063218,   15, 1.00,    4, 0.000, 0.020, 1.800, 40
update,   63,    2,  519, -6.976175, 0.000000
train,    64, -14.908312,    4, 1.00,    1, 0.000, 0.020, 1.800, 40
train,    65, -19.216316,    4, 1.00,    3, 0.000, 0.020, 1.800, 41
train,    66, -9.762745,   13, 1.00,    5, 0.000, 0.020, 1.800, 41
train,    67, -19.230296,    8, 1.00,    5, 0.020, 0.020, 1.800, 41
train,    68, -14.213481,   10, 1.00,    4, 0.020, 0.020, 1.800, 42
train,    69, 2.102095,   40, 1.00,   15, 0.000, 0.020, 1.800, 42
train,    70, -16.180297,    4, 1.00,    2, 0.000, 0.020, 1.800, 42
train,    71, -6.544204,   28, 1.00,   11, 0.000, 0.020, 1.800, 43
train,    72, -14.590178,   12, 1.00,    5, 0.020, 0.020, 1.800, 43
