init,     2026-04-14 14:35:36.464645
arguments,Namespace(PPO_epochs=4, adv_norm=1, alg='ppo', cuda=0, curriculum_clean_ratio=0.98, curriculum_entropy_decay=0.95, curriculum_mode='adaptive', curriculum_noise_step=0.002, curriculum_patience=4, entropy=0.22, entropy_min=0.1, eps_clip=0.12, gae_lambda=0.98, gamma=0.997, grad_clip=0.4, gymip_train_xml='inverted_pendulum_ChangeThk_0.050000.xml', hid_group_num=8, hid_group_size=8, hidden_num=64, ignore_checkpoint=True, lane_profile='auto', lr=0.00032, max_noise=0.012, mini_batch_size=224, model='rwtaspk', monitor_time=False, optimizer='rmsprop', rep=11, response_window=40, reward_scale=0.9, road_scenario='highway', rollout_steps=896, rwta_del_connection='none', seed=27684, snn_num_steps=15, task='gymip', thread=-1, traffic_level='dense', train_num=4800, warm_start_kind='none', warm_start_prefix='/root/autodl-tmp/SVPG2023/LANE/training_runs/ours/highway_dense/models/ppo_gymip_rwtaspk_h8-8-40_none_rmsprop_0.000320_0.22_0.99700_4_0.1200_ro896_mb224_lam0.98_rs0.90_gc0.40_adaptive_roadhighway_tfdense_seed27684_current_w_1.pt')
seed,     27684
model_dir,/root/autodl-tmp/SVPG2023/LANE/training_runs/ours/highway_dense/models
log_dir,  /root/autodl-tmp/SVPG2023/LANE/training_runs/ours/highway_dense/logs
profile,  lane auto-stabilize: lr->0.0005, gamma->0.995, PPO_epochs->4, eps_clip->0.15, rollout_steps->512, mini_batch_size->128, gae_lambda->0.97, grad_clip->0.5, curriculum_clean_ratio->0.8, max_noise->0.08, curriculum_noise_step->0.02, lr->0.00032, gamma->0.997, entropy->0.22, eps_clip->0.12, rollout_steps->896, mini_batch_size->224, gae_lambda->0.98, reward_scale->0.9, grad_clip->0.4, curriculum_clean_ratio->0.98, max_noise->0.012, curriculum_noise_step->0.002, curriculum_patience->3, curriculum_entropy_decay->0.94, curriculum_patience->4, curriculum_entropy_decay->0.95, train_num->4800
warm_start,/root/autodl-tmp/SVPG2023/LANE/training_runs/ours/highway_dense/models/ppo_gymip_rwtaspk_h8-8-40_none_rmsprop_0.000320_0.22_0.99700_4_0.1200_ro896_mb224_lam0.98_rs0.90_gc0.40_adaptive_roadhighway_tfdense_seed27684_current
warm_critic,/root/autodl-tmp/SVPG2023/LANE/training_runs/ours/highway_dense/models/ppo_gymip_rwtaspk_h8-8-40_none_rmsprop_0.000320_0.22_0.99700_4_0.1200_ro896_mb224_lam0.98_rs0.90_gc0.40_adaptive_roadhighway_tfdense_seed27684critic_current
train,    1, 15.099765,   11, 1.00,    4, 0.000, 0.000, 0.220, 36
train,    2, 22.215244,   17, 1.00,    5, 0.000, 0.000, 0.220, 36
train,    3, 60.342430,   27, 1.00,    7, 0.000, 0.000, 0.220, 36
train,    4, 43.275369,   30, 1.00,    6, 0.000, 0.000, 0.220, 36
train,    5, 8.393266,    8, 1.00,    2, 0.000, 0.000, 0.220, 36
train,    6, 2.174264,    6, 1.00,    1, 0.000, 0.000, 0.220, 36
train,    7, 12.609625,    9, 1.00,    2, 0.000, 0.000, 0.220, 36
train,    8, 51.694903,   22, 1.00,    5, 0.000, 0.000, 0.220, 36
train,    9, 27.599199,   15, 1.00,    2, 0.000, 0.000, 0.220, 36
train,    10, 8.678661,   10, 1.00,    3, 0.000, 0.000, 0.220, 36
train,    11, 13.473856,    9, 1.00,    1, 0.000, 0.000, 0.220, 37
train,    12, 26.498528,   14, 1.00,    2, 0.000, 0.000, 0.220, 37
train,    13, 32.243360,   18, 1.00,    6, 0.000, 0.000, 0.220, 37
train,    14, 35.631939,   31, 1.00,    5, 0.000, 0.000, 0.220, 37
train,    15, 25.776396,   16, 1.00,    3, 0.000, 0.000, 0.220, 37
train,    16, 8.847255,    8, 1.00,    4, 0.000, 0.000, 0.220, 37
train,    17, 5.512163,    7, 1.00,    3, 0.000, 0.000, 0.220, 37
train,    18, 47.922075,   27, 1.00,    3, 0.000, 0.000, 0.220, 37
train,    19, 21.189084,   12, 1.00,    2, 0.000, 0.000, 0.220, 37
train,    20, 20.983101,   12, 1.00,    3, 0.000, 0.000, 0.220, 37
train,    21, 15.979387,   13, 1.00,    1, 0.000, 0.000, 0.220, 37
train,    22, 66.175119,   40, 1.00,    9, 0.000, 0.000, 0.220, 37
train,    23, -2.046018,    4, 1.00,    1, 0.000, 0.000, 0.220, 37
train,    24, 320.718388,  150, 0.00,   19, 0.000, 0.000, 0.220, 37
val_save, 24, 125.341570, 0.6000,  95.8000,  13.6000, 0.2000,  22.1251
val,      24, 125.341570, 0.6000,  95.8000,  13.6000, 0.2000,  22.1251
train,    25, -3.002609,    4, 1.00,    1, 0.000, 0.000, 0.220, 37
train,    26, 28.104890,   16, 1.00,    4, 0.000, 0.000, 0.220, 37
train,    27, 3.678393,    7, 1.00,    2, 0.000, 0.000, 0.220, 37
train,    28, 30.479922,   16, 1.00,    4, 0.000, 0.000, 0.220, 37
train,    29, 0.044675,    5, 1.00,    2, 0.000, 0.000, 0.220, 37
train,    30, 16.887598,   10, 1.00,    3, 0.000, 0.000, 0.220, 37
train,    31, 99.497600,   47, 1.00,   14, 0.000, 0.000, 0.220, 37
train,    32, -5.168341,    3, 1.00,    2, 0.000, 0.000, 0.220, 38
train,    33, 331.404920,  150, 0.00,   15, 0.000, 0.000, 0.220, 38
train,    34, 57.558820,   38, 1.00,   15, 0.000, 0.000, 0.220, 38
train,    35, -1.023650,    5, 1.00,    1, 0.000, 0.000, 0.220, 38
train,    36, -7.169923,    3, 1.00,    2, 0.000, 0.000, 0.220, 38
train,    37, -1.292815,    6, 1.00,    1, 0.000, 0.000, 0.220, 38
train,    38, 36.224757,   20, 1.00,    3, 0.000, 0.000, 0.220, 38
train,    39, 41.970144,   19, 1.00,    3, 0.000, 0.000, 0.220, 38
train,    40, 78.660426,   47, 1.00,   12, 0.000, 0.000, 0.220, 38
update,   40,    1,  912, 28.678539, -0.000000
train,    41, -3.865181,    4, 1.00,    2, 0.000, 0.000, 0.220, 38
train,    42, 21.537046,   14, 1.00,    3, 0.000, 0.000, 0.220, 38
train,    43, 35.482965,   18, 1.00,    4, 0.000, 0.000, 0.220, 38
train,    44, 18.319265,   12, 1.00,    2, 0.000, 0.000, 0.220, 38
train,    45, 5.979644,    7, 1.00,    2, 0.000, 0.000, 0.220, 38
train,    46, 2.793835,    6, 1.00,    1, 0.000, 0.000, 0.220, 38
train,    47, 42.510824,   28, 1.00,    6, 0.000, 0.000, 0.220, 38
train,    48, 65.893908,   38, 1.00,   10, 0.000, 0.000, 0.220, 38
train,    49, 22.649340,   12, 1.00,    4, 0.000, 0.000, 0.220, 38
val,      49, 51.182204, 1.0000,  26.2000,   6.4000, 0.0000,  27.6066
train,    50, 9.050805,    8, 1.00,    3, 0.000, 0.000, 0.220, 38
train,    51, 41.107783,   27, 1.00,    6, 0.000, 0.000, 0.220, 38
train,    52, -0.676400,    6, 1.00,    1, 0.000, 0.000, 0.220, 38
train,    53, 23.629850,   13, 1.00,    4, 0.000, 0.000, 0.220, 39
train,    54, 29.218051,   15, 1.00,    3, 0.000, 0.000, 0.220, 39
train,    55, 53.714444,   26, 1.00,    9, 0.000, 0.000, 0.220, 39
train,    56, 2.391381,    8, 1.00,    1, 0.000, 0.000, 0.220, 39
train,    57, 29.264664,   17, 1.00,    5, 0.000, 0.000, 0.220, 39
train,    58, 173.473142,   88, 1.00,   14, 0.000, 0.000, 0.220, 39
train,    59, 46.618005,   43, 1.00,    7, 0.000, 0.000, 0.220, 39
train,    60, 91.506362,   53, 1.00,    9, 0.000, 0.000, 0.220, 39
train,    61, 20.757264,   14, 1.00,    7, 0.000, 0.000, 0.220, 39
train,    62, 1.277564,    5, 1.00,    2, 0.000, 0.000, 0.220, 39
train,    63, 5.057979,    7, 1.00,    2, 0.000, 0.000, 0.220, 39
train,    64, 74.949885,   38, 1.00,    9, 0.000, 0.000, 0.220, 39
train,    65, -3.399323,    4, 1.00,    1, 0.000, 0.000, 0.220, 39
train,    66, 37.956240,   22, 1.00,    2, 0.000, 0.000, 0.220, 39
train,    67, 26.670520,   16, 1.00,    7, 0.000, 0.000, 0.220, 39
train,    68, 56.521504,   24, 1.00,    4, 0.000, 0.000, 0.220, 39
train,    69, 7.777834,   12, 1.00,    1, 0.000, 0.000, 0.220, 39
train,    70, 13.298830,   11, 1.00,    2, 0.000, 0.000, 0.220, 39
train,    71, 136.648087,   78, 1.00,   16, 0.000, 0.000, 0.220, 39
train,    72, 0.676216,    5, 1.00,    2, 0.000, 0.000, 0.220, 39
train,    73, 8.356579,    9, 1.00,    1, 0.000, 0.000, 0.220, 40
train,    74, 353.289055,  150, 0.00,   23, 0.000, 0.000, 0.220, 40
val,      74, 16.966629, 1.0000,  12.2000,   3.2000, 0.0000,  26.3692
train,    75, -2.937122,    5, 1.00,    2, 0.000, 0.000, 0.220, 40
train,    76, 25.266268,   16, 1.00,    3, 0.000, 0.000, 0.220, 40
train,    77, 37.841809,   22, 1.00,    6, 0.000, 0.000, 0.220, 40
train,    78, 20.802016,   15, 1.00,    2, 0.000, 0.000, 0.220, 40
update,   78,    2,  896, 26.682440, -0.000000
train,    79, 21.640634,   18, 1.00,    7, 0.000, 0.000, 0.220, 40
train,    80, 15.873662,   10, 1.00,    3, 0.000, 0.000, 0.220, 40
train,    81, 22.947589,   13, 1.00,    4, 0.000, 0.000, 0.220, 40
train,    82, 14.933387,   12, 1.00,    3, 0.000, 0.000, 0.220, 40
train,    83, 46.275698,   26, 1.00,    6, 0.000, 0.000, 0.220, 40
train,    84, 61.409313,   37, 1.00,    9, 0.000, 0.000, 0.220, 40
train,    85, 9.501313,    9, 1.00,    3, 0.000, 0.000, 0.220, 40
train,    86, 66.090366,   30, 1.00,   10, 0.000, 0.000, 0.220, 40
train,    87, 35.276273,   24, 1.00,    6, 0.000, 0.000, 0.220, 40
train,    88, 41.643467,   30, 1.00,    7, 0.000, 0.000, 0.220, 40
train,    89, 8.635919,    8, 1.00,    3, 0.000, 0.000, 0.220, 40
train,    90, 44.659256,   26, 1.00,    5, 0.000, 0.000, 0.220, 40
train,    91, 22.904434,   12, 1.00,    3, 0.000, 0.000, 0.220, 40
train,    92, 13.371998,    9, 1.00,    1, 0.000, 0.000, 0.220, 40
train,    93, 55.871396,   32, 1.00,    5, 0.000, 0.000, 0.220, 40
train,    94, 7.062696,    8, 1.00,    2, 0.000, 0.000, 0.220, 41
train,    95, -5.569420,    3, 1.00,    1, 0.000, 0.000, 0.220, 41
train,    96, 26.806583,   14, 1.00,    3, 0.000, 0.000, 0.220, 41
train,    97, 51.538244,   23, 1.00,    3, 0.000, 0.000, 0.220, 41
train,    98, 1.165254,    6, 1.00,    0, 0.000, 0.000, 0.220, 41
train,    99, 201.110982,  106, 1.00,   13, 0.000, 0.000, 0.220, 41
val,      99, 38.654587, 1.0000,  25.0000,   5.4000, 0.0000,  25.1654
train,    100, -1.500326,    4, 1.00,    2, 0.000, 0.000, 0.220, 41
train,    101, 38.523123,   18, 1.00,    5, 0.000, 0.000, 0.220, 41
train,    102, 1.977115,    6, 1.00,    1, 0.000, 0.000, 0.220, 41
train,    103, 27.270279,   18, 1.00,    2, 0.000, 0.000, 0.220, 41
train,    104, 50.498204,   24, 1.00,    6, 0.000, 0.000, 0.220, 41
train,    105, 41.728885,   24, 1.00,    5, 0.000, 0.000, 0.220, 41
train,    106, 18.404599,   12, 1.00,    6, 0.000, 0.000, 0.220, 41
train,    107, 37.877747,   18, 1.00,    5, 0.000, 0.000, 0.220, 41
train,    108, 14.356919,   10, 1.00,    2, 0.000, 0.000, 0.220, 41
train,    109, 369.069732,  150, 0.00,   15, 0.000, 0.000, 0.220, 41
train,    110, 53.169107,   24, 1.00,    5, 0.000, 0.000, 0.220, 41
train,    111, -1.521515,    5, 1.00,    2, 0.000, 0.000, 0.220, 41
train,    112, 9.318545,   12, 1.00,    2, 0.000, 0.000, 0.220, 41
train,    113, 24.276299,   16, 1.00,    4, 0.000, 0.000, 0.220, 41
train,    114, 8.374420,    9, 1.00,    3, 0.000, 0.000, 0.220, 41
train,    115, -4.167953,    3, 1.00,    1, 0.000, 0.000, 0.220, 42
train,    116, 24.978819,   17, 1.00,    1, 0.000, 0.000, 0.220, 42
train,    117, 13.314219,   10, 1.00,    2, 0.000, 0.000, 0.220, 42
train,    118, 86.794002,   40, 1.00,   10, 0.000, 0.000, 0.220, 42
train,    119, 6.689649,    8, 1.00,    2, 0.000, 0.000, 0.220, 42
train,    120, 13.684493,   10, 1.00,    4, 0.000, 0.000, 0.220, 42
train,    121, 31.363777,   18, 1.00,    6, 0.000, 0.000, 0.220, 42
update,   121,    3,  912, 25.492521, 0.000000
train,    122, 22.735723,   12, 1.00,    1, 0.000, 0.000, 0.220, 42
train,    123, 24.150419,   12, 1.00,    1, 0.000, 0.000, 0.220, 42
train,    124, 77.621543,   39, 1.00,    6, 0.000, 0.000, 0.220, 42
