init,     2026-04-13 21:24:20.307383
arguments,Namespace(PPO_epochs=3, adv_norm=1, alg='ppo', cuda=0, curriculum_clean_ratio=0.97, curriculum_entropy_decay=0.95, curriculum_mode='adaptive', curriculum_noise_step=0.003, curriculum_patience=4, entropy=0.22, entropy_min=0.1, eps_clip=0.12, gae_lambda=0.98, gamma=0.997, grad_clip=0.4, gymip_train_xml='inverted_pendulum_ChangeThk_0.050000.xml', hid_group_num=8, hid_group_size=8, hidden_num=64, ignore_checkpoint=True, lane_profile='auto', lr=0.00032, max_noise=0.012, mini_batch_size=160, model='rwtaspk', monitor_time=False, optimizer='rmsprop', rep=11, response_window=40, reward_scale=0.9, road_scenario='highway', rollout_steps=640, rwta_del_connection='none', seed=26284, snn_num_steps=15, task='gymip', thread=-1, traffic_level='dense', train_num=3200, warm_start_kind='none', warm_start_prefix='')
seed,     26284
model_dir,/root/autodl-tmp/SVPG2023/LANE/training_runs/ours/highway_dense/models
log_dir,  /root/autodl-tmp/SVPG2023/LANE/training_runs/ours/highway_dense/logs
profile,  lane auto-stabilize: entropy->0.22, curriculum_patience->4, train_num->3200
train,    1, -0.026377,    4, 1.00,    1, 0.000, 0.000, 0.220, 52
train,    2, -1.507060,    4, 1.00,    1, 0.000, 0.000, 0.220, 52
train,    3, 10.428504,    7, 1.00,    2, 0.000, 0.000, 0.220, 52
train,    4, -5.135950,    3, 1.00,    2, 0.000, 0.000, 0.220, 52
train,    5, 13.989214,    8, 1.00,    4, 0.000, 0.000, 0.220, 52
train,    6, 31.486263,   15, 1.00,    3, 0.000, 0.000, 0.220, 53
train,    7, 17.239804,   13, 1.00,    4, 0.000, 0.000, 0.220, 53
train,    8, -0.073647,    4, 1.00,    3, 0.000, 0.000, 0.220, 53
train,    9, 5.612555,    7, 1.00,    1, 0.000, 0.000, 0.220, 53
train,    10, -2.751926,    4, 1.00,    1, 0.000, 0.000, 0.220, 53
train,    11, -3.733566,    4, 1.00,    1, 0.000, 0.000, 0.220, 53
train,    12, 24.374567,   11, 1.00,    3, 0.000, 0.000, 0.220, 53
train,    13, 0.352759,    6, 1.00,    1, 0.000, 0.000, 0.220, 53
train,    14, 34.108330,   17, 1.00,    5, 0.000, 0.000, 0.220, 53
train,    15, -2.040659,    4, 1.00,    1, 0.000, 0.000, 0.220, 53
train,    16, 32.569556,   19, 1.00,    6, 0.000, 0.000, 0.220, 53
train,    17, 19.498348,   11, 1.00,    3, 0.000, 0.000, 0.220, 53
train,    18, -2.808187,    5, 1.00,    1, 0.000, 0.000, 0.220, 54
train,    19, 14.566580,    9, 1.00,    2, 0.000, 0.000, 0.220, 54
train,    20, 4.963746,    7, 1.00,    4, 0.000, 0.000, 0.220, 54
train,    21, 37.756502,   15, 1.00,    3, 0.000, 0.000, 0.220, 54
train,    22, 29.642599,   14, 1.00,    2, 0.000, 0.000, 0.220, 54
train,    23, 0.002094,    5, 1.00,    2, 0.000, 0.000, 0.220, 54
train,    24, 4.857066,    6, 1.00,    1, 0.000, 0.000, 0.220, 54
val_save, 24, 8.713984, 1.0000,   7.4000,   2.2000, 0.0000,  27.7735
val,      24, 8.713984, 1.0000,   7.4000,   2.2000, 0.0000,  27.7735
train,    25, -5.506254,    3, 1.00,    1, 0.000, 0.000, 0.220, 54
train,    26, 14.203427,    9, 1.00,    2, 0.000, 0.000, 0.220, 54
train,    27, 7.554397,    6, 1.00,    1, 0.000, 0.000, 0.220, 54
train,    28, -2.643307,    4, 1.00,    2, 0.000, 0.000, 0.220, 54
train,    29, 19.679153,   13, 1.00,    4, 0.000, 0.000, 0.220, 54
train,    30, 8.331725,    6, 1.00,    1, 0.000, 0.000, 0.220, 55
train,    31, 0.347165,    5, 1.00,    1, 0.000, 0.000, 0.220, 55
train,    32, 10.646296,    8, 1.00,    2, 0.000, 0.000, 0.220, 55
train,    33, 23.479782,   12, 1.00,    5, 0.000, 0.000, 0.220, 55
train,    34, -1.973383,    4, 1.00,    2, 0.000, 0.000, 0.220, 55
train,    35, 27.990140,   13, 1.00,    3, 0.000, 0.000, 0.220, 55
train,    36, -6.711483,    2, 1.00,    1, 0.000, 0.000, 0.220, 55
train,    37, -3.534227,    3, 1.00,    1, 0.000, 0.000, 0.220, 55
train,    38, 7.788946,    7, 1.00,    1, 0.000, 0.000, 0.220, 55
train,    39, 32.773038,   14, 1.00,    2, 0.000, 0.000, 0.220, 55
train,    40, 10.929989,    8, 1.00,    2, 0.000, 0.000, 0.220, 55
train,    41, -4.111895,    3, 1.00,    1, 0.000, 0.000, 0.220, 55
train,    42, 0.761554,    5, 1.00,    3, 0.000, 0.000, 0.220, 56
train,    43, 15.733017,   13, 1.00,    3, 0.000, 0.000, 0.220, 56
train,    44, 41.012364,   26, 1.00,    9, 0.000, 0.000, 0.220, 56
train,    45, 41.154249,   16, 1.00,    3, 0.000, 0.000, 0.220, 56
train,    46, -6.665062,    2, 1.00,    1, 0.000, 0.000, 0.220, 56
train,    47, -8.634391,    2, 1.00,    2, 0.000, 0.000, 0.220, 56
train,    48, 4.880121,    5, 1.00,    1, 0.000, 0.000, 0.220, 56
train,    49, -9.023048,    1, 1.00,    1, 0.000, 0.000, 0.220, 56
val,      49, 9.836727, 1.0000,   8.2000,   2.2000, 0.0000,  26.5584
train,    50, 40.534029,   16, 1.00,    4, 0.000, 0.000, 0.220, 56
train,    51, 8.570801,    8, 1.00,    2, 0.000, 0.000, 0.220, 56
train,    52, 4.850437,    7, 1.00,    1, 0.000, 0.000, 0.220, 56
train,    53, 0.470298,    5, 1.00,    2, 0.000, 0.000, 0.220, 56
train,    54, 12.693272,   11, 1.00,    1, 0.000, 0.000, 0.220, 57
train,    55, 12.121423,    8, 1.00,    3, 0.000, 0.000, 0.220, 57
train,    56, 11.488434,    8, 1.00,    3, 0.000, 0.000, 0.220, 57
train,    57, 18.358302,   11, 1.00,    3, 0.000, 0.000, 0.220, 57
train,    58, 10.781703,    7, 1.00,    1, 0.000, 0.000, 0.220, 57
train,    59, -0.957294,    5, 1.00,    2, 0.000, 0.000, 0.220, 57
train,    60, 32.656825,   16, 1.00,    4, 0.000, 0.000, 0.220, 57
train,    61, 42.893078,   19, 1.00,    3, 0.000, 0.000, 0.220, 57
train,    62, 1.449500,    7, 1.00,    1, 0.000, 0.000, 0.220, 57
train,    63, 7.370951,    8, 1.00,    3, 0.000, 0.000, 0.220, 57
train,    64, -4.288982,    3, 1.00,    0, 0.000, 0.000, 0.220, 57
train,    65, 2.033520,    7, 1.00,    2, 0.000, 0.000, 0.220, 58
train,    66, 8.351089,    6, 1.00,    3, 0.000, 0.000, 0.220, 58
train,    67, 32.079316,   15, 1.00,    5, 0.000, 0.000, 0.220, 58
train,    68, 6.146062,    9, 1.00,    2, 0.000, 0.000, 0.220, 58
train,    69, 2.494527,    8, 1.00,    1, 0.000, 0.000, 0.220, 58
train,    70, 2.158721,    6, 1.00,    1, 0.000, 0.000, 0.220, 58
train,    71, 6.953165,    7, 1.00,    2, 0.000, 0.000, 0.220, 58
train,    72, 1.304786,    6, 1.00,    3, 0.000, 0.000, 0.220, 58
train,    73, 5.909600,   10, 1.00,    2, 0.000, 0.000, 0.220, 58
train,    74, 8.347902,    7, 1.00,    2, 0.000, 0.000, 0.220, 58
val_save, 74, 10.824636, 1.0000,   8.0000,   1.6000, 0.0000,  27.3215
val,      74, 10.824636, 1.0000,   8.0000,   1.6000, 0.0000,  27.3215
train,    75, -6.129858,    3, 1.00,    2, 0.000, 0.000, 0.220, 58
train,    76, -2.107640,    4, 1.00,    1, 0.000, 0.000, 0.220, 58
train,    77, 22.745376,   24, 1.00,    7, 0.000, 0.000, 0.220, 59
update,   77,    1,  643, 3.129623, -0.000000
train,    78, 8.529132,    8, 1.00,    0, 0.000, 0.000, 0.220, 59
train,    79, -8.988375,    1, 1.00,    1, 0.000, 0.000, 0.220, 59
train,    80, 46.908880,   20, 1.00,    5, 0.000, 0.000, 0.220, 59
train,    81, 22.208777,   11, 1.00,    1, 0.000, 0.000, 0.220, 59
train,    82, 74.585785,   29, 1.00,    7, 0.000, 0.000, 0.220, 59
train,    83, 12.435171,   10, 1.00,    1, 0.000, 0.000, 0.220, 59
train,    84, 13.851803,    8, 1.00,    2, 0.000, 0.000, 0.220, 59
train,    85, 8.279050,    7, 1.00,    2, 0.000, 0.000, 0.220, 59
train,    86, 5.221158,    6, 1.00,    1, 0.000, 0.000, 0.220, 59
train,    87, 12.657125,    7, 1.00,    1, 0.000, 0.000, 0.220, 59
train,    88, 65.735346,   23, 1.00,    7, 0.000, 0.000, 0.220, 59
train,    89, -3.004253,    5, 1.00,    1, 0.000, 0.000, 0.220, 60
train,    90, 4.419651,    5, 1.00,    1, 0.000, 0.000, 0.220, 60
train,    91, 9.080441,    8, 1.00,    1, 0.000, 0.000, 0.220, 60
train,    92, -4.918679,    3, 1.00,    0, 0.000, 0.000, 0.220, 60
train,    93, 5.712798,    6, 1.00,    2, 0.000, 0.000, 0.220, 60
train,    94, 16.078527,   10, 1.00,    1, 0.000, 0.000, 0.220, 60
train,    95, 17.518614,   11, 1.00,    3, 0.000, 0.000, 0.220, 60
train,    96, 12.011744,    8, 1.00,    4, 0.000, 0.000, 0.220, 60
train,    97, 59.859286,   22, 1.00,    7, 0.000, 0.000, 0.220, 60
train,    98, 6.442039,    6, 1.00,    1, 0.000, 0.000, 0.220, 60
train,    99, 18.869831,   11, 1.00,    4, 0.000, 0.000, 0.220, 60
val,      99, 1.791275, 1.0000,   5.0000,   1.2000, 0.0000,  26.4572
train,    100, 3.766466,    7, 1.00,    2, 0.000, 0.000, 0.220, 60
train,    101, -0.782616,    4, 1.00,    2, 0.000, 0.000, 0.220, 61
train,    102, 10.542110,    8, 1.00,    3, 0.000, 0.000, 0.220, 61
train,    103, -5.185994,    3, 1.00,    2, 0.000, 0.000, 0.220, 61
train,    104, 7.964939,    9, 1.00,    1, 0.000, 0.000, 0.220, 61
train,    105, -5.775400,    3, 1.00,    0, 0.000, 0.000, 0.220, 61
train,    106, 10.629311,    6, 1.00,    2, 0.000, 0.000, 0.220, 61
train,    107, 61.576554,   19, 1.00,    4, 0.000, 0.000, 0.220, 61
train,    108, 17.467067,   10, 1.00,    3, 0.000, 0.000, 0.220, 61
train,    109, 32.384209,   13, 1.00,    2, 0.000, 0.000, 0.220, 61
train,    110, 3.516096,    7, 1.00,    1, 0.000, 0.000, 0.220, 61
train,    111, -8.641962,    2, 1.00,    2, 0.000, 0.000, 0.220, 61
train,    112, 16.948558,    9, 1.00,    4, 0.000, 0.000, 0.220, 61
train,    113, 17.009546,   13, 1.00,    3, 0.000, 0.000, 0.220, 62
train,    114, 43.629074,   27, 1.00,    7, 0.000, 0.000, 0.220, 62
train,    115, -0.489172,    5, 1.00,    1, 0.000, 0.000, 0.220, 62
train,    116, -0.946792,    5, 1.00,    2, 0.000, 0.000, 0.220, 62
train,    117, -1.026429,    4, 1.00,    2, 0.000, 0.000, 0.220, 62
train,    118, -2.441909,    4, 1.00,    2, 0.000, 0.000, 0.220, 62
train,    119, 14.616985,    8, 1.00,    2, 0.000, 0.000, 0.220, 62
train,    120, -7.397103,    2, 1.00,    2, 0.000, 0.000, 0.220, 62
train,    121, 5.358665,    6, 1.00,    1, 0.000, 0.000, 0.220, 62
train,    122, 4.309024,    6, 1.00,    2, 0.000, 0.000, 0.220, 62
train,    123, -3.618051,    5, 1.00,    1, 0.000, 0.000, 0.220, 62
train,    124, 17.427178,   18, 1.00,    3, 0.000, 0.000, 0.220, 62
val_save, 124, 20.639422, 1.0000,  10.2000,   3.0000, 0.0000,  28.5720
val,      124, 20.639422, 1.0000,  10.2000,   3.0000, 0.0000,  28.5720
train,    125, 9.754143,    8, 1.00,    4, 0.000, 0.000, 0.220, 63
train,    126, 25.213273,   14, 1.00,    4, 0.000, 0.000, 0.220, 63
train,    127, 14.373698,   10, 1.00,    1, 0.000, 0.000, 0.220, 63
train,    128, -4.964030,    3, 1.00,    1, 0.000, 0.000, 0.220, 63
train,    129, 23.435943,   11, 1.00,    2, 0.000, 0.000, 0.220, 63
train,    130, 7.704654,    6, 1.00,    2, 0.000, 0.000, 0.220, 63
train,    131, 4.353394,    5, 1.00,    1, 0.000, 0.000, 0.220, 63
train,    132, 31.809219,   17, 1.00,    6, 0.000, 0.000, 0.220, 63
train,    133, 5.326756,    6, 1.00,    3, 0.000, 0.000, 0.220, 63
train,    134, 4.814120,    5, 1.00,    1, 0.000, 0.000, 0.220, 63
train,    135, -1.491029,    4, 1.00,    2, 0.000, 0.000, 0.220, 63
train,    136, 15.882528,   10, 1.00,    4, 0.000, 0.000, 0.220, 64
train,    137, 0.166012,    5, 1.00,    3, 0.000, 0.000, 0.220, 64
train,    138, 36.437882,   15, 1.00,    5, 0.000, 0.000, 0.220, 64
train,    139, -0.240196,    5, 1.00,    2, 0.000, 0.000, 0.220, 64
train,    140, 16.589512,   10, 1.00,    2, 0.000, 0.000, 0.220, 64
train,    141, 37.395773,   14, 1.00,    1, 0.000, 0.000, 0.220, 64
train,    142, 41.097681,   25, 1.00,    3, 0.000, 0.000, 0.220, 64
train,    143, 2.572536,    5, 1.00,    1, 0.000, 0.000, 0.220, 64
train,    144, 6.840937,    8, 1.00,    2, 0.000, 0.000, 0.220, 64
train,    145, 26.935901,   13, 1.00,    3, 0.000, 0.000, 0.220, 64
train,    146, -0.234518,    5, 1.00,    1, 0.000, 0.000, 0.220, 64
train,    147, 46.766830,   16, 1.00,    3, 0.000, 0.000, 0.220, 64
update,   147,    2,  648, 6.300106, -0.000000
train,    148, 16.118154,    9, 1.00,    2, 0.000, 0.000, 0.220, 65
train,    149, -0.373305,    5, 1.00,    2, 0.000, 0.000, 0.220, 65
val,      149, 9.470477, 1.0000,   7.2000,   3.2000, 0.0000,  26.9828
train,    150, 51.648821,   18, 1.00,    4, 0.000, 0.000, 0.220, 65
train,    151, -5.959651,    3, 1.00,    2, 0.000, 0.000, 0.220, 65
train,    152, 31.426565,   27, 1.00,    6, 0.000, 0.000, 0.220, 65
train,    153, -8.988461,    1, 1.00,    1, 0.000, 0.000, 0.220, 65
train,    154, 23.462967,   12, 1.00,    4, 0.000, 0.000, 0.220, 65
train,    155, -0.290814,    4, 1.00,    2, 0.000, 0.000, 0.220, 65
train,    156, 11.180150,   10, 1.00,    4, 0.000, 0.000, 0.220, 65
train,    157, -7.366035,    2, 1.00,    2, 0.000, 0.000, 0.220, 65
train,    158, 30.609146,   13, 1.00,    3, 0.000, 0.000, 0.220, 65
train,    159, 9.849363,    7, 1.00,    2, 0.000, 0.000, 0.220, 65
train,    160, 29.828629,   21, 1.00,    4, 0.000, 0.000, 0.220, 66
train,    161, 51.836680,   20, 1.00,    6, 0.000, 0.000, 0.220, 66
train,    162, 33.565767,   17, 1.00,    4, 0.000, 0.000, 0.220, 66
train,    163, 12.615278,   10, 1.00,    1, 0.000, 0.000, 0.220, 66
train,    164, 4.717874,    6, 1.00,    1, 0.000, 0.000, 0.220, 66
train,    165, 19.092862,   10, 1.00,    1, 0.000, 0.000, 0.220, 66
train,    166, 12.440692,    7, 1.00,    3, 0.000, 0.000, 0.220, 66
train,    167, 10.891758,    8, 1.00,    1, 0.000, 0.000, 0.220, 66
train,    168, -7.882317,    2, 1.00,    2, 0.000, 0.000, 0.220, 66
train,    169, -4.517033,    3, 1.00,    1, 0.000, 0.000, 0.220, 66
train,    170, 26.936862,   14, 1.00,    4, 0.000, 0.000, 0.220, 66
train,    171, 12.074925,    8, 1.00,    4, 0.000, 0.000, 0.220, 66
train,    172, 12.111536,    8, 1.00,    3, 0.000, 0.000, 0.220, 67
train,    173, 9.614884,    7, 1.00,    1, 0.000, 0.000, 0.220, 67
train,    174, 5.767938,    7, 1.00,    1, 0.000, 0.000, 0.220, 67
val,      174, 8.711342, 1.0000,   6.6000,   2.0000, 0.0000,  26.8917
train,    175, 7.725649,    8, 1.00,    3, 0.000, 0.000, 0.220, 67
train,    176, -4.120925,    4, 1.00,    0, 0.000, 0.000, 0.220, 67
train,    177, 2.118215,    5, 1.00,    1, 0.000, 0.000, 0.220, 67
train,    178, -5.144134,    3, 1.00,    2, 0.000, 0.000, 0.220, 67
train,    179, 10.344359,    7, 1.00,    1, 0.000, 0.000, 0.220, 67
train,    180, 40.950310,   18, 1.00,    3, 0.000, 0.000, 0.220, 67
train,    181, 7.097844,    6, 1.00,    2, 0.000, 0.000, 0.220, 67
train,    182, 3.602231,    6, 1.00,    2, 0.000, 0.000, 0.220, 67
train,    183, 15.611610,    7, 1.00,    1, 0.000, 0.000, 0.220, 67
train,    184, 20.260152,   12, 1.00,    3, 0.000, 0.000, 0.220, 68
train,    185, -8.720811,    2, 1.00,    2, 0.000, 0.000, 0.220, 68
train,    186, 6.442752,    6, 1.00,    2, 0.000, 0.000, 0.220, 68
train,    187, -1.022625,    5, 1.00,    2, 0.000, 0.000, 0.220, 68
train,    188, 15.221671,    8, 1.00,    3, 0.000, 0.000, 0.220, 68
train,    189, -7.362892,    2, 1.00,    1, 0.000, 0.000, 0.220, 68
train,    190, 2.274995,    5, 1.00,    2, 0.000, 0.000, 0.220, 68
train,    191, 36.391190,   13, 1.00,    5, 0.000, 0.000, 0.220, 68
train,    192, 9.056971,    8, 1.00,    3, 0.000, 0.000, 0.220, 68
train,    193, 29.281068,   13, 1.00,    4, 0.000, 0.000, 0.220, 68
train,    194, -2.171713,    4, 1.00,    2, 0.000, 0.000, 0.220, 68
train,    195, 6.843847,    6, 1.00,    2, 0.000, 0.000, 0.220, 68
train,    196, -3.674246,    3, 1.00,    2, 0.000, 0.000, 0.220, 69
