init,     2026-04-13 15:09:29.936210
arguments,Namespace(PPO_epochs=4, adv_norm=1, alg='ppo', cuda=0, curriculum_clean_ratio=0.97, curriculum_entropy_decay=0.95, curriculum_mode='adaptive', curriculum_noise_step=0.003, curriculum_patience=4, entropy=0.22, entropy_min=0.1, eps_clip=0.12, gae_lambda=0.98, gamma=0.997, grad_clip=0.4, gymip_train_xml='inverted_pendulum_ChangeThk_0.050000.xml', hid_group_num=8, hid_group_size=8, hidden_num=64, ignore_checkpoint=True, lane_profile='auto', lr=0.00032, max_noise=0.015, mini_batch_size=224, model='rwtaspk', monitor_time=False, optimizer='rmsprop', rep=11, response_window=40, reward_scale=0.9, road_scenario='highway', rollout_steps=896, rwta_del_connection='none', seed=19984, snn_num_steps=15, task='gymip', thread=-1, traffic_level='dense', train_num=4800, warm_start_kind='none', warm_start_prefix='')
seed,     19984
model_dir,/root/autodl-tmp/SVPG2023/LANE/training_runs/ours/highway_dense/models
log_dir,  /root/autodl-tmp/SVPG2023/LANE/training_runs/ours/highway_dense/logs
profile,  lane auto-stabilize: lr->0.0005, gamma->0.995, PPO_epochs->4, eps_clip->0.15, rollout_steps->512, mini_batch_size->128, gae_lambda->0.97, grad_clip->0.5, curriculum_clean_ratio->0.8, max_noise->0.08, curriculum_noise_step->0.02, lr->0.00032, gamma->0.997, entropy->0.22, eps_clip->0.12, rollout_steps->896, mini_batch_size->224, gae_lambda->0.98, reward_scale->0.9, grad_clip->0.4, curriculum_clean_ratio->0.97, max_noise->0.015, curriculum_noise_step->0.003, curriculum_patience->3, curriculum_entropy_decay->0.94, curriculum_patience->4, curriculum_entropy_decay->0.95, train_num->4800
train,    1, 19.683168,   11, 1.00,    2, 0.000, 0.000, 0.220, 44
train,    2, 5.864325,    9, 1.00,    3, 0.000, 0.000, 0.220, 44
train,    3, 8.993798,    8, 1.00,    2, 0.000, 0.000, 0.220, 44
train,    4, 17.448525,   13, 1.00,    3, 0.000, 0.000, 0.220, 44
train,    5, 23.187258,   17, 1.00,    3, 0.000, 0.000, 0.220, 44
train,    6, 18.060588,    9, 1.00,    2, 0.000, 0.000, 0.220, 44
train,    7, -3.497924,    3, 1.00,    1, 0.000, 0.000, 0.220, 44
train,    8, 4.642615,    6, 1.00,    1, 0.000, 0.000, 0.220, 44
train,    9, 7.441147,    7, 1.00,    1, 0.000, 0.000, 0.220, 44
train,    10, 14.324566,   10, 1.00,    3, 0.000, 0.000, 0.220, 45
train,    11, 33.826969,   20, 1.00,    6, 0.000, 0.000, 0.220, 45
train,    12, 10.695749,    8, 1.00,    2, 0.000, 0.000, 0.220, 45
train,    13, 7.727879,    6, 1.00,    1, 0.000, 0.000, 0.220, 45
train,    14, 50.150915,   19, 1.00,    2, 0.000, 0.000, 0.220, 45
train,    15, 10.522784,    7, 1.00,    1, 0.000, 0.000, 0.220, 45
train,    16, -2.537774,    3, 1.00,    1, 0.000, 0.000, 0.220, 45
train,    17, 19.801381,   26, 1.00,    7, 0.000, 0.000, 0.220, 45
train,    18, -5.810155,    3, 1.00,    1, 0.000, 0.000, 0.220, 45
train,    19, 20.047185,   12, 1.00,    3, 0.000, 0.000, 0.220, 45
train,    20, 47.664847,   24, 1.00,    5, 0.000, 0.000, 0.220, 45
train,    21, 8.989389,    6, 1.00,    1, 0.000, 0.000, 0.220, 45
train,    22, 3.468645,    6, 1.00,    2, 0.000, 0.000, 0.220, 45
train,    23, 2.396175,    6, 1.00,    2, 0.000, 0.000, 0.220, 45
train,    24, 12.929607,    8, 1.00,    2, 0.000, 0.000, 0.220, 45
val_save, 24, 17.904585, 1.0000,  10.6000,   2.8000, 0.0000,  27.7786
val,      24, 17.904585, 1.0000,  10.6000,   2.8000, 0.0000,  27.7786
train,    25, 55.724992,   25, 1.00,    6, 0.000, 0.000, 0.220, 45
train,    26, -6.275161,    2, 1.00,    1, 0.000, 0.000, 0.220, 45
train,    27, -0.595971,    4, 1.00,    1, 0.000, 0.000, 0.220, 45
train,    28, 29.171328,   26, 1.00,    6, 0.000, 0.000, 0.220, 45
train,    29, -1.443196,    4, 1.00,    1, 0.000, 0.000, 0.220, 46
train,    30, 17.365676,   10, 1.00,    2, 0.000, 0.000, 0.220, 46
train,    31, 32.986691,   23, 1.00,    5, 0.000, 0.000, 0.220, 46
train,    32, -2.737260,    4, 1.00,    1, 0.000, 0.000, 0.220, 46
train,    33, 51.388208,   21, 1.00,    6, 0.000, 0.000, 0.220, 46
train,    34, 101.821916,   48, 1.00,   11, 0.000, 0.000, 0.220, 46
train,    35, 39.438333,   23, 1.00,    3, 0.000, 0.000, 0.220, 46
train,    36, 11.252310,    9, 1.00,    1, 0.000, 0.000, 0.220, 46
train,    37, 23.312073,   11, 1.00,    4, 0.000, 0.000, 0.220, 46
train,    38, 6.068614,    6, 1.00,    1, 0.000, 0.000, 0.220, 46
train,    39, 8.850838,    7, 1.00,    2, 0.000, 0.000, 0.220, 46
train,    40, 26.983808,   15, 1.00,    3, 0.000, 0.000, 0.220, 46
train,    41, 7.533821,   11, 1.00,    1, 0.000, 0.000, 0.220, 46
train,    42, 16.821170,   10, 1.00,    1, 0.000, 0.000, 0.220, 46
train,    43, 10.477638,    7, 1.00,    1, 0.000, 0.000, 0.220, 46
train,    44, 7.643865,    7, 1.00,    1, 0.000, 0.000, 0.220, 46
train,    45, 11.791856,    9, 1.00,    1, 0.000, 0.000, 0.220, 46
train,    46, 27.322387,   14, 1.00,    2, 0.000, 0.000, 0.220, 46
train,    47, 2.562003,    5, 1.00,    2, 0.000, 0.000, 0.220, 46
train,    48, -1.152051,    4, 1.00,    1, 0.000, 0.000, 0.220, 47
train,    49, 63.056657,   33, 1.00,    7, 0.000, 0.000, 0.220, 47
val_save, 49, 25.532490, 1.0000,  12.4000,   3.2000, 0.0000,  27.0887
val,      49, 25.532490, 1.0000,  12.4000,   3.2000, 0.0000,  27.0887
train,    50, 1.223351,    5, 1.00,    1, 0.000, 0.000, 0.220, 47
train,    51, -4.957632,    2, 1.00,    1, 0.000, 0.000, 0.220, 47
train,    52, 22.905733,   18, 1.00,    4, 0.000, 0.000, 0.220, 47
train,    53, 13.394340,   10, 1.00,    3, 0.000, 0.000, 0.220, 47
train,    54, 50.069951,   24, 1.00,    7, 0.000, 0.000, 0.220, 47
train,    55, 17.130760,   10, 1.00,    1, 0.000, 0.000, 0.220, 47
train,    56, -0.257282,    4, 1.00,    1, 0.000, 0.000, 0.220, 47
train,    57, 5.705608,    5, 1.00,    2, 0.000, 0.000, 0.220, 47
train,    58, 18.501542,   10, 1.00,    3, 0.000, 0.000, 0.220, 47
train,    59, -0.948037,    3, 1.00,    1, 0.000, 0.000, 0.220, 47
train,    60, 13.411131,   10, 1.00,    2, 0.000, 0.000, 0.220, 47
train,    61, 2.449394,    4, 1.00,    0, 0.000, 0.000, 0.220, 47
train,    62, -0.007172,    4, 1.00,    1, 0.000, 0.000, 0.220, 47
train,    63, 28.777100,   15, 1.00,    1, 0.000, 0.000, 0.220, 47
train,    64, 21.063026,   10, 1.00,    2, 0.000, 0.000, 0.220, 47
train,    65, 4.586801,    6, 1.00,    2, 0.000, 0.000, 0.220, 47
train,    66, 29.836998,   14, 1.00,    3, 0.000, 0.000, 0.220, 47
train,    67, 6.085471,    5, 1.00,    1, 0.000, 0.000, 0.220, 48
train,    68, -0.235050,    4, 1.00,    1, 0.000, 0.000, 0.220, 48
train,    69, 66.999366,   31, 1.00,    6, 0.000, 0.000, 0.220, 48
train,    70, 31.510767,   16, 1.00,    2, 0.000, 0.000, 0.220, 48
train,    71, 29.090701,   15, 1.00,    2, 0.000, 0.000, 0.220, 48
train,    72, 3.398086,    9, 1.00,    1, 0.000, 0.000, 0.220, 48
train,    73, 15.346894,    9, 1.00,    1, 0.000, 0.000, 0.220, 48
train,    74, 28.585914,   16, 1.00,    3, 0.000, 0.000, 0.220, 48
val,      74, 19.531223, 1.0000,  10.4000,   2.6000, 0.0000,  27.9816
train,    75, 13.093946,    8, 1.00,    1, 0.000, 0.000, 0.220, 48
train,    76, -3.787216,    3, 1.00,    1, 0.000, 0.000, 0.220, 48
train,    77, 19.996150,   11, 1.00,    3, 0.000, 0.000, 0.220, 48
train,    78, 24.982114,   14, 1.00,    5, 0.000, 0.000, 0.220, 48
train,    79, 25.306259,   12, 1.00,    3, 0.000, 0.000, 0.220, 48
train,    80, 2.936714,    6, 1.00,    2, 0.000, 0.000, 0.220, 48
update,   80,    1,  898, 8.231581, -0.000000
train,    81, -6.019116,    2, 1.00,    1, 0.000, 0.000, 0.220, 48
train,    82, 39.110818,   21, 1.00,    5, 0.000, 0.000, 0.220, 48
train,    83, 0.010559,    4, 1.00,    2, 0.000, 0.000, 0.220, 48
train,    84, 22.028186,   13, 1.00,    3, 0.000, 0.000, 0.220, 48
train,    85, 10.326756,    6, 1.00,    1, 0.000, 0.000, 0.220, 48
train,    86, 52.964205,   23, 1.00,    5, 0.000, 0.000, 0.220, 49
train,    87, 32.508053,   20, 1.00,    5, 0.000, 0.000, 0.220, 49
train,    88, 12.421173,    8, 1.00,    2, 0.000, 0.000, 0.220, 49
train,    89, 23.560301,   16, 1.00,    5, 0.000, 0.000, 0.220, 49
train,    90, 1.327614,    4, 1.00,    1, 0.000, 0.000, 0.220, 49
train,    91, 18.257075,    9, 1.00,    1, 0.000, 0.000, 0.220, 49
train,    92, 2.304033,    9, 1.00,    3, 0.000, 0.000, 0.220, 49
train,    93, 24.200406,   11, 1.00,    3, 0.000, 0.000, 0.220, 49
train,    94, 15.066738,    9, 1.00,    3, 0.000, 0.000, 0.220, 49
train,    95, -4.842372,    2, 1.00,    1, 0.000, 0.000, 0.220, 49
train,    96, 28.690383,   16, 1.00,    4, 0.000, 0.000, 0.220, 49
train,    97, -2.844057,    3, 1.00,    1, 0.000, 0.000, 0.220, 49
train,    98, 5.378698,    7, 1.00,    1, 0.000, 0.000, 0.220, 49
train,    99, 9.001201,    7, 1.00,    1, 0.000, 0.000, 0.220, 49
val,      99, 15.516140, 1.0000,  10.0000,   2.4000, 0.0000,  27.2441
train,    100, 32.805660,   15, 1.00,    4, 0.000, 0.000, 0.220, 49
