init,     2026-04-15 21:18:12.037581
arguments,Namespace(PPO_epochs=4, adv_norm=1, alg='ppo', cuda=-1, curriculum_clean_ratio=0.99, curriculum_entropy_decay=0.95, curriculum_mode='adaptive', curriculum_noise_step=0.001, curriculum_patience=4, entropy=0.18, entropy_min=0.1, eps_clip=0.12, gae_lambda=0.99, gamma=0.998, grad_clip=0.4, gymip_train_xml='inverted_pendulum_ChangeThk_0.050000.xml', hid_group_num=8, hid_group_size=8, hidden_num=64, ignore_checkpoint=False, lane_profile='auto', lr=0.00032, max_noise=0.008, mini_batch_size=224, model='rwtaspk', monitor_time=False, optimizer='rmsprop', rep=11, response_window=40, reward_scale=0.9, road_scenario='highway', rollout_steps=896, rwta_del_connection='none', seed=42, snn_num_steps=15, task='gymip', thread=-1, traffic_level='dense', train_envs=8, train_num=4800, warm_start_kind='none', warm_start_prefix='')
seed,     42
model_dir,/root/autodl-tmp/SVPG2023/LANE/training_runs/ours/highway_dense/models
log_dir,  /root/autodl-tmp/SVPG2023/LANE/training_runs/ours/highway_dense/logs
profile,  lane auto-stabilize: lr->0.0005, gamma->0.995, PPO_epochs->4, eps_clip->0.15, rollout_steps->512, mini_batch_size->128, gae_lambda->0.97, grad_clip->0.5, curriculum_clean_ratio->0.8, max_noise->0.08, curriculum_noise_step->0.02, lr->0.00032, gamma->0.998, entropy->0.18, eps_clip->0.12, rollout_steps->896, mini_batch_size->224, gae_lambda->0.99, reward_scale->0.9, grad_clip->0.4, curriculum_clean_ratio->0.99, max_noise->0.008, curriculum_noise_step->0.001, curriculum_patience->3, curriculum_entropy_decay->0.94, curriculum_patience->4, curriculum_entropy_decay->0.95, train_num->4800, train_envs->8
parallel, train_envs 8
train,    4, 5.943126,    9, 1.00,    2, 0.000, 0.000, 0.180, 40
train,    6, 10.743580,   17, 1.00,    2, 0.000, 0.000, 0.180, 40
train,    7, 28.185889,   24, 1.00,    4, 0.000, 0.000, 0.180, 40
train,    10, 6.539144,   14, 1.00,    0, 0.000, 0.000, 0.180, 40
train,    8, 59.291949,   31, 1.00,    5, 0.000, 0.000, 0.180, 40
train,    1, 50.409942,   34, 1.00,    4, 0.000, 0.000, 0.180, 40
train,    5, 40.840115,   34, 1.00,    3, 0.000, 0.000, 0.180, 40
train,    2, 65.275725,   41, 1.00,    5, 0.000, 0.000, 0.180, 40
train,    15, 6.877894,   10, 1.00,    3, 0.000, 0.000, 0.180, 40
train,    16, 9.991721,   12, 1.00,    1, 0.000, 0.000, 0.180, 40
train,    18, 15.534766,   11, 1.00,    2, 0.000, 0.000, 0.180, 40
train,    13, 65.810091,   37, 1.00,   15, 0.000, 0.000, 0.180, 40
train,    11, 61.411531,   50, 1.00,   13, 0.000, 0.000, 0.180, 40
train,    19, 27.252236,   17, 1.00,    3, 0.000, 0.000, 0.180, 40
train,    12, 86.899780,   59, 1.00,   11, 0.000, 0.000, 0.180, 40
train,    22, 21.294607,   16, 1.00,    3, 0.000, 0.000, 0.180, 40
update,   24,    1,  896, 37.061718, 0.000000
train,    24, 38.265094,   20, 1.00,    1, 0.000, 0.000, 0.180, 40
val_save, 24, 68.932924, 0.9000,  49.4000,   6.7000, 0.0000,  25.8965
val,      24, 68.932924, 0.9000,  49.4000,   6.7000, 0.0000,  25.8965
traffic_val,24, 40, 0.6667,  81.6667, 0.1667,  26.1506
train,    25, -4.752169,    9, 1.00,    1, 0.000, 0.000, 0.180, 40
train,    14, 125.985260,  101, 1.00,   16, 0.000, 0.000, 0.180, 40
train,    23, 110.723511,   65, 1.00,   13, 0.000, 0.000, 0.180, 40
train,    27, 34.487698,   26, 1.00,    5, 0.000, 0.000, 0.180, 40
train,    29, 0.921525,    7, 1.00,    1, 0.000, 0.000, 0.180, 40
train,    28, 19.653342,   15, 1.00,    4, 0.000, 0.000, 0.180, 40
train,    26, 60.433151,   49, 1.00,    9, 0.000, 0.000, 0.180, 40
train,    31, 1.902023,    8, 1.00,    3, 0.000, 0.000, 0.180, 40
train,    32, 7.374785,   10, 1.00,    4, 0.000, 0.000, 0.180, 40
train,    30, 26.778881,   23, 1.00,    3, 0.000, 0.000, 0.180, 40
train,    34, -2.534805,    6, 1.00,    1, 0.000, 0.000, 0.180, 40
train,    33, 23.494611,   13, 1.00,    3, 0.000, 0.000, 0.180, 40
train,    36, 1.028233,    6, 1.00,    2, 0.000, 0.000, 0.180, 40
train,    3, 430.556198,  200, 0.00,   27, 0.000, 0.000, 0.180, 40
train,    9, 414.117994,  200, 0.00,   23, 0.000, 0.000, 0.180, 40
train,    39, 12.299668,   13, 1.00,    1, 0.000, 0.000, 0.180, 40
train,    20, 262.480653,  152, 1.00,   24, 0.000, 0.000, 0.180, 40
update,   42,    2,  896, 38.480103, 0.000000
train,    41, 33.077695,   18, 1.00,    3, 0.000, 0.000, 0.180, 40
train,    38, 59.978860,   39, 1.00,    9, 0.000, 0.000, 0.180, 40
train,    17, 360.802520,  200, 0.00,   19, 0.000, 0.000, 0.180, 40
train,    40, 44.436982,   38, 1.00,    6, 0.000, 0.000, 0.180, 40
train,    44, 32.754051,   19, 1.00,    2, 0.000, 0.000, 0.180, 40
train,    46, 0.066162,    8, 1.00,    1, 0.000, 0.000, 0.180, 40
train,    43, 47.897068,   31, 1.00,    4, 0.000, 0.000, 0.180, 40
train,    45, 32.346715,   24, 1.00,    3, 0.000, 0.000, 0.180, 40
train,    21, 451.520086,  200, 0.00,   19, 0.000, 0.000, 0.180, 40
train,    35, 116.844941,   94, 1.00,    9, 0.000, 0.000, 0.180, 40
train,    47, 63.837488,   34, 1.00,    9, 0.000, 0.000, 0.180, 40
train,    52, 28.036988,   20, 1.00,    5, 0.000, 0.000, 0.180, 40
train,    51, 59.412599,   33, 1.00,    7, 0.000, 0.000, 0.180, 40
train,    50, 75.440200,   66, 1.00,   12, 0.000, 0.000, 0.180, 40
update,   56,    3,  896, 45.963764, -0.000000
train,    56, 30.906636,   21, 1.00,    3, 0.000, 0.000, 0.180, 40
train,    55, 46.224795,   50, 1.00,   11, 0.000, 0.000, 0.180, 40
train,    58, 5.302900,   11, 1.00,    5, 0.000, 0.000, 0.180, 40
train,    37, 421.950574,  200, 0.00,   24, 0.000, 0.000, 0.180, 40
train,    57, 57.611554,   37, 1.00,   11, 0.000, 0.000, 0.180, 40
train,    61, -8.116437,    4, 1.00,    2, 0.000, 0.000, 0.180, 40
train,    62, 6.971062,   10, 1.00,    2, 0.000, 0.000, 0.180, 40
train,    60, 10.761228,   15, 1.00,    3, 0.000, 0.000, 0.180, 40
train,    59, 67.673927,   40, 1.00,    8, 0.000, 0.000, 0.180, 40
train,    63, 0.529533,    7, 1.00,    1, 0.000, 0.000, 0.180, 40
train,    65, -2.380945,    6, 1.00,    1, 0.000, 0.000, 0.180, 40
train,    42, 426.982763,  200, 0.00,   21, 0.000, 0.000, 0.180, 40
train,    68, 15.079702,   12, 1.00,    2, 0.000, 0.000, 0.180, 40
train,    66, 19.466425,   23, 1.00,    3, 0.000, 0.000, 0.180, 40
train,    70, -4.732729,    6, 1.00,    2, 0.000, 0.000, 0.180, 40
train,    71, -8.714015,    4, 1.00,    3, 0.000, 0.000, 0.180, 40
update,   72,    4,  896, 53.814659, 0.000000
train,    69, 17.925766,   21, 1.00,    4, 0.000, 0.000, 0.180, 40
train,    48, 390.286532,  200, 0.00,   29, 0.000, 0.000, 0.180, 40
train,    72, 9.172252,   11, 1.00,    3, 0.000, 0.000, 0.180, 40
train,    49, 445.895773,  200, 0.00,   17, 0.000, 0.000, 0.180, 40
val,      49, 43.564444, 1.0000,  28.3000,   5.7000, 0.0000,  27.1359
traffic_val,49, 40, 0.8333,  59.5000, 0.1667,  26.0641
train,    53, 388.337916,  200, 0.00,   25, 0.000, 0.000, 0.180, 40
train,    73, 58.761444,   38, 1.00,    6, 0.000, 0.000, 0.180, 40
train,    76, 51.911547,   36, 1.00,   11, 0.000, 0.000, 0.180, 40
train,    54, 447.660950,  200, 0.00,   19, 0.000, 0.000, 0.180, 40
train,    78, 21.096166,   27, 1.00,    5, 0.000, 0.000, 0.180, 40
train,    77, 76.751034,   51, 1.00,   11, 0.000, 0.000, 0.180, 40
train,    79, 71.059856,   45, 1.00,    9, 0.000, 0.000, 0.180, 40
update,   83,    5,  896, 70.744377, -0.000000
train,    64, 371.970672,  200, 0.00,   40, 0.000, 0.000, 0.180, 40
train,    67, 427.983987,  200, 0.00,   19, 0.000, 0.000, 0.180, 40
train,    74, 454.450458,  200, 0.00,   21, 0.000, 0.000, 0.180, 40
val,      74, 53.824631, 1.0000,  31.9000,   7.4000, 0.0000,  27.3332
traffic_val,74, 40, 0.8333,  66.1667, 0.1667,  27.3220
train,    75, 485.485219,  200, 0.00,   17, 0.000, 0.000, 0.180, 40
update,   87,    6,  896, 119.536430, -0.000000
train,    86, 29.862794,   20, 1.00,    5, 0.000, 0.000, 0.180, 40
train,    87, 64.280192,   31, 1.00,    7, 0.000, 0.000, 0.180, 40
train,    89, 11.058637,   10, 1.00,    2, 0.000, 0.000, 0.180, 40
train,    80, 479.414006,  200, 0.00,   17, 0.000, 0.000, 0.180, 40
train,    91, -7.354617,    4, 1.00,    2, 0.000, 0.000, 0.180, 40
train,    92, 2.236402,    8, 1.00,    2, 0.000, 0.000, 0.180, 40
train,    88, 53.732622,   42, 1.00,    7, 0.000, 0.000, 0.180, 40
train,    81, 462.030800,  200, 0.00,   21, 0.000, 0.000, 0.180, 40
train,    82, 486.497889,  200, 0.00,   15, 0.000, 0.000, 0.180, 40
train,    83, 448.827185,  200, 0.00,   21, 0.000, 0.000, 0.180, 40
train,    93, 61.298393,   41, 1.00,    5, 0.000, 0.000, 0.180, 40
train,    96, 23.699772,   20, 1.00,    4, 0.000, 0.000, 0.180, 40
train,    94, 82.169460,   49, 1.00,   11, 0.000, 0.000, 0.180, 40
train,    90, 147.281860,   78, 1.00,   16, 0.000, 0.000, 0.180, 40
update,   101,    7,  896, 59.393372, 0.000000
train,    101, 15.970273,   14, 1.00,    3, 0.000, 0.000, 0.180, 40
train,    84, 399.521000,  200, 0.00,   23, 0.000, 0.000, 0.180, 40
train,    103, -4.843613,    5, 1.00,    1, 0.000, 0.000, 0.180, 40
train,    85, 322.476229,  200, 0.00,   20, 0.000, 0.000, 0.180, 40
train,    104, 23.547041,   18, 1.00,    2, 0.000, 0.000, 0.180, 40
train,    98, 102.464848,   77, 1.00,    7, 0.000, 0.000, 0.180, 40
train,    107, 0.711685,    7, 1.00,    3, 0.000, 0.000, 0.180, 40
train,    102, 109.097585,   53, 1.00,   14, 0.000, 0.000, 0.180, 40
train,    109, -8.117812,    4, 1.00,    1, 0.000, 0.000, 0.180, 40
train,    100, 155.903212,   86, 1.00,   15, 0.000, 0.000, 0.180, 40
train,    105, 57.007440,   47, 1.00,    8, 0.000, 0.000, 0.180, 40
train,    111, 7.233270,   11, 1.00,    1, 0.000, 0.000, 0.180, 40
train,    110, 6.635903,   16, 1.00,    2, 0.000, 0.000, 0.180, 40
train,    113, -3.705583,    5, 1.00,    1, 0.000, 0.000, 0.180, 40
train,    106, 63.715436,   45, 1.00,    9, 0.000, 0.000, 0.180, 40
train,    115, 26.173092,   18, 1.00,    3, 0.000, 0.000, 0.180, 40
update,   117,    8,  896, 48.122280, 0.000000
train,    117, 15.470823,   14, 1.00,    4, 0.000, 0.000, 0.180, 40
train,    116, 58.894246,   38, 1.00,    8, 0.000, 0.000, 0.180, 40
train,    95, 483.370996,  200, 0.00,   19, 0.000, 0.000, 0.180, 40
train,    114, 70.854568,   56, 1.00,   11, 0.000, 0.000, 0.180, 40
train,    119, 24.690073,   24, 1.00,    4, 0.000, 0.000, 0.180, 40
train,    97, 398.243313,  200, 0.00,   15, 0.000, 0.000, 0.180, 40
train,    122, 9.691773,    9, 1.00,    1, 0.000, 0.000, 0.180, 40
train,    120, 49.344814,   36, 1.00,    7, 0.000, 0.000, 0.180, 40
train,    99, 340.527219,  200, 0.00,   23, 0.000, 0.000, 0.180, 40
val_save, 99, 171.687445, 0.3000, 155.1000,  11.9000, 0.0000,  21.1877
val,      99, 171.687445, 0.3000, 155.1000,  11.9000, 0.0000,  21.1877
traffic_val,99, 40, 0.3333, 138.8333, 0.0000,  21.6284
traffic_curriculum,dense_traffic_mix keep 40 @ 0.76, next 48 @ 0.20, full 72 @ 0.04
curriculum,dense_stability_on noise_cap 0.0000 -> 0.0000, entropy 0.1800 -> 0.1200, best_length 155.1000
train,    125, 36.866158,   20, 1.00,    6, 0.000, 0.000, 0.180, 40
train,    124, 46.477266,   32, 1.00,    5, 0.000, 0.000, 0.180, 40
val,      124, 165.764323, 0.4000, 144.7000,   9.0000, 0.0000,  21.5366
traffic_val,124, 40, 0.6667,  84.6667, 0.1667,  22.1115
traffic_curriculum,dense_traffic_mix keep 40 @ 1.00, next 48 @ 0.00, full 72 @ 0.00
curriculum,dense_stability noise_cap 0.0000 -> 0.0000, entropy 0.1200 -> 0.1152
train,    127, 12.650003,   12, 1.00,    2, 0.000, 0.000, 0.120, 72
train,    123, 104.094699,   52, 1.00,   13, 0.000, 0.000, 0.180, 40
update,   130,    9,  896, 60.129177, 0.000000
train,    126, 76.375039,   63, 1.00,    9, 0.000, 0.000, 0.180, 40
train,    129, 72.386535,   41, 1.00,    9, 0.000, 0.000, 0.115, 40
train,    108, 470.040093,  200, 0.00,   23, 0.000, 0.000, 0.180, 40
train,    130, 67.725669,   57, 1.00,    9, 0.000, 0.000, 0.115, 40
train,    112, 437.112122,  200, 0.00,   17, 0.000, 0.000, 0.180, 40
train,    118, 404.946503,  200, 0.00,   21, 0.000, 0.000, 0.180, 40
train,    135, 68.633216,   39, 1.00,    7, 0.000, 0.000, 0.115, 40
train,    136, 10.273389,   10, 1.00,    3, 0.000, 0.000, 0.115, 40
train,    138, -7.485154,    4, 1.00,    2, 0.000, 0.000, 0.115, 40
train,    137, 23.892471,   17, 1.00,    4, 0.000, 0.000, 0.115, 40
train,    121, 463.768241,  200, 0.00,   25, 0.000, 0.000, 0.180, 40
update,   141,   10,  896, 83.905403, -0.000000
train,    141, -5.958688,    7, 1.00,    1, 0.000, 0.000, 0.115, 40
train,    139, 42.672087,   21, 1.00,    5, 0.000, 0.000, 0.115, 40
train,    142, 20.261842,   20, 1.00,    1, 0.000, 0.000, 0.115, 40
train,    140, 42.232353,   30, 1.00,    7, 0.000, 0.000, 0.115, 40
train,    133, 181.253752,  109, 1.00,   15, 0.000, 0.000, 0.115, 40
train,    143, 33.585985,   26, 1.00,    5, 0.000, 0.000, 0.115, 40
train,    147, 3.501246,   14, 1.00,    1, 0.000, 0.000, 0.115, 40
train,    128, 412.891333,  200, 0.00,   25, 0.000, 0.000, 0.120, 40
train,    146, 27.123317,   29, 1.00,    4, 0.000, 0.000, 0.115, 40
train,    145, 61.813809,   41, 1.00,   10, 0.000, 0.000, 0.115, 40
train,    151, -12.255763,    2, 1.00,    2, 0.000, 0.000, 0.115, 40
train,    149, 23.599013,   21, 1.00,    1, 0.000, 0.000, 0.115, 40
val_save, 149, 102.834058, 0.9000,  52.4000,  11.8000, 0.1000,  27.5132
val,      149, 102.834058, 0.9000,  52.4000,  11.8000, 0.1000,  27.5132
traffic_val,149, 40, 1.0000,  27.8333, 0.0000,  25.6921
curriculum,dense_reanchor_pending best_length 155.1000 current_length 52.4000 collision 0.9000
reanchor, 149, best_length  52.4000, current_length  52.4000, collision 0.9000
train,    153, -7.465993,    5, 1.00,    1, 0.000, 0.000, 0.115, 40
train,    144, 138.829337,   75, 1.00,   19, 0.000, 0.000, 0.115, 40
train,    131, 445.350105,  200, 0.00,   17, 0.000, 0.000, 0.115, 40
train,    155, -5.716964,    5, 1.00,    1, 0.000, 0.000, 0.111, 40
train,    132, 449.127726,  200, 0.00,   17, 0.000, 0.000, 0.115, 40
train,    150, 94.187946,   51, 1.00,    9, 0.000, 0.000, 0.115, 40
train,    157, 29.604923,   18, 1.00,    1, 0.000, 0.000, 0.111, 40
train,    154, 96.132090,   48, 1.00,   11, 0.000, 0.000, 0.111, 40
train,    134, 478.325006,  200, 0.00,   17, 0.000, 0.000, 0.115, 40
train,    159, 53.078521,   30, 1.00,    6, 0.000, 0.000, 0.111, 40
train,    160, 3.145644,   17, 1.00,    1, 0.000, 0.000, 0.111, 40
train,    156, 64.932314,   46, 1.00,    5, 0.000, 0.000, 0.111, 40
train,    158, 71.680169,   46, 1.00,   11, 0.000, 0.000, 0.111, 40
train,    163, 28.204026,   18, 1.00,    5, 0.000, 0.000, 0.111, 40
train,    165, 19.812675,   22, 1.00,    2, 0.000, 0.000, 0.111, 40
train,    166, 31.153121,   20, 1.00,    2, 0.000, 0.000, 0.111, 40
train,    168, 2.073903,   13, 1.00,    1, 0.000, 0.000, 0.111, 40
update,   170,   11,  896, 56.021023, -0.000000
train,    170, 12.887516,   12, 1.00,    3, 0.000, 0.000, 0.111, 40
train,    162, 129.494404,   67, 1.00,   13, 0.000, 0.000, 0.111, 40
train,    169, 64.728979,   41, 1.00,   10, 0.000, 0.000, 0.111, 40
train,    164, 121.617915,   77, 1.00,   13, 0.000, 0.000, 0.111, 40
train,    171, 76.942251,   45, 1.00,    9, 0.000, 0.000, 0.111, 40
train,    148, 329.679589,  200, 0.00,   15, 0.000, 0.000, 0.115, 40
train,    175, 38.639322,   22, 1.00,    3, 0.000, 0.000, 0.111, 40
train,    176, 2.740843,    8, 1.00,    3, 0.000, 0.000, 0.111, 40
train,    152, 480.108065,  200, 0.00,   15, 0.000, 0.000, 0.115, 40
train,    174, 61.298764,   60, 1.00,    5, 0.000, 0.000, 0.111, 40
val,      174, 66.513460, 0.9000,  45.7000,   8.1000, 0.1000,  26.4213
traffic_val,174, 40, 0.8333,  69.1667, 0.0000,  24.3026
curriculum,dense_reanchor_pending best_length 155.1000 current_length 45.7000 collision 0.9000
reanchor, 174, best_length  52.4000, current_length  45.7000, collision 0.9000
train,    178, 21.098855,   18, 1.00,    6, 0.000, 0.000, 0.111, 40
train,    179, 35.548278,   22, 1.00,    2, 0.000, 0.000, 0.111, 40
train,    172, 119.301817,  108, 1.00,   17, 0.000, 0.000, 0.111, 40
train,    180, 35.169707,   31, 1.00,    4, 0.000, 0.000, 0.111, 40
train,    184, -7.187791,    4, 1.00,    1, 0.000, 0.000, 0.106, 40
train,    185, -5.219939,    5, 1.00,    2, 0.000, 0.000, 0.106, 40
train,    183, 30.698467,   20, 1.00,    1, 0.000, 0.000, 0.106, 40
train,    182, 59.237451,   37, 1.00,    9, 0.000, 0.000, 0.106, 40
train,    161, 440.943422,  200, 0.00,   21, 0.000, 0.000, 0.111, 40
train,    186, 14.632449,   14, 1.00,    3, 0.000, 0.000, 0.106, 40
train,    189, -2.419392,    6, 1.00,    1, 0.000, 0.000, 0.106, 40
train,    188, 44.865548,   23, 1.00,    5, 0.000, 0.000, 0.106, 40
train,    167, 424.259042,  200, 0.00,   25, 0.000, 0.000, 0.111, 40
train,    192, 50.533634,   35, 1.00,    5, 0.000, 0.000, 0.106, 40
update,   194,   12,  896, 69.013535, 0.000000
train,    190, 103.816643,   60, 1.00,   17, 0.000, 0.000, 0.106, 40
train,    193, 50.431715,   35, 1.00,    7, 0.000, 0.000, 0.106, 40
train,    194, 13.951852,   12, 1.00,    3, 0.000, 0.000, 0.106, 40
train,    195, 15.437347,   12, 1.00,    3, 0.000, 0.000, 0.106, 40
train,    173, 453.563331,  200, 0.00,   19, 0.000, 0.000, 0.111, 40
train,    199, 3.733493,   10, 1.00,    1, 0.000, 0.000, 0.106, 40
val,      199, 58.305057, 1.0000,  43.8000,   9.9000, 0.0000,  25.2631
traffic_val,199, 40, 0.6667,  89.8333, 0.0000,  23.1750
curriculum,dense_reanchor_pending best_length 155.1000 current_length 43.8000 collision 1.0000
reanchor, 199, best_length  52.4000, current_length  43.8000, collision 1.0000
train,    198, 81.568402,   44, 1.00,    7, 0.000, 0.000, 0.106, 40
train,    196, 83.095339,   56, 1.00,    9, 0.000, 0.000, 0.106, 40
train,    200, 55.444534,   31, 1.00,    7, 0.000, 0.000, 0.106, 40
train,    177, 417.562390,  200, 0.00,   23, 0.000, 0.000, 0.111, 40
train,    203, 1.951417,    9, 1.00,    1, 0.000, 0.000, 0.106, 40
train,    202, 30.149823,   22, 1.00,    4, 0.000, 0.000, 0.106, 40
train,    206, -3.738233,    6, 1.00,    2, 0.000, 0.000, 0.106, 40
train,    181, 441.040464,  200, 0.00,   21, 0.000, 0.000, 0.106, 40
train,    207, -0.710810,    9, 1.00,    3, 0.000, 0.000, 0.106, 40
train,    204, 52.426013,   32, 1.00,    7, 0.000, 0.000, 0.106, 40
train,    205, 58.459228,   31, 1.00,    4, 0.000, 0.000, 0.106, 40
train,    210, 17.577939,   14, 1.00,    1, 0.000, 0.000, 0.106, 40
train,    212, 7.941871,    9, 1.00,    2, 0.000, 0.000, 0.106, 40
train,    208, 65.936358,   37, 1.00,    9, 0.000, 0.000, 0.106, 40
train,    211, 39.428948,   25, 1.00,    6, 0.000, 0.000, 0.106, 40
train,    215, -5.123155,    5, 1.00,    1, 0.000, 0.000, 0.106, 40
train,    187, 376.490693,  200, 0.00,   39, 0.000, 0.000, 0.106, 40
train,    216, 6.478148,    9, 1.00,    3, 0.000, 0.000, 0.106, 40
update,   218,   13,  896, 52.100292, 0.000000
train,    191, 281.492349,  200, 0.00,   33, 0.000, 0.000, 0.106, 40
train,    217, 20.637151,   17, 1.00,    6, 0.000, 0.000, 0.106, 40
train,    220, 4.633957,   10, 1.00,    1, 0.000, 0.000, 0.106, 40
train,    221, -4.966567,    3, 1.00,    1, 0.000, 0.000, 0.106, 40
train,    222, -12.031005,    3, 1.00,    2, 0.000, 0.000, 0.106, 40
train,    213, 77.051030,   43, 1.00,   14, 0.000, 0.000, 0.106, 40
train,    223, 1.514243,    8, 1.00,    2, 0.000, 0.000, 0.106, 40
train,    224, 11.040196,   11, 1.00,    3, 0.000, 0.000, 0.106, 40
val,      224, 29.445542, 1.0000,  20.6000,   4.6000, 0.0000,  27.1777
traffic_val,224, 40, 0.6667,  90.0000, 0.3333,  24.9239
traffic_curriculum,dense_traffic_mix keep 40 @ 0.66, next 48 @ 0.30, full 72 @ 0.04
curriculum,dense_reanchor_pending best_length 155.1000 current_length 20.6000 collision 1.0000
reanchor, 224, best_length  52.4000, current_length  20.6000, collision 1.0000
train,    197, 391.188107,  200, 0.00,   24, 0.000, 0.000, 0.106, 40
train,    227, 10.554741,   11, 1.00,    5, 0.000, 0.000, 0.106, 40
train,    225, 59.510231,   49, 1.00,   14, 0.000, 0.000, 0.106, 40
train,    228, 35.226011,   19, 1.00,    5, 0.000, 0.000, 0.106, 40
train,    230, -2.017706,    6, 1.00,    2, 0.000, 0.000, 0.106, 40
train,    218, 192.933274,  107, 1.00,   18, 0.000, 0.000, 0.106, 40
train,    201, 330.855487,  200, 0.00,   19, 0.000, 0.000, 0.106, 40
train,    231, 30.312237,   20, 1.00,    4, 0.000, 0.000, 0.106, 48
train,    232, 34.388416,   22, 1.00,    5, 0.000, 0.000, 0.106, 48
train,    234, 17.573373,   13, 1.00,    0, 0.000, 0.000, 0.106, 40
train,    233, 33.948517,   21, 1.00,    1, 0.000, 0.000, 0.106, 40
update,   237,   14,  896, 77.352036, -0.000000
train,    235, 31.866719,   23, 1.00,    4, 0.000, 0.000, 0.106, 48
train,    209, 422.073538,  200, 0.00,   21, 0.000, 0.000, 0.106, 40
train,    239, -11.323864,    2, 1.00,    1, 0.000, 0.000, 0.106, 40
train,    237, 46.588833,   25, 1.00,    4, 0.000, 0.000, 0.106, 40
train,    238, 9.379570,   15, 1.00,    3, 0.000, 0.000, 0.106, 48
train,    240, 22.218386,   17, 1.00,    5, 0.000, 0.000, 0.106, 40
train,    214, 447.504613,  200, 0.00,   17, 0.000, 0.000, 0.106, 40
train,    241, 20.965493,   24, 1.00,    2, 0.000, 0.000, 0.106, 40
train,    236, 87.180216,   53, 1.00,   15, 0.000, 0.000, 0.106, 48
train,    242, 30.552201,   21, 1.00,    6, 0.000, 0.000, 0.106, 40
train,    246, -5.448573,    5, 1.00,    2, 0.000, 0.000, 0.106, 40
train,    247, -7.742696,    5, 1.00,    1, 0.000, 0.000, 0.106, 48
train,    219, 454.836549,  200, 0.00,   27, 0.000, 0.000, 0.106, 40
train,    245, 31.076572,   21, 1.00,    5, 0.000, 0.000, 0.106, 48
train,    243, 66.093969,   40, 1.00,    9, 0.000, 0.000, 0.106, 40
train,    251, 3.739095,    9, 1.00,    2, 0.000, 0.000, 0.106, 48
train,    244, 69.053177,   32, 1.00,    8, 0.000, 0.000, 0.106, 40
train,    250, 17.998496,   13, 1.00,    1, 0.000, 0.000, 0.106, 48
train,    253, 17.178496,   18, 1.00,    3, 0.000, 0.000, 0.106, 48
train,    226, 369.693042,  200, 0.00,   23, 0.000, 0.000, 0.106, 40
train,    249, 63.757590,   50, 1.00,    7, 0.000, 0.000, 0.106, 40
val,      249, 69.008094, 0.9000,  60.5000,   6.1000, 0.0000,  26.0767
traffic_val,249, 40, 1.0000,  20.1667, 0.0000,  27.7919
traffic_curriculum,dense_traffic_mix keep 40 @ 1.00, next 48 @ 0.00, full 72 @ 0.00
curriculum,dense_reanchor_pending best_length 155.1000 current_length 60.5000 collision 0.9000
reanchor, 249, best_length  52.4000, current_length  60.5000, collision 0.9000
train,    254, 21.327677,   28, 1.00,    9, 0.000, 0.000, 0.106, 40
train,    258, -4.617752,    5, 1.00,    1, 0.000, 0.000, 0.106, 48
train,    252, 55.307824,   42, 1.00,    9, 0.000, 0.000, 0.106, 40
train,    261, -1.903457,    9, 1.00,    1, 0.000, 0.000, 0.106, 40
train,    260, 29.893540,   17, 1.00,    2, 0.000, 0.000, 0.106, 40
train,    256, 52.678326,   40, 1.00,    7, 0.000, 0.000, 0.106, 40
train,    262, 18.388336,   14, 1.00,    4, 0.000, 0.000, 0.106, 40
train,    229, 463.173232,  200, 0.00,   23, 0.000, 0.000, 0.106, 48
train,    264, 22.560939,   14, 1.00,    2, 0.000, 0.000, 0.106, 40
train,    263, 69.063050,   35, 1.00,    9, 0.000, 0.000, 0.106, 40
train,    268, 7.644630,   10, 1.00,    3, 0.000, 0.000, 0.106, 40
train,    267, 50.411107,   39, 1.00,    3, 0.000, 0.000, 0.106, 40
train,    259, 149.786259,  103, 1.00,   19, 0.000, 0.000, 0.106, 40
train,    271, -6.636045,    5, 1.00,    1, 0.000, 0.000, 0.106, 40
update,   272,   15,  896, 53.930271, 0.000000
train,    272, 1.820472,    8, 1.00,    3, 0.000, 0.000, 0.106, 40
train,    270, 52.319965,   45, 1.00,   11, 0.000, 0.000, 0.106, 40
train,    248, 388.800556,  200, 0.00,   27, 0.000, 0.000, 0.106, 40
train,    255, 340.867968,  200, 0.00,   25, 0.000, 0.000, 0.106, 40
train,    276, 8.510162,   10, 1.00,    3, 0.000, 0.000, 0.106, 40
train,    257, 318.548735,  200, 0.00,   33, 0.000, 0.000, 0.106, 48
train,    278, 7.836307,   12, 1.00,    2, 0.000, 0.000, 0.106, 40
train,    279, 8.499611,   11, 1.00,    2, 0.000, 0.000, 0.106, 40
update,   280,   16,  896, 83.267593, 0.000000
train,    265, 455.260137,  200, 0.00,   19, 0.000, 0.000, 0.106, 40
train,    266, 477.564125,  200, 0.00,   15, 0.000, 0.000, 0.106, 40
train,    275, 124.363871,   95, 1.00,   11, 0.000, 0.000, 0.106, 40
train,    281, 16.762078,   16, 1.00,    2, 0.000, 0.000, 0.106, 40
train,    282, 30.083849,   17, 1.00,    3, 0.000, 0.000, 0.106, 40
train,    269, 365.509766,  200, 0.00,   22, 0.000, 0.000, 0.106, 40
train,    284, 24.252883,   28, 1.00,    2, 0.000, 0.000, 0.106, 40
train,    286, 13.287149,   20, 1.00,    5, 0.000, 0.000, 0.106, 40
train,    288, -4.708210,    5, 1.00,    1, 0.000, 0.000, 0.106, 40
train,    283, 92.935134,   54, 1.00,    9, 0.000, 0.000, 0.106, 40
train,    289, 7.143287,   17, 1.00,    3, 0.000, 0.000, 0.106, 40
train,    273, 248.515202,  200, 0.00,   11, 0.000, 0.000, 0.106, 40
train,    290, 16.302362,   20, 1.00,    5, 0.000, 0.000, 0.106, 40
train,    274, 348.669775,  200, 0.00,   26, 0.000, 0.000, 0.106, 40
val,      274, 51.167444, 1.0000,  27.5000,   6.6000, 0.0000,  27.8788
traffic_val,274, 40, 0.8333,  60.3333, 0.1667,  28.2930
curriculum,dense_reanchor_pending best_length 155.1000 current_length 27.5000 collision 1.0000
reanchor, 274, best_length  52.4000, current_length  27.5000, collision 1.0000
train,    292, 23.019302,   17, 1.00,    4, 0.000, 0.000, 0.106, 40
train,    291, 29.713822,   33, 1.00,    4, 0.000, 0.000, 0.106, 40
train,    294, 49.961770,   26, 1.00,    6, 0.000, 0.000, 0.106, 40
train,    295, 30.263397,   21, 1.00,    3, 0.000, 0.000, 0.106, 40
train,    293, 57.380708,   39, 1.00,    9, 0.000, 0.000, 0.106, 40
train,    296, 39.537313,   20, 1.00,    6, 0.000, 0.000, 0.106, 40
train,    298, 3.781196,    8, 1.00,    1, 0.000, 0.000, 0.106, 40
train,    297, 26.537327,   16, 1.00,    5, 0.000, 0.000, 0.106, 40
train,    300, 6.679382,    9, 1.00,    2, 0.000, 0.000, 0.106, 40
train,    301, 7.653811,   13, 1.00,    1, 0.000, 0.000, 0.106, 40
train,    303, -3.306694,    7, 1.00,    1, 0.000, 0.000, 0.106, 40
train,    277, 491.118008,  200, 0.00,   19, 0.000, 0.000, 0.106, 40
train,    302, 33.681521,   21, 1.00,    6, 0.000, 0.000, 0.106, 40
train,    307, -7.123010,    4, 1.00,    1, 0.000, 0.000, 0.106, 40
train,    280, 488.107256,  200, 0.00,   17, 0.000, 0.000, 0.106, 40
train,    304, 70.123059,   42, 1.00,    6, 0.000, 0.000, 0.106, 40
train,    306, 59.169263,   41, 1.00,    6, 0.000, 0.000, 0.106, 40
train,    308, 65.848340,   32, 1.00,    8, 0.000, 0.000, 0.106, 40
train,    305, 86.526383,   51, 1.00,   10, 0.000, 0.000, 0.106, 40
train,    311, 8.441873,   10, 1.00,    2, 0.000, 0.000, 0.106, 40
train,    313, -3.196169,    6, 1.00,    2, 0.000, 0.000, 0.106, 40
train,    312, 4.932662,   10, 1.00,    2, 0.000, 0.000, 0.106, 40
update,   316,   17,  896, 53.759315, -0.000000
train,    315, 4.624783,    9, 1.00,    1, 0.000, 0.000, 0.106, 40
train,    309, 42.508305,   28, 1.00,    5, 0.000, 0.000, 0.106, 40
train,    316, 7.310110,   10, 1.00,    2, 0.000, 0.000, 0.106, 40
train,    319, -6.261544,    4, 1.00,    2, 0.000, 0.000, 0.106, 40
train,    285, 483.799455,  200, 0.00,   17, 0.000, 0.000, 0.106, 40
train,    314, 33.906548,   23, 1.00,    5, 0.000, 0.000, 0.106, 40
train,    321, -12.411970,    2, 1.00,    2, 0.000, 0.000, 0.106, 40
train,    318, 27.132628,   17, 1.00,    3, 0.000, 0.000, 0.106, 40
train,    323, 3.713560,    7, 1.00,    1, 0.000, 0.000, 0.106, 40
train,    287, 391.313343,  200, 0.00,   19, 0.000, 0.000, 0.106, 40
train,    325, 16.966422,   16, 1.00,    5, 0.000, 0.000, 0.106, 40
train,    326, 14.531417,   19, 1.00,    3, 0.000, 0.000, 0.106, 40
train,    327, 62.711602,   35, 1.00,    9, 0.000, 0.000, 0.106, 40
train,    328, 39.586700,   27, 1.00,    4, 0.000, 0.000, 0.106, 40
train,    329, 8.594416,   11, 1.00,    2, 0.000, 0.000, 0.106, 40
train,    331, 7.367083,   11, 1.00,    3, 0.000, 0.000, 0.106, 40
update,   332,   18,  896, 61.456425, -0.000000
train,    299, 430.931299,  200, 0.00,   27, 0.000, 0.000, 0.106, 40
val_save, 299, 85.403641, 0.9000,  54.3000,   8.8000, 0.1000,  26.2789
val,      299, 85.403641, 0.9000,  54.3000,   8.8000, 0.1000,  26.2789
traffic_val,299, 40, 0.6667,  78.5000, 0.1667,  26.6377
curriculum,dense_reanchor_pending best_length 155.1000 current_length 54.3000 collision 0.9000
reanchor, 299, best_length  54.3000, current_length  54.3000, collision 0.9000
train,    333, 20.530874,   14, 1.00,    4, 0.000, 0.000, 0.106, 40
train,    334, 1.396198,   14, 1.00,    4, 0.000, 0.000, 0.102, 40
train,    310, 394.340994,  200, 0.00,   21, 0.000, 0.000, 0.106, 40
train,    335, 55.576634,   38, 1.00,    5, 0.000, 0.000, 0.102, 40
train,    337, 8.352082,   11, 1.00,    4, 0.000, 0.000, 0.102, 40
train,    317, 474.823178,  200, 0.00,   15, 0.000, 0.000, 0.106, 40
train,    320, 364.010694,  200, 0.00,   21, 0.000, 0.000, 0.106, 40
train,    322, 379.520763,  200, 0.00,   22, 0.000, 0.000, 0.106, 40
train,    338, 29.165680,   24, 1.00,    5, 0.000, 0.000, 0.102, 40
train,    324, 343.474756,  200, 0.00,   29, 0.000, 0.000, 0.106, 40
val,      324, 37.542600, 1.0000,  29.6000,   4.9000, 0.0000,  26.1609
traffic_val,324, 40, 1.0000,  16.0000, 0.0000,  25.9878
curriculum,dense_reanchor_pending best_length 155.1000 current_length 29.6000 collision 1.0000
reanchor, 324, best_length  54.3000, current_length  29.6000, collision 1.0000
train,    339, 30.296370,   21, 1.00,    6, 0.000, 0.000, 0.102, 40
train,    340, 41.416190,   24, 1.00,    5, 0.000, 0.000, 0.102, 40
train,    345, 44.057694,   25, 1.00,    9, 0.000, 0.000, 0.102, 40
train,    341, 68.452693,   46, 1.00,    9, 0.000, 0.000, 0.102, 40
train,    346, 37.882558,   22, 1.00,    4, 0.000, 0.000, 0.102, 40
train,    330, 444.025956,  200, 0.00,   23, 0.000, 0.000, 0.106, 40
train,    347, 43.559972,   23, 1.00,    7, 0.000, 0.000, 0.102, 40
train,    332, 401.484079,  200, 0.00,   22, 0.000, 0.000, 0.106, 40
train,    344, 172.088895,   82, 1.00,   17, 0.000, 0.000, 0.102, 40
train,    351, 4.270427,    9, 1.00,    2, 0.000, 0.000, 0.102, 40
train,    353, 18.868881,   15, 1.00,    5, 0.000, 0.000, 0.102, 40
train,    348, 65.556317,   46, 1.00,    4, 0.000, 0.000, 0.102, 40
update,   355,   19,  896, 80.083328, 0.000000
train,    352, 55.280756,   50, 1.00,   13, 0.000, 0.000, 0.102, 40
train,    336, 443.603190,  200, 0.00,   23, 0.000, 0.000, 0.102, 40
train,    356, 57.972789,   30, 1.00,    8, 0.000, 0.000, 0.102, 40
train,    358, 32.047820,   16, 1.00,    4, 0.000, 0.000, 0.102, 40
train,    342, 415.495628,  200, 0.00,   19, 0.000, 0.000, 0.102, 40
train,    343, 465.340162,  200, 0.00,   21, 0.000, 0.000, 0.102, 40
train,    360, 32.370205,   18, 1.00,    4, 0.000, 0.000, 0.102, 40
train,    359, 49.193489,   34, 1.00,    2, 0.000, 0.000, 0.102, 40
train,    362, -13.278320,    2, 1.00,    2, 0.000, 0.000, 0.102, 40
update,   364,   20,  896, 95.398697, 0.000000
train,    364, 24.721897,   19, 1.00,    4, 0.000, 0.000, 0.102, 40
train,    363, 36.745734,   24, 1.00,    8, 0.000, 0.000, 0.102, 40
train,    349, 447.735953,  200, 0.00,   23, 0.000, 0.000, 0.102, 40
val_save, 349, 74.231934, 0.9000,  42.2000,   8.4000, 0.1000,  26.8182
val,      349, 74.231934, 0.9000,  42.2000,   8.4000, 0.1000,  26.8182
traffic_val,349, 40, 0.5000, 112.8333, 0.3333,  27.7024
traffic_curriculum,dense_traffic_mix keep 40 @ 0.66, next 48 @ 0.30, full 72 @ 0.04
curriculum,dense_reanchor_pending best_length 155.1000 current_length 42.2000 collision 0.9000
reanchor, 349, best_length  42.2000, current_length  42.2000, collision 0.9000
train,    350, 481.275607,  200, 0.00,   19, 0.000, 0.000, 0.102, 40
train,    365, 30.323207,   34, 1.00,    5, 0.000, 0.000, 0.102, 40
train,    366, 78.561031,   47, 1.00,   13, 0.000, 0.000, 0.102, 40
train,    369, 12.965120,   18, 1.00,    2, 0.000, 0.000, 0.100, 72
train,    370, -10.985980,    4, 1.00,    2, 0.000, 0.000, 0.100, 40
train,    354, 414.531914,  200, 0.00,   21, 0.000, 0.000, 0.102, 40
train,    355, 404.365753,  200, 0.00,   21, 0.000, 0.000, 0.102, 40
train,    374, -6.439049,    4, 1.00,    1, 0.000, 0.000, 0.100, 40
val,      374, 32.199532, 1.0000,  21.5000,   5.4000, 0.0000,  27.5551
traffic_val,374, 40, 0.5000, 111.1667, 0.3333,  25.6251
curriculum,dense_reanchor_pending best_length 155.1000 current_length 21.5000 collision 1.0000
reanchor, 374, best_length  42.2000, current_length  21.5000, collision 1.0000
train,    371, 32.916261,   35, 1.00,    7, 0.000, 0.000, 0.100, 40
train,    375, 36.880742,   21, 1.00,    5, 0.000, 0.000, 0.100, 40
train,    372, 60.078594,   47, 1.00,    7, 0.000, 0.000, 0.100, 40
train,    377, 12.585190,   13, 1.00,    1, 0.000, 0.000, 0.100, 40
train,    357, 391.050338,  200, 0.00,   25, 0.000, 0.000, 0.102, 40
train,    380, 21.457076,   17, 1.00,    3, 0.000, 0.000, 0.100, 40
train,    379, 37.238279,   32, 1.00,    8, 0.000, 0.000, 0.100, 48
train,    376, 100.073723,   70, 1.00,   13, 0.000, 0.000, 0.100, 48
train,    382, 26.549677,   20, 1.00,    2, 0.000, 0.000, 0.100, 48
train,    361, 379.986223,  200, 0.00,   33, 0.000, 0.000, 0.102, 40
train,    384, 15.738923,   13, 1.00,    3, 0.000, 0.000, 0.100, 40
update,   386,   21,  896, 75.785934, 0.000000
train,    386, 83.433889,   51, 1.00,   11, 0.000, 0.000, 0.100, 48
train,    385, 97.922057,   59, 1.00,   13, 0.000, 0.000, 0.100, 40
train,    367, 435.392057,  200, 0.00,   19, 0.000, 0.000, 0.102, 40
train,    368, 426.205108,  200, 0.00,   21, 0.000, 0.000, 0.100, 40
train,    388, 1.220447,    7, 1.00,    2, 0.000, 0.000, 0.100, 40
train,    389, -6.706542,    6, 1.00,    2, 0.000, 0.000, 0.100, 40
train,    387, 30.499665,   23, 1.00,    5, 0.000, 0.000, 0.100, 48
train,    391, 26.968205,   17, 1.00,    3, 0.000, 0.000, 0.100, 40
train,    393, 0.571021,    8, 1.00,    1, 0.000, 0.000, 0.100, 48
train,    394, 19.432072,   13, 1.00,    5, 0.000, 0.000, 0.100, 40
train,    395, 6.240640,   10, 1.00,    4, 0.000, 0.000, 0.100, 72
train,    373, 431.966616,  200, 0.00,   21, 0.000, 0.000, 0.100, 40
train,    398, -7.559771,    4, 1.00,    1, 0.000, 0.000, 0.100, 40
train,    397, -7.840691,    5, 1.00,    0, 0.000, 0.000, 0.100, 40
train,    396, 63.604538,   29, 1.00,    5, 0.000, 0.000, 0.100, 48
train,    392, 104.396816,   59, 1.00,   13, 0.000, 0.000, 0.100, 40
train,    400, 11.839124,   26, 1.00,    4, 0.000, 0.000, 0.100, 40
update,   403,   22,  896, 92.961555, 0.000000
train,    378, 410.745302,  200, 0.00,   24, 0.000, 0.000, 0.100, 48
train,    402, 58.756282,   32, 1.00,    4, 0.000, 0.000, 0.100, 48
train,    381, 388.908011,  200, 0.00,   21, 0.000, 0.000, 0.100, 40
train,    405, 43.390615,   23, 1.00,    7, 0.000, 0.000, 0.100, 40
train,    403, 66.183305,   53, 1.00,   14, 0.000, 0.000, 0.100, 40
train,    383, 397.527997,  200, 0.00,   25, 0.000, 0.000, 0.100, 48
train,    408, 4.144826,   11, 1.00,    3, 0.000, 0.000, 0.100, 40
train,    406, 52.605482,   37, 1.00,    7, 0.000, 0.000, 0.100, 48
update,   411,   23,  896, 109.556091, 0.000000
train,    410, 91.295237,   56, 1.00,    8, 0.000, 0.000, 0.100, 48
train,    390, 484.314008,  200, 0.00,   15, 0.000, 0.000, 0.100, 40
train,    412, 34.614267,   20, 1.00,    5, 0.000, 0.000, 0.100, 40
train,    413, 18.091284,   12, 1.00,    4, 0.000, 0.000, 0.100, 40
train,    414, -0.478421,   12, 1.00,    2, 0.000, 0.000, 0.100, 48
train,    416, 27.377785,   17, 1.00,    3, 0.000, 0.000, 0.100, 72
train,    415, 20.410909,   25, 1.00,    1, 0.000, 0.000, 0.100, 48
train,    399, 468.123551,  200, 0.00,   19, 0.000, 0.000, 0.100, 40
val,      399, 79.413610, 1.0000,  56.2000,   8.8000, 0.0000,  25.7981
traffic_val,399, 40, 1.0000,  18.8333, 0.0000,  27.0517
traffic_curriculum,dense_traffic_mix keep 40 @ 1.00, next 48 @ 0.00, full 72 @ 0.00
curriculum,dense_reanchor_pending best_length 155.1000 current_length 56.2000 collision 1.0000
reanchor, 399, best_length  42.2000, current_length  56.2000, collision 1.0000
train,    417, 11.705702,   10, 1.00,    1, 0.000, 0.000, 0.100, 48
train,    418, 6.740547,   11, 1.00,    2, 0.000, 0.000, 0.100, 40
train,    419, 4.619601,   11, 1.00,    4, 0.000, 0.000, 0.100, 40
train,    401, 359.449673,  200, 0.00,   21, 0.000, 0.000, 0.100, 40
train,    420, 24.113128,   16, 1.00,    1, 0.000, 0.000, 0.100, 40
train,    404, 449.925255,  200, 0.00,   21, 0.000, 0.000, 0.100, 40
train,    423, 43.710160,   26, 1.00,    7, 0.000, 0.000, 0.100, 40
train,    426, -6.928304,    4, 1.00,    1, 0.000, 0.000, 0.100, 40
train,    407, 371.348076,  200, 0.00,   25, 0.000, 0.000, 0.100, 48
train,    428, 0.929429,    9, 1.00,    2, 0.000, 0.000, 0.100, 40
train,    409, 355.358092,  200, 0.00,   22, 0.000, 0.000, 0.100, 40
train,    424, 139.398735,   72, 1.00,   19, 0.000, 0.000, 0.100, 40
val_save, 424, 94.745558, 0.9000,  55.4000,  10.6000, 0.1000,  26.8637
val,      424, 94.745558, 0.9000,  55.4000,  10.6000, 0.1000,  26.8637
traffic_val,424, 40, 0.5000, 108.5000, 0.5000,  26.1439
traffic_curriculum,dense_traffic_mix keep 40 @ 0.66, next 48 @ 0.30, full 72 @ 0.04
curriculum,dense_reanchor_pending best_length 155.1000 current_length 55.4000 collision 0.9000
reanchor, 424, best_length  55.4000, current_length  55.4000, collision 0.9000
train,    411, 324.826129,  200, 0.00,   19, 0.000, 0.000, 0.100, 40
train,    421, 176.737720,  101, 1.00,   18, 0.000, 0.000, 0.100, 40
train,    432, -3.441574,    7, 1.00,    1, 0.000, 0.000, 0.100, 40
train,    431, 50.476822,   31, 1.00,    9, 0.000, 0.000, 0.100, 40
train,    433, 52.016562,   43, 1.00,   12, 0.000, 0.000, 0.100, 48
train,    430, 94.423406,   71, 1.00,   13, 0.000, 0.000, 0.100, 40
train,    429, 81.261926,   84, 1.00,   12, 0.000, 0.000, 0.100, 40
train,    437, 11.199543,   15, 1.00,    2, 0.000, 0.000, 0.100, 48
train,    439, -5.777655,    5, 1.00,    2, 0.000, 0.000, 0.100, 40
train,    436, 75.099013,   38, 1.00,    6, 0.000, 0.000, 0.100, 48
update,   441,   24,  896, 77.576622, 0.000000
train,    438, 57.759525,   39, 1.00,    7, 0.000, 0.000, 0.100, 40
train,    422, 464.658720,  200, 0.00,   25, 0.000, 0.000, 0.100, 40
train,    440, 44.767878,   33, 1.00,    6, 0.000, 0.000, 0.100, 40
train,    441, 56.222128,   29, 1.00,    9, 0.000, 0.000, 0.100, 40
train,    445, -6.616322,    4, 1.00,    1, 0.000, 0.000, 0.100, 40
train,    443, 17.397285,   13, 1.00,    2, 0.000, 0.000, 0.100, 40
train,    444, 4.879905,   13, 1.00,    2, 0.000, 0.000, 0.100, 40
train,    425, 340.937305,  200, 0.00,   30, 0.000, 0.000, 0.100, 40
train,    427, 353.919364,  200, 0.00,   23, 0.000, 0.000, 0.100, 40
train,    446, 80.900505,   37, 1.00,    5, 0.000, 0.000, 0.100, 40
train,    447, 55.137626,   36, 1.00,    8, 0.000, 0.000, 0.100, 40
train,    450, 23.936144,   21, 1.00,    5, 0.000, 0.000, 0.100, 40
train,    434, 376.164095,  200, 0.00,   25, 0.000, 0.000, 0.100, 40
update,   454,   25,  896, 100.225365, 0.000000
train,    451, 96.017670,   60, 1.00,   20, 0.000, 0.000, 0.100, 40
train,    435, 480.861617,  200, 0.00,   19, 0.000, 0.000, 0.100, 40
train,    448, 170.313286,  102, 1.00,   21, 0.000, 0.000, 0.100, 40
train,    454, 20.453053,   17, 1.00,    5, 0.000, 0.000, 0.100, 48
train,    455, 14.243856,   14, 1.00,    3, 0.000, 0.000, 0.100, 48
train,    456, 25.460729,   17, 1.00,    5, 0.000, 0.000, 0.100, 40
train,    459, 19.289580,   13, 1.00,    3, 0.000, 0.000, 0.100, 40
train,    460, 49.915010,   27, 1.00,    6, 0.000, 0.000, 0.100, 48
train,    457, 84.722078,   55, 1.00,   10, 0.000, 0.000, 0.100, 40
train,    463, 1.456409,    7, 1.00,    1, 0.000, 0.000, 0.100, 48
train,    464, -11.075048,    3, 1.00,    3, 0.000, 0.000, 0.100, 48
train,    458, 75.491732,   71, 1.00,   17, 0.000, 0.000, 0.100, 40
train,    442, 441.566179,  200, 0.00,   21, 0.000, 0.000, 0.100, 40
train,    466, 6.731036,   16, 1.00,    1, 0.000, 0.000, 0.100, 48
update,   468,   26,  896, 73.544670, -0.000000
train,    449, 451.268405,  200, 0.00,   29, 0.000, 0.000, 0.100, 40
val,      449, 115.561331, 0.6000, 112.3000,   8.4000, 0.0000,  21.4541
traffic_val,449, 40, 0.1667, 170.5000, 0.0000,  21.5991
traffic_curriculum,dense_traffic_mix keep 40 @ 0.62, next 48 @ 0.30, full 72 @ 0.08
train,    467, 33.938355,   32, 1.00,    3, 0.000, 0.000, 0.100, 48
train,    470, -9.337486,    3, 1.00,    2, 0.000, 0.000, 0.100, 72
train,    469, 4.646794,   12, 1.00,    4, 0.000, 0.000, 0.100, 40
train,    452, 455.679847,  200, 0.00,   25, 0.000, 0.000, 0.100, 40
train,    471, 26.574829,   22, 1.00,    6, 0.000, 0.000, 0.100, 40
train,    453, 457.259437,  200, 0.00,   21, 0.000, 0.000, 0.100, 40
train,    474, -1.562921,    8, 1.00,    3, 0.000, 0.000, 0.100, 48
val,      474, 103.222131, 0.7000,  96.1000,   5.9000, 0.0000,  22.2446
traffic_val,474, 40, 0.1667, 168.5000, 0.0000,  21.8920
traffic_curriculum,dense_traffic_up 40 -> 48, stage_length 168.5, stage_collision 0.167, full_length 96.1, full_collision 0.700
train,    472, 57.124985,   37, 1.00,    6, 0.000, 0.000, 0.100, 40
train,    476, 1.403256,    8, 1.00,    2, 0.000, 0.000, 0.100, 40
train,    475, 39.725251,   23, 1.00,    5, 0.000, 0.000, 0.100, 40
train,    473, 57.368725,   36, 1.00,    5, 0.000, 0.000, 0.100, 40
train,    478, 22.144948,   15, 1.00,    3, 0.000, 0.000, 0.100, 48
train,    479, -10.118191,    3, 1.00,    2, 0.000, 0.000, 0.100, 48
train,    481, 23.663809,   21, 1.00,    5, 0.000, 0.000, 0.100, 48
train,    483, 0.678012,    7, 1.00,    2, 0.000, 0.000, 0.100, 48
train,    482, 51.267801,   30, 1.00,    4, 0.000, 0.000, 0.100, 48
update,   485,   27,  896, 75.990463, 0.000000
train,    477, 122.545271,   61, 1.00,   12, 0.000, 0.000, 0.100, 48
train,    461, 275.105516,  200, 0.00,   27, 0.000, 0.000, 0.100, 48
train,    487, 12.678444,   13, 1.00,    4, 0.000, 0.000, 0.100, 48
train,    484, 69.627504,   43, 1.00,    8, 0.000, 0.000, 0.100, 48
train,    462, 371.253455,  200, 0.00,   35, 0.000, 0.000, 0.100, 48
train,    485, 87.110626,   60, 1.00,   12, 0.000, 0.000, 0.100, 48
train,    465, 482.347549,  200, 0.00,   17, 0.000, 0.000, 0.100, 40
train,    492, 8.362769,    9, 1.00,    3, 0.000, 0.000, 0.100, 48
train,    490, 76.664438,   37, 1.00,    9, 0.000, 0.000, 0.100, 48
train,    491, 23.056970,   23, 1.00,    1, 0.000, 0.000, 0.100, 48
train,    493, 11.209763,   12, 1.00,    3, 0.000, 0.000, 0.100, 48
train,    494, 10.224112,   10, 1.00,    3, 0.000, 0.000, 0.100, 48
train,    468, 442.579089,  200, 0.00,   21, 0.000, 0.000, 0.100, 40
train,    495, 10.711181,   13, 1.00,    4, 0.000, 0.000, 0.100, 48
train,    499, 20.750538,   18, 1.00,    6, 0.000, 0.000, 0.100, 48
val,      499, 159.845784, 0.4000, 142.6000,  13.1000, 0.0000,  21.3990
traffic_val,499, 48, 0.1667, 168.0000, 0.0000,  21.9091
traffic_curriculum,dense_traffic_mix keep 48 @ 0.62, next 56 @ 0.30, full 72 @ 0.08
train,    496, 51.722903,   37, 1.00,    8, 0.000, 0.000, 0.100, 48
update,   501,   28,  896, 69.573830, 0.000000
train,    497, 62.490113,   52, 1.00,    8, 0.000, 0.000, 0.100, 48
train,    501, 19.871880,   18, 1.00,    7, 0.000, 0.000, 0.100, 48
train,    498, 93.161712,   52, 1.00,   10, 0.000, 0.000, 0.100, 48
train,    489, 171.493892,  112, 1.00,   17, 0.000, 0.000, 0.100, 48
train,    505, -7.579147,    5, 1.00,    1, 0.000, 0.000, 0.100, 72
train,    500, 70.770495,   50, 1.00,    5, 0.000, 0.000, 0.100, 48
train,    506, 12.497664,   11, 1.00,    3, 0.000, 0.000, 0.100, 48
train,    480, 426.302649,  200, 0.00,   25, 0.000, 0.000, 0.100, 48
train,    504, 43.224317,   29, 1.00,    4, 0.000, 0.000, 0.100, 48
train,    509, 18.073803,   13, 1.00,    1, 0.000, 0.000, 0.100, 72
train,    510, 23.549581,   18, 1.00,    1, 0.000, 0.000, 0.100, 56
train,    512, 21.027207,   15, 1.00,    3, 0.000, 0.000, 0.100, 56
train,    503, 90.826527,   65, 1.00,   13, 0.000, 0.000, 0.100, 48
train,    486, 361.963116,  200, 0.00,   20, 0.000, 0.000, 0.100, 48
train,    511, 60.540993,   38, 1.00,    6, 0.000, 0.000, 0.100, 56
train,    488, 295.390104,  200, 0.00,   18, 0.000, 0.000, 0.100, 48
train,    514, 26.181984,   31, 1.00,    5, 0.000, 0.000, 0.100, 56
update,   518,   29,  896, 59.532654, -0.000000
train,    502, 159.027578,   99, 1.00,   20, 0.000, 0.000, 0.100, 72
train,    516, 29.797028,   20, 1.00,    3, 0.000, 0.000, 0.100, 48
train,    515, 47.039628,   31, 1.00,    7, 0.000, 0.000, 0.100, 48
train,    517, 25.865900,   17, 1.00,    2, 0.000, 0.000, 0.100, 56
train,    519, 26.548056,   21, 1.00,    1, 0.000, 0.000, 0.100, 72
train,    522, 18.150229,   14, 1.00,    3, 0.000, 0.000, 0.100, 56
train,    518, 26.890891,   30, 1.00,    4, 0.000, 0.000, 0.100, 56
train,    513, 96.919515,   74, 1.00,    9, 0.000, 0.000, 0.100, 48
train,    507, 129.680371,  113, 1.00,    9, 0.000, 0.000, 0.100, 56
train,    523, 17.515642,   20, 1.00,    7, 0.000, 0.000, 0.100, 48
train,    526, -5.898801,    5, 1.00,    3, 0.000, 0.000, 0.100, 48
train,    524, 7.961589,   21, 1.00,    2, 0.000, 0.000, 0.100, 48
val_save, 524, 89.774763, 0.8000,  69.1000,  10.1000, 0.1000,  24.5014
val,      524, 89.774763, 0.8000,  69.1000,  10.1000, 0.1000,  24.5014
traffic_val,524, 48, 0.6667,  93.0000, 0.0000,  23.0794
traffic_curriculum,dense_traffic_mix keep 48 @ 1.00, next 56 @ 0.00, full 72 @ 0.00
curriculum,dense_reanchor_pending best_length 155.1000 current_length 69.1000 collision 0.8000
reanchor, 524, best_length  69.1000, current_length  69.1000, collision 0.8000
train,    527, 16.206830,   14, 1.00,    2, 0.000, 0.000, 0.100, 48
train,    525, 51.409592,   31, 1.00,    6, 0.000, 0.000, 0.100, 48
train,    521, 109.205337,   59, 1.00,   10, 0.000, 0.000, 0.100, 48
train,    532, 5.731531,    9, 1.00,    3, 0.000, 0.000, 0.100, 48
train,    529, 44.845167,   28, 1.00,    5, 0.000, 0.000, 0.100, 72
train,    528, 46.510784,   34, 1.00,    1, 0.000, 0.000, 0.100, 56
train,    534, 7.380286,    9, 1.00,    2, 0.000, 0.000, 0.100, 48
train,    530, 22.842130,   32, 1.00,    7, 0.000, 0.000, 0.100, 56
train,    533, 34.135499,   20, 1.00,    6, 0.000, 0.000, 0.100, 48
train,    536, 6.103473,   12, 1.00,    3, 0.000, 0.000, 0.100, 48
train,    520, 160.675797,   89, 1.00,   17, 0.000, 0.000, 0.100, 48
train,    535, 35.637124,   21, 1.00,    5, 0.000, 0.000, 0.100, 48
train,    537, 32.407033,   20, 1.00,    6, 0.000, 0.000, 0.100, 48
train,    541, 16.878987,   13, 1.00,    1, 0.000, 0.000, 0.100, 48
train,    540, 22.374897,   17, 1.00,    5, 0.000, 0.000, 0.100, 48
train,    542, 11.759736,   16, 1.00,    2, 0.000, 0.000, 0.100, 48
train,    543, 14.888273,   14, 1.00,    4, 0.000, 0.000, 0.100, 48
train,    539, 54.786399,   31, 1.00,    6, 0.000, 0.000, 0.100, 48
train,    546, 12.013849,   11, 1.00,    3, 0.000, 0.000, 0.100, 48
train,    508, 388.054235,  200, 0.00,   16, 0.000, 0.000, 0.100, 48
train,    547, 46.851862,   37, 1.00,    5, 0.000, 0.000, 0.100, 48
train,    544, 65.523168,   51, 1.00,    6, 0.000, 0.000, 0.100, 48
update,   552,   30,  896, 50.564854, 0.000000
train,    551, 11.936896,   23, 1.00,    1, 0.000, 0.000, 0.100, 48
train,    553, -12.328949,    2, 1.00,    2, 0.000, 0.000, 0.100, 48
train,    548, 110.261780,   55, 1.00,   11, 0.000, 0.000, 0.100, 48
train,    552, 30.813973,   19, 1.00,    5, 0.000, 0.000, 0.100, 48
train,    550, 101.015345,   60, 1.00,   11, 0.000, 0.000, 0.100, 48
train,    531, 186.826432,  142, 1.00,   24, 0.000, 0.000, 0.100, 48
train,    556, 25.538788,   23, 1.00,    6, 0.000, 0.000, 0.100, 48
train,    554, 20.774187,   25, 1.00,    7, 0.000, 0.000, 0.100, 48
train,    558, 1.859368,   10, 1.00,    1, 0.000, 0.000, 0.100, 48
train,    560, 22.507536,   16, 1.00,    4, 0.000, 0.000, 0.100, 48
train,    559, 42.154644,   33, 1.00,    5, 0.000, 0.000, 0.100, 48
train,    557, 74.393756,   44, 1.00,    9, 0.000, 0.000, 0.100, 48
train,    561, 82.319258,   44, 1.00,    7, 0.000, 0.000, 0.100, 48
train,    565, -6.457064,    5, 1.00,    2, 0.000, 0.000, 0.100, 48
train,    562, 77.851682,   43, 1.00,    9, 0.000, 0.000, 0.100, 48
train,    567, -5.167827,    5, 1.00,    2, 0.000, 0.000, 0.100, 48
train,    566, 1.287535,    9, 1.00,    3, 0.000, 0.000, 0.100, 48
train,    563, 72.617829,   36, 1.00,   11, 0.000, 0.000, 0.100, 48
update,   570,   31,  896, 63.825687, 0.000000
train,    538, 473.811057,  200, 0.00,   23, 0.000, 0.000, 0.100, 48
train,    568, 34.053483,   25, 1.00,    3, 0.000, 0.000, 0.100, 48
train,    569, 27.815798,   25, 1.00,    3, 0.000, 0.000, 0.100, 48
train,    545, 444.352879,  200, 0.00,   31, 0.000, 0.000, 0.100, 48
train,    572, 29.134324,   19, 1.00,    2, 0.000, 0.000, 0.100, 48
train,    549, 481.483361,  200, 0.00,   23, 0.000, 0.000, 0.100, 48
val,      549, 189.761450, 0.4000, 158.8000,  13.1000, 0.0000,  21.5832
traffic_val,549, 48, 0.3333, 147.5000, 0.0000,  22.0349
traffic_curriculum,dense_traffic_mix keep 48 @ 0.62, next 56 @ 0.30, full 72 @ 0.08
train,    574, 51.108141,   29, 1.00,    3, 0.000, 0.000, 0.100, 48
val,      574, 214.205861, 0.1000, 181.2000,  15.7000, 0.0000,  21.6145
traffic_val,574, 48, 0.0000, 200.0000, 0.0000,  21.5575
traffic_curriculum,dense_traffic_sync 48 -> 72, full_length 181.2, full_collision 0.100
train,    575, 49.410683,   34, 1.00,    9, 0.000, 0.000, 0.100, 48
train,    578, 9.105777,   11, 1.00,    3, 0.000, 0.000, 0.100, 72
train,    573, 89.828748,   64, 1.00,    9, 0.000, 0.000, 0.100, 48
train,    580, -7.911512,    5, 1.00,    2, 0.000, 0.000, 0.100, 72
train,    579, 26.436904,   20, 1.00,    6, 0.000, 0.000, 0.100, 72
train,    555, 339.499991,  200, 0.00,   23, 0.000, 0.000, 0.100, 48
train,    577, 87.846327,   46, 1.00,   11, 0.000, 0.000, 0.100, 48
train,    583, -5.391358,    9, 1.00,    1, 0.000, 0.000, 0.100, 72
update,   585,   32,  896, 63.941826, -0.000000
train,    581, 60.768146,   37, 1.00,    9, 0.000, 0.000, 0.100, 72
train,    585, 4.397665,   13, 1.00,    1, 0.000, 0.000, 0.100, 72
train,    570, 146.457371,  130, 1.00,   10, 0.000, 0.000, 0.100, 48
train,    582, 48.240205,   41, 1.00,    7, 0.000, 0.000, 0.100, 72
train,    589, 3.379139,    8, 1.00,    3, 0.000, 0.000, 0.100, 72
train,    588, 29.733136,   25, 1.00,    4, 0.000, 0.000, 0.100, 72
train,    591, -12.711327,    3, 1.00,    3, 0.000, 0.000, 0.100, 72
train,    586, 31.550595,   31, 1.00,    5, 0.000, 0.000, 0.100, 72
train,    564, 432.847880,  200, 0.00,   19, 0.000, 0.000, 0.100, 48
train,    593, 16.178583,   15, 1.00,    3, 0.000, 0.000, 0.100, 72
train,    594, 37.477601,   30, 1.00,    4, 0.000, 0.000, 0.100, 72
train,    596, -12.333636,    2, 1.00,    2, 0.000, 0.000, 0.100, 72
train,    584, 154.865608,   94, 1.00,   32, 0.000, 0.000, 0.100, 72
train,    592, 69.440185,   52, 1.00,    8, 0.000, 0.000, 0.100, 72
train,    571, 437.822011,  200, 0.00,   29, 0.000, 0.000, 0.100, 48
train,    595, 76.428754,   47, 1.00,   11, 0.000, 0.000, 0.100, 72
train,    587, 148.913055,   96, 1.00,   15, 0.000, 0.000, 0.100, 72
update,   602,   33,  896, 67.468033, 0.000000
train,    601, 8.696402,    9, 1.00,    1, 0.000, 0.000, 0.100, 72
train,    602, 19.870200,   17, 1.00,    1, 0.000, 0.000, 0.100, 72
train,    603, 26.420249,   20, 1.00,    5, 0.000, 0.000, 0.100, 72
train,    576, 448.602811,  200, 0.00,   27, 0.000, 0.000, 0.100, 48
train,    605, -8.274008,    4, 1.00,    1, 0.000, 0.000, 0.100, 72
train,    599, 88.139054,   45, 1.00,    9, 0.000, 0.000, 0.100, 72
val,      599, 79.185782, 0.9000,  60.7000,   8.1000, 0.1000,  24.1492
traffic_val,599, 72, 0.6667,  81.0000, 0.1667,  25.6054
curriculum,dense_reanchor_pending best_length 181.2000 current_length 60.7000 collision 0.9000
reanchor, 599, best_length  69.1000, current_length  60.7000, collision 0.9000
train,    597, 103.687437,   56, 1.00,    9, 0.000, 0.000, 0.100, 72
train,    609, 0.909029,    7, 1.00,    3, 0.000, 0.000, 0.100, 72
train,    600, 101.917699,   62, 1.00,   14, 0.000, 0.000, 0.100, 72
train,    607, 28.746105,   20, 1.00,    7, 0.000, 0.000, 0.100, 72
train,    608, 33.044065,   27, 1.00,    5, 0.000, 0.000, 0.100, 72
train,    610, 39.001803,   20, 1.00,    3, 0.000, 0.000, 0.100, 72
train,    612, 13.550890,   11, 1.00,    3, 0.000, 0.000, 0.100, 72
train,    613, -3.890723,    6, 1.00,    2, 0.000, 0.000, 0.100, 72
train,    604, 98.444256,   51, 1.00,   11, 0.000, 0.000, 0.100, 72
train,    615, 12.372885,   11, 1.00,    2, 0.000, 0.000, 0.100, 72
train,    616, 17.714932,   13, 1.00,    5, 0.000, 0.000, 0.100, 72
train,    598, 145.233630,   94, 1.00,   17, 0.000, 0.000, 0.100, 72
train,    620, -7.652386,    4, 1.00,    2, 0.000, 0.000, 0.100, 72
train,    617, 13.906848,   15, 1.00,    2, 0.000, 0.000, 0.100, 72
train,    621, -7.454426,    4, 1.00,    2, 0.000, 0.000, 0.100, 72
train,    606, 98.266377,   62, 1.00,    9, 0.000, 0.000, 0.100, 72
train,    618, 34.278545,   21, 1.00,    7, 0.000, 0.000, 0.100, 72
train,    625, -9.319293,    3, 1.00,    1, 0.000, 0.000, 0.100, 72
train,    614, 62.440038,   38, 1.00,    5, 0.000, 0.000, 0.100, 72
train,    619, 40.017653,   21, 1.00,    3, 0.000, 0.000, 0.100, 72
train,    627, -6.654506,    4, 1.00,    1, 0.000, 0.000, 0.100, 72
train,    626, 10.362254,   12, 1.00,    4, 0.000, 0.000, 0.100, 72
train,    630, -7.805226,    4, 1.00,    0, 0.000, 0.000, 0.100, 72
train,    622, 36.075323,   31, 1.00,    3, 0.000, 0.000, 0.100, 72
train,    623, 66.084495,   33, 1.00,    5, 0.000, 0.000, 0.100, 72
train,    624, 50.170210,   28, 1.00,    6, 0.000, 0.000, 0.100, 72
val,      624, 68.772539, 0.9000,  57.2000,   8.1000, 0.0000,  24.1791
traffic_val,624, 72, 0.8333,  41.0000, 0.0000,  25.1771
curriculum,dense_reanchor_pending best_length 181.2000 current_length 57.2000 collision 0.9000
reanchor, 624, best_length  69.1000, current_length  57.2000, collision 0.9000
train,    633, -5.139756,    5, 1.00,    1, 0.000, 0.000, 0.100, 72
train,    628, 48.406180,   30, 1.00,    6, 0.000, 0.000, 0.100, 72
train,    590, 425.482090,  200, 0.00,   47, 0.000, 0.000, 0.100, 72
train,    635, 2.409331,    8, 1.00,    3, 0.000, 0.000, 0.100, 72
train,    638, 14.679960,   15, 1.00,    2, 0.000, 0.000, 0.100, 72
train,    634, 39.112576,   32, 1.00,    1, 0.000, 0.000, 0.100, 72
train,    636, 43.256904,   29, 1.00,    6, 0.000, 0.000, 0.100, 72
train,    631, 78.242685,   46, 1.00,   12, 0.000, 0.000, 0.100, 72
train,    632, 65.004600,   57, 1.00,   11, 0.000, 0.000, 0.100, 72
train,    639, 38.049515,   29, 1.00,    5, 0.000, 0.000, 0.100, 72
train,    642, 65.626998,   35, 1.00,   11, 0.000, 0.000, 0.100, 72
train,    640, 76.224172,   50, 1.00,    9, 0.000, 0.000, 0.100, 72
train,    643, 63.136007,   40, 1.00,    5, 0.000, 0.000, 0.100, 72
train,    645, 43.271385,   26, 1.00,    6, 0.000, 0.000, 0.100, 72
train,    647, 1.502148,    8, 1.00,    1, 0.000, 0.000, 0.100, 72
train,    648, 4.220707,    9, 1.00,    2, 0.000, 0.000, 0.100, 72
train,    649, 14.258397,   12, 1.00,    1, 0.000, 0.000, 0.100, 72
update,   651,   34,  896, 54.966438, -0.000000
val,      649, 59.727529, 1.0000,  44.2000,   8.3000, 0.0000,  25.4665
traffic_val,649, 72, 1.0000,  22.8333, 0.0000,  24.8782
curriculum,dense_reanchor_pending best_length 181.2000 current_length 44.2000 collision 1.0000
reanchor, 649, best_length  69.1000, current_length  44.2000, collision 1.0000
train,    641, 104.412014,   80, 1.00,   10, 0.000, 0.000, 0.100, 72
train,    652, 4.602171,    9, 1.00,    3, 0.000, 0.000, 0.100, 72
train,    611, 303.855791,  200, 0.00,   24, 0.000, 0.000, 0.100, 72
train,    646, 64.914413,   55, 1.00,    8, 0.000, 0.000, 0.100, 72
train,    655, -12.183190,    2, 1.00,    1, 0.000, 0.000, 0.100, 72
train,    653, 32.540803,   20, 1.00,    3, 0.000, 0.000, 0.100, 72
train,    654, 12.186848,   16, 1.00,    3, 0.000, 0.000, 0.100, 72
train,    650, 30.783491,   40, 1.00,    5, 0.000, 0.000, 0.100, 72
train,    657, -4.202105,    5, 1.00,    2, 0.000, 0.000, 0.100, 72
train,    651, 51.490111,   45, 1.00,    9, 0.000, 0.000, 0.100, 72
train,    659, 52.686563,   30, 1.00,    6, 0.000, 0.000, 0.100, 72
train,    629, 361.873813,  200, 0.00,   28, 0.000, 0.000, 0.100, 72
train,    662, 1.422555,    9, 1.00,    1, 0.000, 0.000, 0.100, 72
train,    663, 0.454758,    8, 1.00,    2, 0.000, 0.000, 0.100, 72
train,    661, 72.543114,   36, 1.00,    8, 0.000, 0.000, 0.100, 72
train,    660, 83.498930,   43, 1.00,    8, 0.000, 0.000, 0.100, 72
train,    656, 83.601025,   56, 1.00,    5, 0.000, 0.000, 0.100, 72
train,    637, 258.588598,  200, 0.00,   18, 0.000, 0.000, 0.100, 72
train,    666, 11.459282,   18, 1.00,    2, 0.000, 0.000, 0.100, 72
train,    670, -2.799706,    7, 1.00,    3, 0.000, 0.000, 0.100, 72
train,    664, 58.064270,   35, 1.00,    7, 0.000, 0.000, 0.100, 72
update,   672,   35,  896, 53.246162, 0.000000
train,    668, 46.461896,   36, 1.00,    7, 0.000, 0.000, 0.100, 72
train,    667, 74.858777,   38, 1.00,   11, 0.000, 0.000, 0.100, 72
train,    673, 26.871996,   21, 1.00,    5, 0.000, 0.000, 0.100, 72
train,    644, 379.440637,  200, 0.00,   37, 0.000, 0.000, 0.100, 72
train,    675, 20.730440,   23, 1.00,    3, 0.000, 0.000, 0.100, 72
train,    677, 8.516095,    9, 1.00,    1, 0.000, 0.000, 0.100, 72
train,    671, 138.111509,   81, 1.00,   13, 0.000, 0.000, 0.100, 72
train,    672, 189.245512,  109, 1.00,   21, 0.000, 0.000, 0.100, 72
update,   680,   36,  896, 95.552322, 0.000000
train,    658, 340.136286,  200, 0.00,   25, 0.000, 0.000, 0.100, 72
train,    681, 27.119247,   22, 1.00,    6, 0.000, 0.000, 0.100, 72
train,    682, -8.283953,    5, 1.00,    4, 0.000, 0.000, 0.100, 72
train,    678, 174.617830,   92, 1.00,   24, 0.000, 0.000, 0.100, 72
train,    683, -12.104086,    3, 1.00,    3, 0.000, 0.000, 0.100, 72
train,    665, 431.731668,  200, 0.00,   37, 0.000, 0.000, 0.100, 72
train,    679, 194.507390,  108, 1.00,   21, 0.000, 0.000, 0.100, 72
train,    669, 332.454398,  200, 0.00,   37, 0.000, 0.000, 0.100, 72
train,    685, 49.578149,   37, 1.00,    7, 0.000, 0.000, 0.100, 72
train,    674, 391.800733,  200, 0.00,   36, 0.000, 0.000, 0.100, 72
val_save, 674, 200.162355, 0.3000, 155.0000,  16.1000, 0.2000,  23.2900
val,      674, 200.162355, 0.3000, 155.0000,  16.1000, 0.2000,  23.2900
traffic_val,674, 72, 1.0000,  52.8333, 0.0000,  24.2269
traffic_curriculum,dense_traffic_down 72 -> 64, stage_length 52.8, stage_collision 1.000
train,    686, 90.480125,   43, 1.00,    5, 0.000, 0.000, 0.100, 72
train,    689, 34.484600,   28, 1.00,   10, 0.000, 0.000, 0.100, 72
update,   692,   37,  896, 85.484428, -0.000000
train,    687, 64.200196,   43, 1.00,    5, 0.000, 0.000, 0.100, 72
train,    690, 25.403107,   21, 1.00,    5, 0.000, 0.000, 0.100, 72
train,    676, 334.586933,  200, 0.00,   32, 0.000, 0.000, 0.100, 72
train,    694, -5.155115,    5, 1.00,    2, 0.000, 0.000, 0.100, 64
train,    688, 85.694817,   50, 1.00,   12, 0.000, 0.000, 0.100, 72
train,    693, 17.049571,   12, 1.00,    2, 0.000, 0.000, 0.100, 64
train,    696, 17.322704,   13, 1.00,    1, 0.000, 0.000, 0.100, 64
train,    697, 18.810797,   19, 1.00,    2, 0.000, 0.000, 0.100, 64
train,    691, 101.782224,   52, 1.00,   17, 0.000, 0.000, 0.100, 64
train,    700, 25.378324,   17, 1.00,    3, 0.000, 0.000, 0.100, 64
train,    699, 37.061764,   28, 1.00,   10, 0.000, 0.000, 0.100, 64
val,      699, 143.431192, 0.7000, 127.9000,  11.0000, 0.0000,  21.5297
traffic_val,699, 64, 0.6667, 105.1667, 0.0000,  21.6267
traffic_curriculum,dense_traffic_mix keep 64 @ 0.88, full 72 @ 0.12
train,    695, 41.254661,   45, 1.00,   20, 0.000, 0.000, 0.100, 64
train,    684, 226.853932,  137, 1.00,   22, 0.000, 0.000, 0.100, 72
train,    701, 48.095013,   29, 1.00,    5, 0.000, 0.000, 0.100, 64
train,    703, 23.496266,   15, 1.00,    4, 0.000, 0.000, 0.100, 64
train,    704, 19.796523,   17, 1.00,    2, 0.000, 0.000, 0.100, 64
train,    680, 343.472876,  200, 0.00,   26, 0.000, 0.000, 0.100, 72
train,    702, 84.719543,   52, 1.00,   13, 0.000, 0.000, 0.100, 64
update,   710,   38,  896, 64.445030, -0.000000
train,    706, 77.064881,   48, 1.00,    8, 0.000, 0.000, 0.100, 64
train,    710, 20.723905,   19, 1.00,    4, 0.000, 0.000, 0.100, 64
train,    709, 42.095406,   36, 1.00,    5, 0.000, 0.000, 0.100, 64
train,    707, 77.577317,   58, 1.00,   12, 0.000, 0.000, 0.100, 64
train,    714, -5.088199,    5, 1.00,    2, 0.000, 0.000, 0.100, 72
train,    698, 202.478584,  115, 1.00,   27, 0.000, 0.000, 0.100, 64
train,    713, 8.694262,   12, 1.00,    3, 0.000, 0.000, 0.100, 64
train,    705, 111.278851,   78, 1.00,   14, 0.000, 0.000, 0.100, 64
train,    715, 56.285104,   37, 1.00,    4, 0.000, 0.000, 0.100, 64
train,    718, 45.780186,   31, 1.00,    9, 0.000, 0.000, 0.100, 64
train,    719, 7.834271,   10, 1.00,    4, 0.000, 0.000, 0.100, 64
train,    717, 80.514590,   51, 1.00,   11, 0.000, 0.000, 0.100, 64
train,    720, 11.422892,   12, 1.00,    5, 0.000, 0.000, 0.100, 64
train,    712, 107.263025,   69, 1.00,   12, 0.000, 0.000, 0.100, 72
train,    723, -8.079154,    4, 1.00,    2, 0.000, 0.000, 0.100, 64
train,    692, 388.040018,  200, 0.00,   33, 0.000, 0.000, 0.100, 64
train,    722, 24.927988,   17, 1.00,    3, 0.000, 0.000, 0.100, 72
train,    724, 19.546678,   12, 1.00,    4, 0.000, 0.000, 0.100, 64
val,      724, 197.683540, 0.2000, 163.8000,  11.1000, 0.0000,  22.0428
traffic_val,724, 64, 0.6667,  94.8333, 0.0000,  21.9982
traffic_curriculum,dense_traffic_mix keep 64 @ 1.00, full 72 @ 0.00
train,    727, -6.182464,    5, 1.00,    1, 0.000, 0.000, 0.100, 64
train,    716, 137.068078,   76, 1.00,   21, 0.000, 0.000, 0.100, 64
train,    726, 12.108901,   20, 1.00,    1, 0.000, 0.000, 0.100, 64
train,    721, 58.272009,   38, 1.00,    8, 0.000, 0.000, 0.100, 64
train,    729, 26.011799,   16, 1.00,    5, 0.000, 0.000, 0.100, 64
update,   733,   39,  896, 56.483208, 0.000000
train,    730, 28.686765,   20, 1.00,    3, 0.000, 0.000, 0.100, 64
train,    731, 11.751100,   13, 1.00,    1, 0.000, 0.000, 0.100, 64
train,    733, -0.559068,    8, 1.00,    2, 0.000, 0.000, 0.100, 64
train,    734, -6.467988,    4, 1.00,    1, 0.000, 0.000, 0.100, 64
train,    725, 47.480267,   43, 1.00,    7, 0.000, 0.000, 0.100, 64
train,    735, 3.280032,    8, 1.00,    3, 0.000, 0.000, 0.100, 64
train,    732, 39.353177,   31, 1.00,    7, 0.000, 0.000, 0.100, 64
train,    736, 33.904626,   20, 1.00,    3, 0.000, 0.000, 0.100, 64
train,    739, 12.633628,   15, 1.00,    4, 0.000, 0.000, 0.100, 64
train,    737, 34.378972,   25, 1.00,    4, 0.000, 0.000, 0.100, 64
train,    740, 13.927859,   13, 1.00,    2, 0.000, 0.000, 0.100, 64
train,    743, 5.547470,   10, 1.00,    1, 0.000, 0.000, 0.100, 64
train,    738, 55.746367,   33, 1.00,    6, 0.000, 0.000, 0.100, 64
train,    708, 439.063513,  200, 0.00,   33, 0.000, 0.000, 0.100, 64
train,    711, 232.335706,  178, 1.00,   23, 0.000, 0.000, 0.100, 64
train,    744, 51.877856,   48, 1.00,    9, 0.000, 0.000, 0.100, 64
train,    748, 31.770894,   20, 1.00,    4, 0.000, 0.000, 0.100, 64
train,    742, 96.156152,   65, 1.00,   11, 0.000, 0.000, 0.100, 64
train,    750, -9.790080,    3, 1.00,    1, 0.000, 0.000, 0.100, 64
train,    747, 90.538802,   58, 1.00,    7, 0.000, 0.000, 0.100, 64
train,    745, 85.380088,   65, 1.00,   11, 0.000, 0.000, 0.100, 64
train,    741, 120.926793,   81, 1.00,   11, 0.000, 0.000, 0.100, 64
update,   755,   40,  896, 57.084682, 0.000000
train,    753, 7.225116,   10, 1.00,    4, 0.000, 0.000, 0.100, 64
train,    751, 30.959567,   28, 1.00,    5, 0.000, 0.000, 0.100, 64
train,    749, 69.044504,   40, 1.00,    8, 0.000, 0.000, 0.100, 64
val,      749, 99.103234, 0.9000,  55.1000,   9.3000, 0.1000,  26.3568
traffic_val,749, 64, 0.8333,  70.5000, 0.1667,  24.3889
curriculum,dense_reanchor_pending best_length 181.2000 current_length 55.1000 collision 0.9000
reanchor, 749, best_length 155.0000, current_length  55.1000, collision 0.9000
train,    754, 10.377859,   18, 1.00,    3, 0.000, 0.000, 0.100, 64
train,    756, 11.527951,   12, 1.00,    1, 0.000, 0.000, 0.100, 64
train,    757, 5.813038,    8, 1.00,    1, 0.000, 0.000, 0.100, 64
train,    761, -1.669154,    7, 1.00,    2, 0.000, 0.000, 0.100, 64
train,    760, 22.184783,   15, 1.00,    3, 0.000, 0.000, 0.100, 64
train,    758, 10.926732,   20, 1.00,    1, 0.000, 0.000, 0.100, 64
train,    762, 48.852047,   28, 1.00,    8, 0.000, 0.000, 0.100, 64
train,    763, 40.474648,   23, 1.00,    7, 0.000, 0.000, 0.100, 64
train,    746, 229.166337,  128, 1.00,   22, 0.000, 0.000, 0.100, 64
train,    728, 284.109886,  200, 0.00,   26, 0.000, 0.000, 0.100, 64
train,    752, 119.369207,   87, 1.00,   15, 0.000, 0.000, 0.100, 64
train,    755, 72.718844,   77, 1.00,    9, 0.000, 0.000, 0.100, 64
train,    767, 17.210035,   14, 1.00,    2, 0.000, 0.000, 0.100, 64
train,    769, -1.593522,    8, 1.00,    1, 0.000, 0.000, 0.100, 64
train,    759, 126.346121,   69, 1.00,   13, 0.000, 0.000, 0.100, 64
train,    770, 20.700210,   13, 1.00,    1, 0.000, 0.000, 0.100, 64
train,    765, 76.691027,   39, 1.00,    8, 0.000, 0.000, 0.100, 64
train,    775, -13.076297,    2, 1.00,    1, 0.000, 0.000, 0.100, 64
train,    768, 27.089218,   29, 1.00,    4, 0.000, 0.000, 0.100, 64
train,    771, 44.356429,   23, 1.00,    4, 0.000, 0.000, 0.100, 64
train,    764, 109.843619,   72, 1.00,   13, 0.000, 0.000, 0.100, 64
train,    779, 10.387049,   13, 1.00,    6, 0.000, 0.000, 0.100, 64
train,    774, 54.825320,   32, 1.00,    8, 0.000, 0.000, 0.100, 64
train,    778, 32.260867,   21, 1.00,    4, 0.000, 0.000, 0.100, 64
val,      774, 125.210210, 0.6000,  99.5000,  10.5000, 0.1000,  23.3164
traffic_val,774, 64, 0.8333,  54.5000, 0.0000,  25.1731
train,    766, 91.525488,   66, 1.00,   13, 0.000, 0.000, 0.100, 64
update,   783,   41,  896, 45.843712, -0.000000
train,    776, 78.798958,   50, 1.00,    9, 0.000, 0.000, 0.100, 64
train,    782, 23.608302,   29, 1.00,    7, 0.000, 0.000, 0.100, 64
train,    781, 52.612253,   32, 1.00,    7, 0.000, 0.000, 0.100, 64
train,    773, 84.600647,   68, 1.00,   21, 0.000, 0.000, 0.100, 64
train,    780, 75.530982,   35, 1.00,    8, 0.000, 0.000, 0.100, 64
train,    785, -5.540478,    5, 1.00,    3, 0.000, 0.000, 0.100, 64
train,    786, -3.167610,    7, 1.00,    2, 0.000, 0.000, 0.100, 64
train,    788, -3.164096,    6, 1.00,    3, 0.000, 0.000, 0.100, 64
train,    784, 20.322078,   16, 1.00,    4, 0.000, 0.000, 0.100, 64
train,    789, 18.196603,   16, 1.00,    3, 0.000, 0.000, 0.100, 64
train,    772, 140.322726,   96, 1.00,   17, 0.000, 0.000, 0.100, 64
train,    790, 14.638882,   15, 1.00,    4, 0.000, 0.000, 0.100, 64
train,    793, 1.257110,    7, 1.00,    3, 0.000, 0.000, 0.100, 64
train,    787, 45.923389,   36, 1.00,    7, 0.000, 0.000, 0.100, 64
train,    795, 10.352478,   18, 1.00,    5, 0.000, 0.000, 0.100, 64
train,    796, 39.605507,   24, 1.00,    6, 0.000, 0.000, 0.100, 64
train,    792, 54.131939,   42, 1.00,    5, 0.000, 0.000, 0.100, 64
train,    794, 27.421719,   29, 1.00,    2, 0.000, 0.000, 0.100, 64
train,    801, 13.016298,   11, 1.00,    3, 0.000, 0.000, 0.100, 64
train,    797, 57.194329,   38, 1.00,    8, 0.000, 0.000, 0.100, 64
train,    777, 169.641242,  141, 1.00,   15, 0.000, 0.000, 0.100, 64
update,   804,   42,  896, 55.411987, -0.000000
train,    798, 101.382239,   52, 1.00,   12, 0.000, 0.000, 0.100, 64
train,    804, 17.967043,   23, 1.00,    5, 0.000, 0.000, 0.100, 64
train,    803, 56.147542,   41, 1.00,    4, 0.000, 0.000, 0.100, 64
train,    806, -5.790232,    9, 1.00,    1, 0.000, 0.000, 0.100, 64
train,    807, -0.611050,    7, 1.00,    3, 0.000, 0.000, 0.100, 64
train,    799, 106.525642,   76, 1.00,    9, 0.000, 0.000, 0.100, 64
val,      799, 152.673070, 0.4000, 137.3000,   6.8000, 0.0000,  21.3390
traffic_val,799, 64, 0.1667, 173.3333, 0.0000,  21.3361
traffic_curriculum,dense_traffic_mix keep 64 @ 0.62, full 72 @ 0.38
train,    808, 12.376740,   11, 1.00,    1, 0.000, 0.000, 0.100, 64
train,    810, 13.779600,   12, 1.00,    3, 0.000, 0.000, 0.100, 64
train,    791, 214.522204,  133, 1.00,   23, 0.000, 0.000, 0.100, 64
train,    809, 37.575921,   22, 1.00,    6, 0.000, 0.000, 0.100, 64
train,    811, 37.105261,   24, 1.00,    2, 0.000, 0.000, 0.100, 64
train,    805, 103.526805,   63, 1.00,   13, 0.000, 0.000, 0.100, 64
train,    815, -12.325660,    2, 1.00,    2, 0.000, 0.000, 0.100, 64
train,    802, 171.337575,   98, 1.00,   19, 0.000, 0.000, 0.100, 64
train,    817, 2.104845,    8, 1.00,    1, 0.000, 0.000, 0.100, 72
train,    783, 454.550955,  200, 0.00,   35, 0.000, 0.000, 0.100, 64
train,    820, -3.923118,    7, 1.00,    1, 0.000, 0.000, 0.100, 64
train,    812, 53.546318,   42, 1.00,    8, 0.000, 0.000, 0.100, 64
train,    816, 26.535923,   28, 1.00,    5, 0.000, 0.000, 0.100, 64
train,    819, 40.670127,   25, 1.00,    5, 0.000, 0.000, 0.100, 72
train,    813, 73.168217,   49, 1.00,    7, 0.000, 0.000, 0.100, 64
update,   825,   43,  896, 47.814701, 0.000000
train,    821, 44.935846,   22, 1.00,    5, 0.000, 0.000, 0.100, 64
train,    826, 3.671403,    9, 1.00,    4, 0.000, 0.000, 0.100, 64
train,    822, 67.535069,   46, 1.00,   10, 0.000, 0.000, 0.100, 72
train,    823, 47.809471,   46, 1.00,   12, 0.000, 0.000, 0.100, 72
train,    828, 6.875586,   13, 1.00,    1, 0.000, 0.000, 0.100, 64
train,    829, 6.215444,   15, 1.00,    4, 0.000, 0.000, 0.100, 72
train,    825, 94.527974,   58, 1.00,   11, 0.000, 0.000, 0.100, 64
train,    814, 172.249337,  104, 1.00,   15, 0.000, 0.000, 0.100, 64
train,    800, 356.142033,  200, 0.00,   25, 0.000, 0.000, 0.100, 64
train,    834, -10.577951,    3, 1.00,    2, 0.000, 0.000, 0.100, 72
train,    833, -1.937525,    7, 1.00,    2, 0.000, 0.000, 0.100, 72
train,    832, 13.069947,   10, 1.00,    2, 0.000, 0.000, 0.100, 72
train,    831, 31.147591,   24, 1.00,    5, 0.000, 0.000, 0.100, 64
train,    827, 135.510759,   72, 1.00,   15, 0.000, 0.000, 0.100, 64
train,    837, 16.705207,   23, 1.00,    4, 0.000, 0.000, 0.100, 64
train,    830, 73.925497,   47, 1.00,    6, 0.000, 0.000, 0.100, 72
update,   841,   44,  896, 69.487770, 0.000000
train,    836, 102.675677,   57, 1.00,   12, 0.000, 0.000, 0.100, 64
train,    842, 0.060518,    6, 1.00,    1, 0.000, 0.000, 0.100, 72
train,    841, 46.523465,   34, 1.00,    7, 0.000, 0.000, 0.100, 72
train,    839, 33.254735,   42, 1.00,    7, 0.000, 0.000, 0.100, 64
train,    840, 82.993491,   58, 1.00,   12, 0.000, 0.000, 0.100, 64
train,    845, 39.271251,   24, 1.00,    5, 0.000, 0.000, 0.100, 64
train,    838, 149.480670,   80, 1.00,   16, 0.000, 0.000, 0.100, 64
train,    844, 56.349717,   33, 1.00,    7, 0.000, 0.000, 0.100, 64
train,    824, 224.520224,  169, 1.00,   19, 0.000, 0.000, 0.100, 64
val,      824, 73.847089, 1.0000,  43.4000,  10.5000, 0.0000,  27.1912
traffic_val,824, 64, 0.6667, 103.5000, 0.3333,  27.3545
curriculum,dense_reanchor_pending best_length 181.2000 current_length 43.4000 collision 1.0000
reanchor, 824, best_length 155.0000, current_length  43.4000, collision 1.0000
train,    818, 424.591498,  200, 0.00,   42, 0.000, 0.000, 0.100, 72
train,    848, 27.681813,   16, 1.00,    3, 0.000, 0.000, 0.100, 64
train,    850, -1.021080,    8, 1.00,    1, 0.000, 0.000, 0.100, 64
train,    853, -4.519812,    7, 1.00,    1, 0.000, 0.000, 0.100, 72
train,    851, 26.954969,   15, 1.00,    1, 0.000, 0.000, 0.100, 72
train,    852, 6.115621,   12, 1.00,    3, 0.000, 0.000, 0.100, 72
train,    847, 49.358437,   34, 1.00,    3, 0.000, 0.000, 0.100, 72
train,    846, 60.633730,   43, 1.00,    7, 0.000, 0.000, 0.100, 64
train,    856, 2.236388,    9, 1.00,    1, 0.000, 0.000, 0.100, 72
train,    858, 15.591689,   12, 1.00,    4, 0.000, 0.000, 0.100, 72
train,    835, 245.296072,  141, 1.00,   28, 0.000, 0.000, 0.100, 64
train,    843, 110.812632,   80, 1.00,    9, 0.000, 0.000, 0.100, 64
train,    859, 21.152659,   16, 1.00,    3, 0.000, 0.000, 0.100, 64
train,    849, 92.090380,   49, 1.00,    9, 0.000, 0.000, 0.100, 64
val,      849, 95.577935, 0.8000,  71.7000,   9.0000, 0.1000,  25.1516
traffic_val,849, 64, 0.6667,  85.0000, 0.0000,  24.4296
traffic_curriculum,dense_traffic_mix keep 64 @ 1.00, full 72 @ 0.00
curriculum,dense_reanchor_pending best_length 181.2000 current_length 71.7000 collision 0.8000
reanchor, 849, best_length 155.0000, current_length  71.7000, collision 0.8000
train,    855, 42.675472,   28, 1.00,    9, 0.000, 0.000, 0.100, 64
train,    860, 29.248844,   18, 1.00,    3, 0.000, 0.000, 0.100, 64
train,    861, 30.326242,   20, 1.00,    6, 0.000, 0.000, 0.100, 64
train,    854, 81.344985,   51, 1.00,    7, 0.000, 0.000, 0.100, 64
train,    863, 34.989708,   26, 1.00,    5, 0.000, 0.000, 0.100, 72
train,    866, 18.676069,   15, 1.00,    4, 0.000, 0.000, 0.100, 64
train,    870, -5.641124,    5, 1.00,    2, 0.000, 0.000, 0.100, 64
train,    868, 10.835119,   11, 1.00,    3, 0.000, 0.000, 0.100, 64
train,    871, -5.650506,    5, 1.00,    2, 0.000, 0.000, 0.100, 64
train,    873, -13.351424,    2, 1.00,    2, 0.000, 0.000, 0.100, 64
train,    865, 73.608353,   39, 1.00,    9, 0.000, 0.000, 0.100, 64
train,    872, 10.133451,   10, 1.00,    1, 0.000, 0.000, 0.100, 64
train,    874, 3.209820,    7, 1.00,    2, 0.000, 0.000, 0.100, 64
val,      874, 122.176826, 0.6000, 111.9000,   7.6000, 0.0000,  22.7371
traffic_val,874, 64, 0.6667, 112.6667, 0.0000,  24.3877
traffic_curriculum,dense_traffic_mix keep 64 @ 0.88, full 72 @ 0.12
train,    877, -12.409991,    2, 1.00,    2, 0.000, 0.000, 0.100, 64
train,    867, 78.115762,   40, 1.00,    8, 0.000, 0.000, 0.100, 64
train,    862, 79.430451,   56, 1.00,   11, 0.000, 0.000, 0.100, 64
train,    879, -5.578303,    5, 1.00,    1, 0.000, 0.000, 0.100, 64
train,    875, 41.062374,   22, 1.00,    4, 0.000, 0.000, 0.100, 64
train,    857, 174.873046,  101, 1.00,   22, 0.000, 0.000, 0.100, 64
train,    881, 29.584496,   24, 1.00,    6, 0.000, 0.000, 0.100, 64
train,    878, 64.907222,   39, 1.00,    9, 0.000, 0.000, 0.100, 64
train,    876, 69.768573,   46, 1.00,    8, 0.000, 0.000, 0.100, 64
train,    883, 42.693517,   24, 1.00,    5, 0.000, 0.000, 0.100, 64
train,    886, 26.176173,   21, 1.00,    7, 0.000, 0.000, 0.100, 64
update,   888,   45,  896, 49.692768, -0.000000
train,    885, 39.040372,   28, 1.00,    1, 0.000, 0.000, 0.100, 64
train,    869, 157.874413,   90, 1.00,   19, 0.000, 0.000, 0.100, 64
train,    888, -3.194290,    6, 1.00,    1, 0.000, 0.000, 0.100, 64
train,    887, 11.288809,   14, 1.00,    1, 0.000, 0.000, 0.100, 64
train,    890, 3.987884,   11, 1.00,    1, 0.000, 0.000, 0.100, 64
train,    891, 7.036966,   14, 1.00,    4, 0.000, 0.000, 0.100, 64
train,    880, 114.677747,   82, 1.00,   13, 0.000, 0.000, 0.100, 64
train,    894, 0.163692,   12, 1.00,    4, 0.000, 0.000, 0.100, 64
train,    896, -1.520722,    7, 1.00,    1, 0.000, 0.000, 0.100, 64
train,    882, 169.255050,   87, 1.00,   25, 0.000, 0.000, 0.100, 64
train,    893, 45.938859,   25, 1.00,    7, 0.000, 0.000, 0.100, 72
train,    895, 22.145488,   22, 1.00,    3, 0.000, 0.000, 0.100, 64
train,    884, 105.544670,   77, 1.00,   13, 0.000, 0.000, 0.100, 64
train,    889, 114.137396,   56, 1.00,   18, 0.000, 0.000, 0.100, 72
train,    901, 16.801035,   16, 1.00,    2, 0.000, 0.000, 0.100, 64
train,    897, 50.513978,   32, 1.00,    6, 0.000, 0.000, 0.100, 64
train,    892, 118.012713,   74, 1.00,   11, 0.000, 0.000, 0.100, 64
train,    902, 54.031419,   26, 1.00,    3, 0.000, 0.000, 0.100, 64
train,    864, 426.102590,  200, 0.00,   36, 0.000, 0.000, 0.100, 72
train,    904, 19.604650,   22, 1.00,    7, 0.000, 0.000, 0.100, 64
train,    905, 11.907167,   14, 1.00,    3, 0.000, 0.000, 0.100, 64
train,    909, 5.239381,    8, 1.00,    2, 0.000, 0.000, 0.100, 64
train,    903, 66.683889,   39, 1.00,    7, 0.000, 0.000, 0.100, 64
train,    899, 117.737002,   72, 1.00,   10, 0.000, 0.000, 0.100, 64
update,   912,   46,  896, 42.793518, -0.000000
val,      899, 26.260408, 1.0000,  19.1000,   4.5000, 0.0000,  27.5483
traffic_val,899, 64, 0.8333,  47.3333, 0.1667,  27.4634
traffic_curriculum,dense_traffic_mix keep 64 @ 1.00, full 72 @ 0.00
curriculum,dense_reanchor_pending best_length 181.2000 current_length 19.1000 collision 1.0000
reanchor, 899, best_length 155.0000, current_length  19.1000, collision 1.0000
train,    911, 38.835199,   23, 1.00,    4, 0.000, 0.000, 0.100, 64
train,    910, 34.402674,   25, 1.00,    9, 0.000, 0.000, 0.100, 64
train,    906, 75.392747,   45, 1.00,    6, 0.000, 0.000, 0.100, 64
train,    907, 85.734433,   54, 1.00,   11, 0.000, 0.000, 0.100, 64
train,    913, 43.653103,   26, 1.00,    5, 0.000, 0.000, 0.100, 64
train,    916, 14.925798,   13, 1.00,    4, 0.000, 0.000, 0.100, 64
train,    915, 43.398343,   28, 1.00,    4, 0.000, 0.000, 0.100, 64
train,    914, 31.209093,   34, 1.00,    1, 0.000, 0.000, 0.100, 64
train,    919, 6.393739,   10, 1.00,    2, 0.000, 0.000, 0.100, 64
train,    921, -6.776453,    4, 1.00,    1, 0.000, 0.000, 0.100, 64
train,    920, 7.531526,   13, 1.00,    1, 0.000, 0.000, 0.100, 64
train,    908, 178.956419,   98, 1.00,   23, 0.000, 0.000, 0.100, 64
train,    898, 258.713984,  174, 1.00,   35, 0.000, 0.000, 0.100, 64
train,    912, 165.310072,  105, 1.00,   15, 0.000, 0.000, 0.100, 64
update,   926,   47,  896, 68.428581, 0.000000
train,    926, 8.215026,    8, 1.00,    1, 0.000, 0.000, 0.100, 64
train,    924, 58.279964,   40, 1.00,   10, 0.000, 0.000, 0.100, 64
val,      924, 175.644428, 0.4000, 160.6000,  13.1000, 0.0000,  21.0389
traffic_val,924, 64, 0.3333, 152.8333, 0.0000,  21.5314
traffic_curriculum,dense_traffic_mix keep 64 @ 0.62, full 72 @ 0.38
train,    927, 10.332455,   11, 1.00,    3, 0.000, 0.000, 0.100, 64
train,    923, 98.753979,   65, 1.00,    8, 0.000, 0.000, 0.100, 64
train,    925, 41.601616,   28, 1.00,    7, 0.000, 0.000, 0.100, 64
train,    900, 371.615125,  200, 0.00,   25, 0.000, 0.000, 0.100, 64
train,    930, 38.456670,   23, 1.00,    7, 0.000, 0.000, 0.100, 64
train,    932, 22.756922,   18, 1.00,    6, 0.000, 0.000, 0.100, 64
train,    931, 27.393731,   24, 1.00,    6, 0.000, 0.000, 0.100, 72
train,    934, 8.919532,   10, 1.00,    3, 0.000, 0.000, 0.100, 64
train,    935, 3.266940,   11, 1.00,    4, 0.000, 0.000, 0.100, 64
train,    937, -13.065824,    2, 1.00,    1, 0.000, 0.000, 0.100, 64
train,    917, 171.423727,  127, 1.00,   23, 0.000, 0.000, 0.100, 64
train,    933, 27.949707,   18, 1.00,    4, 0.000, 0.000, 0.100, 64
train,    929, 50.537084,   46, 1.00,    8, 0.000, 0.000, 0.100, 72
train,    928, 93.727867,   54, 1.00,   10, 0.000, 0.000, 0.100, 64
train,    936, 5.855620,   12, 1.00,    1, 0.000, 0.000, 0.100, 64
train,    938, 34.459391,   18, 1.00,    2, 0.000, 0.000, 0.100, 64
train,    941, 34.485588,   18, 1.00,    2, 0.000, 0.000, 0.100, 64
train,    940, 45.210852,   26, 1.00,    5, 0.000, 0.000, 0.100, 72
train,    922, 204.698855,  136, 1.00,   19, 0.000, 0.000, 0.100, 64
train,    946, -8.873216,    3, 1.00,    1, 0.000, 0.000, 0.100, 64
train,    948, -2.280036,    6, 1.00,    2, 0.000, 0.000, 0.100, 64
train,    942, 30.797458,   32, 1.00,   10, 0.000, 0.000, 0.100, 64
train,    943, 52.168963,   35, 1.00,    9, 0.000, 0.000, 0.100, 64
train,    945, 42.626604,   23, 1.00,    5, 0.000, 0.000, 0.100, 64
train,    939, 62.589147,   45, 1.00,   11, 0.000, 0.000, 0.100, 64
train,    944, 43.148649,   30, 1.00,    4, 0.000, 0.000, 0.100, 64
train,    951, 0.635533,    8, 1.00,    3, 0.000, 0.000, 0.100, 72
train,    952, 8.529363,   10, 1.00,    3, 0.000, 0.000, 0.100, 64
update,   956,   48,  896, 43.513317, -0.000000
train,    955, 41.024388,   24, 1.00,    6, 0.000, 0.000, 0.100, 64
train,    918, 420.774684,  200, 0.00,   29, 0.000, 0.000, 0.100, 64
train,    953, 79.418410,   39, 1.00,    8, 0.000, 0.000, 0.100, 64
train,    950, 72.094059,   49, 1.00,   10, 0.000, 0.000, 0.100, 64
train,    956, 66.441416,   35, 1.00,   11, 0.000, 0.000, 0.100, 64
train,    949, 90.618895,   62, 1.00,   13, 0.000, 0.000, 0.100, 64
val,      949, 52.809093, 0.9000,  37.8000,   5.0000, 0.1000,  26.6427
traffic_val,949, 64, 1.0000,  21.5000, 0.0000,  26.3409
traffic_curriculum,dense_traffic_mix keep 64 @ 1.00, full 72 @ 0.00
curriculum,dense_reanchor_pending best_length 181.2000 current_length 37.8000 collision 0.9000
reanchor, 949, best_length 155.0000, current_length  37.8000, collision 0.9000
train,    962, -9.207652,    3, 1.00,    1, 0.000, 0.000, 0.100, 64
train,    959, 27.788196,   21, 1.00,    1, 0.000, 0.000, 0.100, 64
train,    964, -9.061100,    4, 1.00,    3, 0.000, 0.000, 0.100, 64
train,    961, 52.637121,   27, 1.00,    5, 0.000, 0.000, 0.100, 72
train,    957, 69.485379,   43, 1.00,    5, 0.000, 0.000, 0.100, 64
train,    947, 125.023358,   92, 1.00,   15, 0.000, 0.000, 0.100, 64
train,    965, 25.584802,   26, 1.00,    2, 0.000, 0.000, 0.100, 64
train,    963, 66.495556,   37, 1.00,   10, 0.000, 0.000, 0.100, 64
train,    958, 108.757311,   65, 1.00,   14, 0.000, 0.000, 0.100, 64
train,    966, 33.415661,   26, 1.00,    7, 0.000, 0.000, 0.100, 64
train,    971, 8.583603,   17, 1.00,    1, 0.000, 0.000, 0.100, 64
train,    969, 27.658767,   26, 1.00,    7, 0.000, 0.000, 0.100, 64
train,    970, 38.611636,   26, 1.00,    7, 0.000, 0.000, 0.100, 64
train,    967, 93.487142,   52, 1.00,   12, 0.000, 0.000, 0.100, 64
train,    974, 6.323604,   12, 1.00,    1, 0.000, 0.000, 0.100, 64
val,      974, 89.191015, 0.7000,  77.2000,   8.3000, 0.0000,  24.3298
traffic_val,974, 64, 0.8333,  64.5000, 0.0000,  24.0737
curriculum,dense_reanchor_pending best_length 181.2000 current_length 77.2000 collision 0.7000
reanchor, 974, best_length 155.0000, current_length  77.2000, collision 0.7000
train,    976, -5.356577,    5, 1.00,    1, 0.000, 0.000, 0.100, 64
train,    975, 12.438382,   11, 1.00,    2, 0.000, 0.000, 0.100, 64
train,    972, 51.541245,   39, 1.00,   11, 0.000, 0.000, 0.100, 64
train,    973, 41.096303,   37, 1.00,   12, 0.000, 0.000, 0.100, 64
train,    978, 32.987520,   22, 1.00,    3, 0.000, 0.000, 0.100, 64
train,    981, 3.629631,    9, 1.00,    2, 0.000, 0.000, 0.100, 64
train,    980, 63.610178,   34, 1.00,    7, 0.000, 0.000, 0.100, 64
train,    982, 22.470694,   20, 1.00,    5, 0.000, 0.000, 0.100, 64
train,    983, 40.670631,   22, 1.00,    5, 0.000, 0.000, 0.100, 64
train,    977, 92.155412,   55, 1.00,    9, 0.000, 0.000, 0.100, 64
train,    985, 9.063307,   18, 1.00,    2, 0.000, 0.000, 0.100, 64
train,    968, 205.290780,  116, 1.00,   16, 0.000, 0.000, 0.100, 64
train,    986, 10.813931,   10, 1.00,    3, 0.000, 0.000, 0.100, 64
train,    979, 95.640530,   65, 1.00,    9, 0.000, 0.000, 0.100, 64
train,    989, -2.363160,    5, 1.00,    2, 0.000, 0.000, 0.100, 64
train,    954, 444.668377,  200, 0.00,   41, 0.000, 0.000, 0.100, 72
train,    987, 34.525779,   20, 1.00,    4, 0.000, 0.000, 0.100, 64
train,    992, 15.091956,   12, 1.00,    1, 0.000, 0.000, 0.100, 64
train,    988, 26.334643,   20, 1.00,    3, 0.000, 0.000, 0.100, 64
train,    984, 36.589933,   41, 1.00,    5, 0.000, 0.000, 0.100, 64
train,    996, 1.528264,    8, 1.00,    1, 0.000, 0.000, 0.100, 64
train,    997, 7.240150,   10, 1.00,    3, 0.000, 0.000, 0.100, 64
train,    998, -0.543206,    8, 1.00,    2, 0.000, 0.000, 0.100, 64
train,    1000, -11.834026,    2, 1.00,    2, 0.000, 0.000, 0.100, 64
train,    994, 54.055618,   31, 1.00,    9, 0.000, 0.000, 0.100, 64
train,    960, 289.106562,  193, 1.00,   26, 0.000, 0.000, 0.100, 64
train,    990, 77.412072,   46, 1.00,    9, 0.000, 0.000, 0.100, 64
train,    999, 11.505828,   17, 1.00,    1, 0.000, 0.000, 0.100, 64
val,      999, 104.831131, 0.7000,  90.5000,   8.2000, 0.0000,  22.9861
traffic_val,999, 64, 0.3333, 142.3333, 0.1667,  22.6930
traffic_curriculum,dense_traffic_mix keep 64 @ 0.76, full 72 @ 0.24
update,   1005,   49,  896, 44.504482, -0.000000
train,    995, 74.580270,   40, 1.00,    8, 0.000, 0.000, 0.100, 64
train,    1001, 54.615629,   28, 1.00,    7, 0.000, 0.000, 0.100, 64
train,    1005, 27.534424,   17, 1.00,    3, 0.000, 0.000, 0.100, 64
train,    1003, 39.774224,   26, 1.00,    7, 0.000, 0.000, 0.100, 64
train,    993, 105.378251,   60, 1.00,   10, 0.000, 0.000, 0.100, 64
train,    1008, 20.489042,   16, 1.00,    3, 0.000, 0.000, 0.100, 72
train,    1006, 43.118471,   24, 1.00,    4, 0.000, 0.000, 0.100, 64
train,    991, 160.223466,   81, 1.00,   16, 0.000, 0.000, 0.100, 64
train,    1002, 83.180781,   43, 1.00,    9, 0.000, 0.000, 0.100, 64
train,    1004, 60.988130,   42, 1.00,   10, 0.000, 0.000, 0.100, 64
train,    1010, 27.491222,   25, 1.00,    3, 0.000, 0.000, 0.100, 64
train,    1013, 5.895204,   10, 1.00,    3, 0.000, 0.000, 0.100, 64
train,    1015, 10.558653,   17, 1.00,    4, 0.000, 0.000, 0.100, 64
train,    1012, 47.796963,   27, 1.00,    7, 0.000, 0.000, 0.100, 64
train,    1017, 26.502408,   18, 1.00,    3, 0.000, 0.000, 0.100, 64
train,    1019, -1.765720,    7, 1.00,    1, 0.000, 0.000, 0.100, 64
train,    1007, 81.497254,   60, 1.00,   21, 0.000, 0.000, 0.100, 64
train,    1011, 96.541899,   46, 1.00,   11, 0.000, 0.000, 0.100, 72
train,    1016, 61.270265,   34, 1.00,   11, 0.000, 0.000, 0.100, 64
train,    1021, 33.139752,   19, 1.00,    2, 0.000, 0.000, 0.100, 64
train,    1018, 40.972107,   29, 1.00,    7, 0.000, 0.000, 0.100, 64
train,    1024, 2.494003,   10, 1.00,    6, 0.000, 0.000, 0.100, 64
val,      1024, 63.569603, 1.0000,  39.7000,   8.7000, 0.0000,  26.7001
traffic_val,1024, 64, 0.6667,  91.1667, 0.3333,  26.7923
traffic_curriculum,dense_traffic_mix keep 64 @ 0.62, full 72 @ 0.38
curriculum,dense_reanchor_pending best_length 181.2000 current_length 39.7000 collision 1.0000
reanchor, 1024, best_length 155.0000, current_length  39.7000, collision 1.0000
train,    1020, 37.819231,   28, 1.00,    3, 0.000, 0.000, 0.100, 64
train,    1009, 113.531729,   73, 1.00,   12, 0.000, 0.000, 0.100, 64
train,    1023, 27.395864,   18, 1.00,    6, 0.000, 0.000, 0.100, 64
train,    1027, 7.591793,   11, 1.00,    1, 0.000, 0.000, 0.100, 64
train,    1029, 26.353590,   18, 1.00,    1, 0.000, 0.000, 0.100, 72
train,    1030, 10.197904,   18, 1.00,    2, 0.000, 0.000, 0.100, 64
train,    1026, 45.934400,   28, 1.00,    6, 0.000, 0.000, 0.100, 64
train,    1031, 8.783964,   13, 1.00,    3, 0.000, 0.000, 0.100, 64
train,    1035, 20.991948,   23, 1.00,    3, 0.000, 0.000, 0.100, 64
train,    1025, 107.913906,   58, 1.00,   12, 0.000, 0.000, 0.100, 64
train,    1033, 38.216130,   33, 1.00,    1, 0.000, 0.000, 0.100, 64
train,    1037, 1.864321,    7, 1.00,    2, 0.000, 0.000, 0.100, 64
train,    1034, 55.144588,   37, 1.00,    6, 0.000, 0.000, 0.100, 64
train,    1036, 11.280507,   17, 1.00,    3, 0.000, 0.000, 0.100, 64
train,    1032, 74.534419,   44, 1.00,   11, 0.000, 0.000, 0.100, 64
train,    1038, 15.559032,   14, 1.00,    5, 0.000, 0.000, 0.100, 64
train,    1041, 41.559826,   22, 1.00,    7, 0.000, 0.000, 0.100, 64
train,    1043, 21.063967,   19, 1.00,    3, 0.000, 0.000, 0.100, 72
train,    1044, -5.596620,    5, 1.00,    1, 0.000, 0.000, 0.100, 72
train,    1045, 17.595962,   17, 1.00,    4, 0.000, 0.000, 0.100, 64
train,    1040, 82.620150,   52, 1.00,    9, 0.000, 0.000, 0.100, 64
update,   1048,   50,  896, 66.336411, -0.000000
train,    1028, 198.301441,  115, 1.00,   17, 0.000, 0.000, 0.100, 64
train,    1047, 19.844340,   16, 1.00,    3, 0.000, 0.000, 0.100, 72
train,    1049, 7.697441,   11, 1.00,    4, 0.000, 0.000, 0.100, 64
val,      1049, 74.762115, 1.0000,  40.6000,   8.8000, 0.0000,  27.6605
traffic_val,1049, 64, 0.8333,  56.6667, 0.1667,  25.7051
traffic_curriculum,dense_traffic_mix keep 64 @ 1.00, full 72 @ 0.00
curriculum,dense_reanchor_pending best_length 181.2000 current_length 40.6000 collision 1.0000
reanchor, 1049, best_length 155.0000, current_length  40.6000, collision 1.0000
train,    1050, 2.393751,    8, 1.00,    1, 0.000, 0.000, 0.100, 64
train,    1052, 17.774562,   13, 1.00,    4, 0.000, 0.000, 0.100, 64
train,    1014, 342.183311,  200, 0.00,   31, 0.000, 0.000, 0.100, 64
train,    1051, 49.021980,   28, 1.00,    6, 0.000, 0.000, 0.100, 64
train,    1048, 65.598702,   45, 1.00,    9, 0.000, 0.000, 0.100, 64
train,    1056, -4.959115,    8, 1.00,    2, 0.000, 0.000, 0.100, 64
train,    1046, 117.967818,   75, 1.00,   15, 0.000, 0.000, 0.100, 72
train,    1054, 35.426153,   24, 1.00,    7, 0.000, 0.000, 0.100, 64
train,    1055, 26.367862,   15, 1.00,    1, 0.000, 0.000, 0.100, 64
train,    1022, 461.841827,  200, 0.00,   29, 0.000, 0.000, 0.100, 72
train,    1060, 36.778988,   20, 1.00,    3, 0.000, 0.000, 0.100, 64
train,    1039, 208.023242,  133, 1.00,   21, 0.000, 0.000, 0.100, 72
train,    1062, 21.588313,   14, 1.00,    5, 0.000, 0.000, 0.100, 64
train,    1063, 26.774855,   19, 1.00,    4, 0.000, 0.000, 0.100, 64
train,    1064, 12.387987,   12, 1.00,    5, 0.000, 0.000, 0.100, 64
train,    1066, 0.880505,    7, 1.00,    1, 0.000, 0.000, 0.100, 64
train,    1061, 73.005708,   50, 1.00,   12, 0.000, 0.000, 0.100, 64
train,    1059, 115.688690,   66, 1.00,   10, 0.000, 0.000, 0.100, 64
update,   1069,   51,  896, 55.833118, 0.000000
train,    1067, 9.157593,   19, 1.00,    1, 0.000, 0.000, 0.100, 64
train,    1042, 293.169071,  200, 0.00,   13, 0.000, 0.000, 0.100, 64
train,    1069, 46.952547,   34, 1.00,    3, 0.000, 0.000, 0.100, 64
train,    1071, 40.718587,   22, 1.00,    5, 0.000, 0.000, 0.100, 64
train,    1065, 115.317095,   81, 1.00,   15, 0.000, 0.000, 0.100, 64
train,    1068, 119.267153,   64, 1.00,   11, 0.000, 0.000, 0.100, 64
train,    1058, 199.295045,  146, 1.00,   21, 0.000, 0.000, 0.100, 64
