init,     2026-04-13 23:54:26.807856
arguments,Namespace(PPO_epochs=4, adv_norm=1, alg='ppo', cuda=0, curriculum_clean_ratio=0.97, curriculum_entropy_decay=0.95, curriculum_mode='adaptive', curriculum_noise_step=0.003, curriculum_patience=4, entropy=0.22, entropy_min=0.1, eps_clip=0.12, gae_lambda=0.98, gamma=0.997, grad_clip=0.4, gymip_train_xml='inverted_pendulum_ChangeThk_0.050000.xml', hid_group_num=8, hid_group_size=8, hidden_num=64, ignore_checkpoint=True, lane_profile='auto', lr=0.00032, max_noise=0.015, mini_batch_size=224, model='rwtaspk', monitor_time=False, optimizer='rmsprop', rep=11, response_window=40, reward_scale=0.9, road_scenario='highway', rollout_steps=896, rwta_del_connection='none', seed=27384, snn_num_steps=15, task='gymip', thread=-1, traffic_level='dense', train_num=4800, warm_start_kind='none', warm_start_prefix='/root/autodl-tmp/SVPG2023/LANE/training_runs/ours/highway_dense/models/ppo_gymip_rwtaspk_h8-8-40_none_rmsprop_0.000320_0.22_0.99700_4_0.1200_ro896_mb224_lam0.98_rs0.90_gc0.40_adaptive_roadhighway_tfdense_seed20384_best_w_1.pt')
seed,     27384
model_dir,/root/autodl-tmp/SVPG2023/LANE/training_runs/ours/highway_dense/models
log_dir,  /root/autodl-tmp/SVPG2023/LANE/training_runs/ours/highway_dense/logs
profile,  lane auto-stabilize: lr->0.0005, gamma->0.995, PPO_epochs->4, eps_clip->0.15, rollout_steps->512, mini_batch_size->128, gae_lambda->0.97, grad_clip->0.5, curriculum_clean_ratio->0.8, max_noise->0.08, curriculum_noise_step->0.02, lr->0.00032, gamma->0.997, entropy->0.22, eps_clip->0.12, rollout_steps->896, mini_batch_size->224, gae_lambda->0.98, reward_scale->0.9, grad_clip->0.4, curriculum_clean_ratio->0.97, max_noise->0.015, curriculum_noise_step->0.003, curriculum_patience->3, curriculum_entropy_decay->0.94, curriculum_patience->4, curriculum_entropy_decay->0.95, train_num->4800
warm_start,/root/autodl-tmp/SVPG2023/LANE/training_runs/ours/highway_dense/models/ppo_gymip_rwtaspk_h8-8-40_none_rmsprop_0.000320_0.22_0.99700_4_0.1200_ro896_mb224_lam0.98_rs0.90_gc0.40_adaptive_roadhighway_tfdense_seed20384_best
warm_critic,/root/autodl-tmp/SVPG2023/LANE/training_runs/ours/highway_dense/models/ppo_gymip_rwtaspk_h8-8-40_none_rmsprop_0.000320_0.22_0.99700_4_0.1200_ro896_mb224_lam0.98_rs0.90_gc0.40_adaptive_roadhighway_tfdense_seed20384critic_best
train,    1, 6.263477,    6, 1.00,    2, 0.000, 0.000, 0.220, 40
train,    2, 26.122693,   14, 1.00,    1, 0.000, 0.000, 0.220, 40
train,    3, 41.586854,   22, 1.00,    7, 0.000, 0.000, 0.220, 40
train,    4, 11.717389,    7, 1.00,    1, 0.000, 0.000, 0.220, 40
train,    5, 86.308606,   36, 1.00,    9, 0.000, 0.000, 0.220, 40
train,    6, 6.645307,    6, 1.00,    2, 0.000, 0.000, 0.220, 40
train,    7, 2.605137,    6, 1.00,    2, 0.000, 0.000, 0.220, 40
train,    8, 28.757836,   13, 1.00,    3, 0.000, 0.000, 0.220, 40
train,    9, 43.612081,   19, 1.00,    5, 0.000, 0.000, 0.220, 41
train,    10, 2.999949,    8, 1.00,    0, 0.000, 0.000, 0.220, 41
train,    11, 11.281049,    7, 1.00,    1, 0.000, 0.000, 0.220, 41
train,    12, 67.365637,   33, 1.00,    9, 0.000, 0.000, 0.220, 41
train,    13, 40.796633,   19, 1.00,    5, 0.000, 0.000, 0.220, 41
train,    14, 7.810029,    7, 1.00,    2, 0.000, 0.000, 0.220, 41
train,    15, 11.126618,    9, 1.00,    2, 0.000, 0.000, 0.220, 41
train,    16, 11.698662,    8, 1.00,    3, 0.000, 0.000, 0.220, 41
train,    17, 12.648009,   11, 1.00,    2, 0.000, 0.000, 0.220, 41
train,    18, 139.577409,   77, 1.00,   13, 0.000, 0.000, 0.220, 41
train,    19, -0.762350,    5, 1.00,    2, 0.000, 0.000, 0.220, 41
train,    20, 30.023535,   19, 1.00,    5, 0.000, 0.000, 0.220, 41
train,    21, 9.419026,    8, 1.00,    1, 0.000, 0.000, 0.220, 41
train,    22, 38.681464,   20, 1.00,    5, 0.000, 0.000, 0.220, 41
train,    23, 44.312000,   25, 1.00,    5, 0.000, 0.000, 0.220, 41
train,    24, 32.605479,   17, 1.00,    5, 0.000, 0.000, 0.220, 41
val_save, 24, 29.969386, 1.0000,  15.4000,   4.0000, 0.0000,  27.6448
val,      24, 29.969386, 1.0000,  15.4000,   4.0000, 0.0000,  27.6448
train,    25, 42.561877,   19, 1.00,    5, 0.000, 0.000, 0.220, 41
train,    26, 3.805740,    6, 1.00,    2, 0.000, 0.000, 0.220, 42
train,    27, 32.827229,   19, 1.00,    6, 0.000, 0.000, 0.220, 42
train,    28, 5.692855,    7, 1.00,    1, 0.000, 0.000, 0.220, 42
train,    29, 43.033023,   22, 1.00,    5, 0.000, 0.000, 0.220, 42
train,    30, 8.685526,    9, 1.00,    1, 0.000, 0.000, 0.220, 42
train,    31, 16.799364,   15, 1.00,    5, 0.000, 0.000, 0.220, 42
train,    32, 42.495625,   19, 1.00,    5, 0.000, 0.000, 0.220, 42
train,    33, 9.886103,    9, 1.00,    2, 0.000, 0.000, 0.220, 42
train,    34, -7.274533,    2, 1.00,    2, 0.000, 0.000, 0.220, 42
train,    35, 40.847203,   20, 1.00,    4, 0.000, 0.000, 0.220, 42
train,    36, 0.008922,    4, 1.00,    1, 0.000, 0.000, 0.220, 42
train,    37, 5.608327,    7, 1.00,    3, 0.000, 0.000, 0.220, 42
train,    38, -9.021384,    1, 1.00,    1, 0.000, 0.000, 0.220, 42
train,    39, 35.447675,   16, 1.00,    2, 0.000, 0.000, 0.220, 42
train,    40, 2.136997,    6, 1.00,    1, 0.000, 0.000, 0.220, 42
train,    41, 19.592780,   14, 1.00,    4, 0.000, 0.000, 0.220, 42
train,    42, 8.379437,   15, 1.00,    5, 0.000, 0.000, 0.220, 42
train,    43, 17.661789,   11, 1.00,    4, 0.000, 0.000, 0.220, 42
train,    44, -3.542427,    4, 1.00,    1, 0.000, 0.000, 0.220, 43
train,    45, 24.693314,   12, 1.00,    4, 0.000, 0.000, 0.220, 43
train,    46, 12.666072,   17, 1.00,    3, 0.000, 0.000, 0.220, 43
train,    47, 347.619157,  150, 0.00,   15, 0.000, 0.000, 0.220, 43
train,    48, 23.548151,   14, 1.00,    3, 0.000, 0.000, 0.220, 43
train,    49, 8.435190,    8, 1.00,    1, 0.000, 0.000, 0.220, 43
val_save, 49, 47.614774, 1.0000,  23.6000,   4.8000, 0.0000,  27.4168
val,      49, 47.614774, 1.0000,  23.6000,   4.8000, 0.0000,  27.4168
train,    50, 1.681633,    7, 1.00,    1, 0.000, 0.000, 0.220, 43
train,    51, 49.064806,   28, 1.00,    5, 0.000, 0.000, 0.220, 43
train,    52, 19.642885,   12, 1.00,    2, 0.000, 0.000, 0.220, 43
train,    53, 15.538689,   13, 1.00,    5, 0.000, 0.000, 0.220, 43
train,    54, 34.690524,   16, 1.00,    2, 0.000, 0.000, 0.220, 43
update,   54,    1,  904, 19.843193, -0.000000
train,    55, 14.422372,   10, 1.00,    1, 0.000, 0.000, 0.220, 43
train,    56, 7.191177,    8, 1.00,    2, 0.000, 0.000, 0.220, 43
train,    57, 16.609678,   11, 1.00,    1, 0.000, 0.000, 0.220, 43
train,    58, 23.389036,   12, 1.00,    3, 0.000, 0.000, 0.220, 43
train,    59, 51.767710,   23, 1.00,    7, 0.000, 0.000, 0.220, 43
train,    60, 53.333020,   27, 1.00,    6, 0.000, 0.000, 0.220, 43
train,    61, 59.644564,   34, 1.00,   10, 0.000, 0.000, 0.220, 44
train,    62, 22.027411,   11, 1.00,    2, 0.000, 0.000, 0.220, 44
train,    63, 6.537772,    5, 1.00,    2, 0.000, 0.000, 0.220, 44
train,    64, 53.025824,   21, 1.00,    6, 0.000, 0.000, 0.220, 44
train,    65, 29.207973,   14, 1.00,    2, 0.000, 0.000, 0.220, 44
train,    66, 7.284744,    7, 1.00,    2, 0.000, 0.000, 0.220, 44
train,    67, 56.145374,   30, 1.00,    6, 0.000, 0.000, 0.220, 44
train,    68, 65.058424,   31, 1.00,    8, 0.000, 0.000, 0.220, 44
train,    69, 38.585599,   22, 1.00,    5, 0.000, 0.000, 0.220, 44
train,    70, 14.032338,    9, 1.00,    2, 0.000, 0.000, 0.220, 44
train,    71, 28.025451,   14, 1.00,    2, 0.000, 0.000, 0.220, 44
train,    72, 2.631827,    7, 1.00,    2, 0.000, 0.000, 0.220, 44
train,    73, 4.914258,    6, 1.00,    2, 0.000, 0.000, 0.220, 44
train,    74, 25.040909,   13, 1.00,    3, 0.000, 0.000, 0.220, 44
val_save, 74, 142.779395, 0.4000, 120.0000,  15.6000, 0.0000,  21.5789
val,      74, 142.779395, 0.4000, 120.0000,  15.6000, 0.0000,  21.5789
train,    75, 11.513388,    8, 1.00,    0, 0.000, 0.000, 0.220, 44
train,    76, 80.887333,   32, 1.00,    8, 0.000, 0.000, 0.220, 44
train,    77, 14.612045,    8, 1.00,    3, 0.000, 0.000, 0.220, 44
train,    78, 15.452331,   15, 1.00,    4, 0.000, 0.000, 0.220, 45
train,    79, 20.200688,   10, 1.00,    3, 0.000, 0.000, 0.220, 45
train,    80, 1.851939,    5, 1.00,    1, 0.000, 0.000, 0.220, 45
train,    81, 9.100500,    7, 1.00,    2, 0.000, 0.000, 0.220, 45
train,    82, 34.868651,   16, 1.00,    4, 0.000, 0.000, 0.220, 45
train,    83, 26.016532,   14, 1.00,    6, 0.000, 0.000, 0.220, 45
train,    84, 11.958178,   10, 1.00,    3, 0.000, 0.000, 0.220, 45
train,    85, 26.355299,   14, 1.00,    3, 0.000, 0.000, 0.220, 45
train,    86, 28.983298,   15, 1.00,    1, 0.000, 0.000, 0.220, 45
train,    87, -7.437834,    2, 1.00,    2, 0.000, 0.000, 0.220, 45
train,    88, 42.305839,   18, 1.00,    5, 0.000, 0.000, 0.220, 45
train,    89, 17.187222,   11, 1.00,    4, 0.000, 0.000, 0.220, 45
train,    90, 72.473585,   30, 1.00,    8, 0.000, 0.000, 0.220, 45
train,    91, 25.961155,   14, 1.00,    1, 0.000, 0.000, 0.220, 45
train,    92, 29.887272,   15, 1.00,    1, 0.000, 0.000, 0.220, 45
train,    93, 31.290918,   18, 1.00,    6, 0.000, 0.000, 0.220, 45
train,    94, 374.093010,  150, 0.00,   17, 0.000, 0.000, 0.220, 45
train,    95, 39.225486,   22, 1.00,    7, 0.000, 0.000, 0.220, 46
train,    96, 17.040620,    9, 1.00,    2, 0.000, 0.000, 0.220, 46
train,    97, 1.083393,    6, 1.00,    0, 0.000, 0.000, 0.220, 46
train,    98, 14.013638,   11, 1.00,    3, 0.000, 0.000, 0.220, 46
