init,     2026-04-13 17:23:17.903870
arguments,Namespace(PPO_epochs=4, adv_norm=1, alg='ppo', cuda=0, curriculum_clean_ratio=0.97, curriculum_entropy_decay=0.95, curriculum_mode='adaptive', curriculum_noise_step=0.003, curriculum_patience=4, entropy=0.22, entropy_min=0.1, eps_clip=0.12, gae_lambda=0.98, gamma=0.997, grad_clip=0.4, gymip_train_xml='inverted_pendulum_ChangeThk_0.050000.xml', hid_group_num=8, hid_group_size=8, hidden_num=64, ignore_checkpoint=True, lane_profile='auto', lr=0.00032, max_noise=0.015, mini_batch_size=224, model='rwtaspk', monitor_time=False, optimizer='rmsprop', rep=11, response_window=40, reward_scale=0.9, road_scenario='highway', rollout_steps=896, rwta_del_connection='none', seed=20284, snn_num_steps=15, task='gymip', thread=-1, traffic_level='dense', train_num=4800, warm_start_kind='none', warm_start_prefix='')
seed,     20284
model_dir,/root/autodl-tmp/SVPG2023/LANE/training_runs/ours/highway_dense/models
log_dir,  /root/autodl-tmp/SVPG2023/LANE/training_runs/ours/highway_dense/logs
train,    1, 2.792818,    6, 1.00,    4, 0.000, 0.000, 0.220, 44
train,    2, 8.569851,    9, 1.00,    2, 0.000, 0.000, 0.220, 44
train,    3, 6.341272,    8, 1.00,    3, 0.000, 0.000, 0.220, 44
train,    4, 20.898805,   12, 1.00,    3, 0.000, 0.000, 0.220, 44
train,    5, 38.476431,   33, 1.00,    9, 0.000, 0.000, 0.220, 44
train,    6, 29.010572,   15, 1.00,    4, 0.000, 0.000, 0.220, 44
train,    7, 14.321475,   10, 1.00,    2, 0.000, 0.000, 0.220, 44
train,    8, 18.553082,   13, 1.00,    2, 0.000, 0.000, 0.220, 44
train,    9, 3.398869,    6, 1.00,    1, 0.000, 0.000, 0.220, 44
train,    10, 3.542762,    6, 1.00,    2, 0.000, 0.000, 0.220, 45
train,    11, 10.470932,   11, 1.00,    5, 0.000, 0.000, 0.220, 45
train,    12, 74.346043,   31, 1.00,    7, 0.000, 0.000, 0.220, 45
train,    13, 15.561138,    9, 1.00,    1, 0.000, 0.000, 0.220, 45
train,    14, 4.979345,    7, 1.00,    3, 0.000, 0.000, 0.220, 45
train,    15, 4.331020,    6, 1.00,    2, 0.000, 0.000, 0.220, 45
train,    16, 111.653658,   47, 1.00,   11, 0.000, 0.000, 0.220, 45
train,    17, -8.188666,    2, 1.00,    2, 0.000, 0.000, 0.220, 45
train,    18, 32.882802,   15, 1.00,    4, 0.000, 0.000, 0.220, 45
train,    19, -3.032979,    4, 1.00,    1, 0.000, 0.000, 0.220, 45
train,    20, 11.384585,    9, 1.00,    3, 0.000, 0.000, 0.220, 45
train,    21, 8.950168,    8, 1.00,    2, 0.000, 0.000, 0.220, 45
train,    22, 3.841573,    6, 1.00,    2, 0.000, 0.000, 0.220, 45
train,    23, 21.274528,   13, 1.00,    3, 0.000, 0.000, 0.220, 45
train,    24, 9.119423,    8, 1.00,    2, 0.000, 0.000, 0.220, 45
val_save, 24, 30.965620, 1.0000,  15.4000,   4.2000, 0.0000,  26.5701
val,      24, 30.965620, 1.0000,  15.4000,   4.2000, 0.0000,  26.5701
train,    25, 7.793126,    8, 1.00,    1, 0.000, 0.000, 0.220, 45
train,    26, 54.527444,   27, 1.00,    9, 0.000, 0.000, 0.220, 45
train,    27, 41.005490,   22, 1.00,    4, 0.000, 0.000, 0.220, 45
train,    28, 24.569636,   12, 1.00,    2, 0.000, 0.000, 0.220, 45
train,    29, 5.763330,    7, 1.00,    1, 0.000, 0.000, 0.220, 46
train,    30, 34.180015,   17, 1.00,    3, 0.000, 0.000, 0.220, 46
train,    31, 29.839000,   15, 1.00,    4, 0.000, 0.000, 0.220, 46
train,    32, 12.521722,    9, 1.00,    4, 0.000, 0.000, 0.220, 46
train,    33, 50.372376,   25, 1.00,    4, 0.000, 0.000, 0.220, 46
train,    34, 23.288713,   13, 1.00,    4, 0.000, 0.000, 0.220, 46
train,    35, 31.205278,   15, 1.00,    3, 0.000, 0.000, 0.220, 46
train,    36, 83.111591,   39, 1.00,    9, 0.000, 0.000, 0.220, 46
train,    37, 21.063857,   12, 1.00,    5, 0.000, 0.000, 0.220, 46
train,    38, 4.334857,    6, 1.00,    1, 0.000, 0.000, 0.220, 46
train,    39, -5.460067,    3, 1.00,    2, 0.000, 0.000, 0.220, 46
train,    40, 15.671218,   11, 1.00,    2, 0.000, 0.000, 0.220, 46
train,    41, 6.573418,   10, 1.00,    3, 0.000, 0.000, 0.220, 46
train,    42, -2.850309,    4, 1.00,    4, 0.000, 0.000, 0.220, 46
train,    43, 16.243629,   10, 1.00,    2, 0.000, 0.000, 0.220, 46
train,    44, 5.638186,    6, 1.00,    2, 0.000, 0.000, 0.220, 46
train,    45, 1.318899,    6, 1.00,    2, 0.000, 0.000, 0.220, 46
train,    46, 23.478312,   12, 1.00,    1, 0.000, 0.000, 0.220, 46
train,    47, -2.820963,    4, 1.00,    2, 0.000, 0.000, 0.220, 46
train,    48, 11.762395,    9, 1.00,    1, 0.000, 0.000, 0.220, 47
train,    49, 46.691657,   23, 1.00,    6, 0.000, 0.000, 0.220, 47
val,      49, 16.217635, 1.0000,   9.4000,   2.4000, 0.0000,  28.0051
train,    50, 53.556718,   30, 1.00,    7, 0.000, 0.000, 0.220, 47
train,    51, 18.601381,   12, 1.00,    5, 0.000, 0.000, 0.220, 47
train,    52, -7.360241,    2, 1.00,    2, 0.000, 0.000, 0.220, 47
train,    53, 24.431491,   14, 1.00,    3, 0.000, 0.000, 0.220, 47
