init,     2026-04-13 12:57:44.005076
arguments,Namespace(PPO_epochs=4, adv_norm=1, alg='ppo', cuda=0, curriculum_clean_ratio=0.97, curriculum_entropy_decay=0.95, curriculum_mode='adaptive', curriculum_noise_step=0.003, curriculum_patience=4, entropy=0.22, entropy_min=0.1, eps_clip=0.12, gae_lambda=0.98, gamma=0.997, grad_clip=0.4, gymip_train_xml='inverted_pendulum_ChangeThk_0.050000.xml', hid_group_num=8, hid_group_size=8, hidden_num=64, ignore_checkpoint=True, lane_profile='auto', lr=0.00032, max_noise=0.015, mini_batch_size=224, model='rwtaspk', monitor_time=False, optimizer='rmsprop', rep=11, response_window=40, reward_scale=0.9, road_scenario='highway', rollout_steps=896, rwta_del_connection='none', seed=19384, snn_num_steps=15, task='gymip', thread=-1, traffic_level='dense', train_num=4800, warm_start_kind='none', warm_start_prefix='')
seed,     19384
model_dir,/root/autodl-tmp/SVPG2023/LANE/training_runs/ours/highway_dense/models
log_dir,  /root/autodl-tmp/SVPG2023/LANE/training_runs/ours/highway_dense/logs
profile,  lane auto-stabilize: lr->0.0005, gamma->0.995, PPO_epochs->4, eps_clip->0.15, rollout_steps->512, mini_batch_size->128, gae_lambda->0.97, grad_clip->0.5, curriculum_clean_ratio->0.8, max_noise->0.08, curriculum_noise_step->0.02, lr->0.00032, gamma->0.997, entropy->0.22, eps_clip->0.12, rollout_steps->896, mini_batch_size->224, gae_lambda->0.98, reward_scale->0.9, grad_clip->0.4, curriculum_clean_ratio->0.97, max_noise->0.015, curriculum_noise_step->0.003, curriculum_patience->3, curriculum_entropy_decay->0.94, curriculum_patience->4, curriculum_entropy_decay->0.95, train_num->4800
train,    1, 11.699473,   16, 1.00,    3, 0.000, 0.000, 0.220, 44
train,    2, 4.602882,    6, 1.00,    2, 0.000, 0.000, 0.220, 44
train,    3, -1.996282,    3, 1.00,    2, 0.000, 0.000, 0.220, 44
train,    4, 29.170148,   20, 1.00,    5, 0.000, 0.000, 0.220, 44
train,    5, 11.898742,    8, 1.00,    2, 0.000, 0.000, 0.220, 44
train,    6, 9.668170,    6, 1.00,    1, 0.000, 0.000, 0.220, 44
train,    7, 10.575412,    8, 1.00,    3, 0.000, 0.000, 0.220, 44
train,    8, 46.090826,   20, 1.00,    7, 0.000, 0.000, 0.220, 44
train,    9, 5.963131,    8, 1.00,    2, 0.000, 0.000, 0.220, 44
train,    10, -1.007011,    4, 1.00,    1, 0.000, 0.000, 0.220, 45
train,    11, -6.354884,    2, 1.00,    1, 0.000, 0.000, 0.220, 45
train,    12, 22.805196,   13, 1.00,    2, 0.000, 0.000, 0.220, 45
train,    13, 5.776902,    7, 1.00,    2, 0.000, 0.000, 0.220, 45
train,    14, 36.157273,   22, 1.00,    3, 0.000, 0.000, 0.220, 45
train,    15, 33.275352,   18, 1.00,    3, 0.000, 0.000, 0.220, 45
train,    16, 31.704126,   17, 1.00,    2, 0.000, 0.000, 0.220, 45
train,    17, 38.207009,   18, 1.00,    3, 0.000, 0.000, 0.220, 45
train,    18, -6.425549,    2, 1.00,    1, 0.000, 0.000, 0.220, 45
train,    19, 8.900850,    7, 1.00,    2, 0.000, 0.000, 0.220, 45
train,    20, 3.986693,    5, 1.00,    1, 0.000, 0.000, 0.220, 45
train,    21, -6.651994,    2, 1.00,    1, 0.000, 0.000, 0.220, 45
train,    22, 4.564704,    6, 1.00,    2, 0.000, 0.000, 0.220, 45
train,    23, 0.308417,    3, 1.00,    2, 0.000, 0.000, 0.220, 45
train,    24, 5.447499,    6, 1.00,    1, 0.000, 0.000, 0.220, 45
val_save, 24, 6.596832, 1.0000,   6.8000,   1.4000, 0.0000,  27.4626
val,      24, 6.596832, 1.0000,   6.8000,   1.4000, 0.0000,  27.4626
train,    25, 3.533673,    6, 1.00,    1, 0.000, 0.000, 0.220, 45
train,    26, 7.759731,    7, 1.00,    3, 0.000, 0.000, 0.220, 45
train,    27, 0.514479,    5, 1.00,    1, 0.000, 0.000, 0.220, 45
train,    28, 25.776247,   13, 1.00,    2, 0.000, 0.000, 0.220, 45
train,    29, 2.376229,    4, 1.00,    0, 0.000, 0.000, 0.220, 46
train,    30, 7.595654,    7, 1.00,    1, 0.000, 0.000, 0.220, 46
train,    31, 55.285339,   25, 1.00,    4, 0.000, 0.000, 0.220, 46
train,    32, 18.811819,   14, 1.00,    4, 0.000, 0.000, 0.220, 46
train,    33, 3.219846,    5, 1.00,    1, 0.000, 0.000, 0.220, 46
train,    34, 16.910814,   10, 1.00,    2, 0.000, 0.000, 0.220, 46
train,    35, 25.105719,   14, 1.00,    4, 0.000, 0.000, 0.220, 46
train,    36, 5.779806,    6, 1.00,    1, 0.000, 0.000, 0.220, 46
train,    37, 15.876556,   13, 1.00,    4, 0.000, 0.000, 0.220, 46
train,    38, -6.401623,    2, 1.00,    1, 0.000, 0.000, 0.220, 46
train,    39, 2.227221,    5, 1.00,    2, 0.000, 0.000, 0.220, 46
train,    40, 17.129148,   12, 1.00,    4, 0.000, 0.000, 0.220, 46
train,    41, -5.367847,    2, 1.00,    1, 0.000, 0.000, 0.220, 46
train,    42, 7.238185,    6, 1.00,    1, 0.000, 0.000, 0.220, 46
train,    43, 18.052406,   13, 1.00,    2, 0.000, 0.000, 0.220, 46
train,    44, 37.421650,   18, 1.00,    5, 0.000, 0.000, 0.220, 46
train,    45, 4.370214,    5, 1.00,    1, 0.000, 0.000, 0.220, 46
train,    46, 35.942387,   19, 1.00,    2, 0.000, 0.000, 0.220, 46
train,    47, 40.068927,   18, 1.00,    4, 0.000, 0.000, 0.220, 46
train,    48, 55.626767,   26, 1.00,    3, 0.000, 0.000, 0.220, 47
train,    49, 13.268206,    9, 1.00,    1, 0.000, 0.000, 0.220, 47
val_save, 49, 19.676748, 1.0000,  10.4000,   2.2000, 0.0000,  27.7639
val,      49, 19.676748, 1.0000,  10.4000,   2.2000, 0.0000,  27.7639
train,    50, 6.972609,    4, 1.00,    0, 0.000, 0.000, 0.220, 47
train,    51, 17.341128,    9, 1.00,    3, 0.000, 0.000, 0.220, 47
train,    52, 10.462819,    9, 1.00,    1, 0.000, 0.000, 0.220, 47
train,    53, -6.770311,    2, 1.00,    1, 0.000, 0.000, 0.220, 47
train,    54, 3.145297,    5, 1.00,    1, 0.000, 0.000, 0.220, 47
train,    55, 21.115158,   20, 1.00,    2, 0.000, 0.000, 0.220, 47
train,    56, 13.076751,   12, 1.00,    1, 0.000, 0.000, 0.220, 47
train,    57, 20.303562,   14, 1.00,    3, 0.000, 0.000, 0.220, 47
train,    58, 8.259798,    6, 1.00,    1, 0.000, 0.000, 0.220, 47
train,    59, 26.845673,   13, 1.00,    3, 0.000, 0.000, 0.220, 47
train,    60, 12.772621,    9, 1.00,    1, 0.000, 0.000, 0.220, 47
train,    61, 14.631449,    8, 1.00,    1, 0.000, 0.000, 0.220, 47
train,    62, 9.522329,    9, 1.00,    2, 0.000, 0.000, 0.220, 47
