init,     2026-04-13 01:37:34.013437
arguments,Namespace(PPO_epochs=4, adv_norm=1, alg='ppo', cuda=0, curriculum_clean_ratio=0.94, curriculum_entropy_decay=0.94, curriculum_mode='adaptive', curriculum_noise_step=0.006, curriculum_patience=3, entropy=0.34, entropy_min=0.12, eps_clip=0.12, gae_lambda=0.98, gamma=0.997, grad_clip=0.4, gymip_train_xml='inverted_pendulum_ChangeThk_0.050000.xml', hid_group_num=8, hid_group_size=8, hidden_num=64, ignore_checkpoint=True, lane_profile='auto', lr=0.00035, max_noise=0.03, mini_batch_size=224, model='rwtaspk', monitor_time=False, optimizer='rmsprop', rep=11, response_window=40, reward_scale=0.9, road_scenario='highway', rollout_steps=896, rwta_del_connection='none', seed=14062, snn_num_steps=15, task='gymip', thread=-1, traffic_level='dense', train_num=6000, warm_start_kind='none', warm_start_prefix='')
seed,     14062
model_dir,/root/autodl-tmp/SVPG2023/LANE/training_runs/ours/highway_dense/models
log_dir,  /root/autodl-tmp/SVPG2023/LANE/training_runs/ours/highway_dense/logs
profile,  lane auto-stabilize: lr->0.0005, gamma->0.995, PPO_epochs->4, eps_clip->0.15, rollout_steps->512, mini_batch_size->128, gae_lambda->0.97, grad_clip->0.5, curriculum_clean_ratio->0.8, max_noise->0.08, curriculum_noise_step->0.02, lr->0.00035, gamma->0.997, entropy->0.34, entropy_min->0.12, eps_clip->0.12, rollout_steps->896, mini_batch_size->224, gae_lambda->0.98, reward_scale->0.9, grad_clip->0.4, curriculum_clean_ratio->0.94, max_noise->0.03, curriculum_noise_step->0.006, curriculum_patience->3, curriculum_entropy_decay->0.94
train,    1, 21.170064,   15, 1.00,    3, 0.000, 0.000, 0.340, 40
train,    2, -0.233856,    8, 1.00,    3, 0.000, 0.000, 0.340, 40
train,    3, 10.235636,   16, 1.00,    9, 0.000, 0.000, 0.340, 40
train,    4, 0.355821,    6, 1.00,    4, 0.000, 0.000, 0.340, 40
train,    5, 8.443200,   10, 1.00,    3, 0.000, 0.000, 0.340, 40
train,    6, -1.326703,    5, 1.00,    2, 0.000, 0.000, 0.340, 40
train,    7, -4.582764,    3, 1.00,    1, 0.000, 0.000, 0.340, 40
train,    8, -6.448484,    2, 1.00,    2, 0.000, 0.000, 0.340, 40
train,    9, -5.108105,    3, 1.00,    1, 0.000, 0.000, 0.340, 41
train,    10, 5.018767,    9, 1.00,    2, 0.000, 0.000, 0.340, 41
train,    11, 7.671488,    9, 1.00,    4, 0.000, 0.000, 0.340, 41
train,    12, 5.303037,    8, 1.00,    2, 0.000, 0.000, 0.340, 41
train,    13, 0.681089,    5, 1.00,    3, 0.000, 0.000, 0.340, 41
train,    14, 1.919390,    6, 1.00,    2, 0.000, 0.000, 0.340, 41
train,    15, 4.115809,    8, 1.00,    2, 0.000, 0.000, 0.340, 41
train,    16, 5.272116,    7, 1.00,    5, 0.000, 0.000, 0.340, 41
train,    17, 13.987130,   20, 1.00,    9, 0.000, 0.000, 0.340, 41
train,    18, 9.058045,   10, 1.00,    2, 0.000, 0.000, 0.340, 41
train,    19, -5.611049,    2, 1.00,    1, 0.000, 0.000, 0.340, 41
train,    20, 15.388835,   16, 1.00,    9, 0.000, 0.000, 0.340, 41
train,    21, 23.042329,   17, 1.00,    6, 0.000, 0.000, 0.340, 41
train,    22, -3.121151,    4, 1.00,    3, 0.000, 0.000, 0.340, 41
train,    23, 1.690629,    6, 1.00,    3, 0.000, 0.000, 0.340, 41
train,    24, -1.975531,    5, 1.00,    2, 0.000, 0.000, 0.340, 41
val_save, 24, -1.830181, 1.0000,   5.2000,   5.2000, 0.0000,  22.5500
val,      24, -1.830181, 1.0000,   5.2000,   5.2000, 0.0000,  22.5500
train,    25, 36.078665,   34, 1.00,   15, 0.000, 0.000, 0.340, 42
train,    26, -1.168996,    5, 1.00,    2, 0.000, 0.000, 0.340, 42
train,    27, 10.537525,   11, 1.00,    6, 0.000, 0.000, 0.340, 42
train,    28, 19.817647,   25, 1.00,    9, 0.000, 0.000, 0.340, 42
train,    29, 4.278909,   11, 1.00,    5, 0.000, 0.000, 0.340, 42
train,    30, 0.334903,    6, 1.00,    2, 0.000, 0.000, 0.340, 42
train,    31, -0.539746,    5, 1.00,    1, 0.000, 0.000, 0.340, 42
train,    32, -1.738595,    6, 1.00,    4, 0.000, 0.000, 0.340, 42
train,    33, 11.603914,   14, 1.00,    4, 0.000, 0.000, 0.340, 42
train,    34, 16.786109,   19, 1.00,    6, 0.000, 0.000, 0.340, 42
train,    35, -0.149084,    5, 1.00,    2, 0.000, 0.000, 0.340, 42
train,    36, -2.641427,    4, 1.00,    2, 0.000, 0.000, 0.340, 42
train,    37, 19.098356,   18, 1.00,    6, 0.000, 0.000, 0.340, 42
train,    38, -2.302061,    5, 1.00,    4, 0.000, 0.000, 0.340, 42
train,    39, -0.964448,    7, 1.00,    1, 0.000, 0.000, 0.340, 42
train,    40, 0.447307,    6, 1.00,    2, 0.000, 0.000, 0.340, 42
train,    41, -0.663547,    6, 1.00,    4, 0.000, 0.000, 0.340, 43
train,    42, -1.426444,    7, 1.00,    2, 0.000, 0.000, 0.340, 43
train,    43, -2.069661,    3, 1.00,    1, 0.000, 0.000, 0.340, 43
train,    44, 10.137681,   10, 1.00,    4, 0.000, 0.000, 0.340, 43
train,    45, -2.526121,    4, 1.00,    2, 0.000, 0.000, 0.340, 43
train,    46, -1.804362,    4, 1.00,    1, 0.000, 0.000, 0.340, 43
train,    47, -3.708194,    4, 1.00,    3, 0.000, 0.000, 0.340, 43
train,    48, 9.060918,   14, 1.00,    7, 0.000, 0.000, 0.340, 43
train,    49, 12.836466,   14, 1.00,    1, 0.000, 0.000, 0.340, 43
val,      49, 10.437942, 1.0000,  13.0000,  13.0000, 0.0000,  23.8344
train,    50, -1.714122,    4, 1.00,    2, 0.000, 0.000, 0.340, 43
train,    51, -5.690722,    2, 1.00,    2, 0.000, 0.000, 0.340, 43
train,    52, -3.904718,    3, 1.00,    2, 0.000, 0.000, 0.340, 43
train,    53, -5.805032,    2, 1.00,    1, 0.000, 0.000, 0.340, 43
train,    54, 5.265401,    7, 1.00,    2, 0.000, 0.000, 0.340, 43
train,    55, 3.850810,   11, 1.00,    5, 0.000, 0.000, 0.340, 43
