init,     2026-04-13 14:53:51.569633
arguments,Namespace(PPO_epochs=4, adv_norm=1, alg='ppo', cuda=0, curriculum_clean_ratio=0.97, curriculum_entropy_decay=0.95, curriculum_mode='adaptive', curriculum_noise_step=0.003, curriculum_patience=4, entropy=0.22, entropy_min=0.1, eps_clip=0.12, gae_lambda=0.98, gamma=0.997, grad_clip=0.4, gymip_train_xml='inverted_pendulum_ChangeThk_0.050000.xml', hid_group_num=8, hid_group_size=8, hidden_num=64, ignore_checkpoint=True, lane_profile='auto', lr=0.00032, max_noise=0.015, mini_batch_size=224, model='rwtaspk', monitor_time=False, optimizer='rmsprop', rep=11, response_window=40, reward_scale=0.9, road_scenario='highway', rollout_steps=896, rwta_del_connection='none', seed=19884, snn_num_steps=15, task='gymip', thread=-1, traffic_level='dense', train_num=4800, warm_start_kind='none', warm_start_prefix='')
seed,     19884
model_dir,/root/autodl-tmp/SVPG2023/LANE/training_runs/ours/highway_dense/models
log_dir,  /root/autodl-tmp/SVPG2023/LANE/training_runs/ours/highway_dense/logs
profile,  lane auto-stabilize: lr->0.0005, gamma->0.995, PPO_epochs->4, eps_clip->0.15, rollout_steps->512, mini_batch_size->128, gae_lambda->0.97, grad_clip->0.5, curriculum_clean_ratio->0.8, max_noise->0.08, curriculum_noise_step->0.02, lr->0.00032, gamma->0.997, entropy->0.22, eps_clip->0.12, rollout_steps->896, mini_batch_size->224, gae_lambda->0.98, reward_scale->0.9, grad_clip->0.4, curriculum_clean_ratio->0.97, max_noise->0.015, curriculum_noise_step->0.003, curriculum_patience->3, curriculum_entropy_decay->0.94, curriculum_patience->4, curriculum_entropy_decay->0.95, train_num->4800
train,    1, 10.008391,    6, 1.00,    1, 0.000, 0.000, 0.220, 44
train,    2, 27.598277,   16, 1.00,    3, 0.000, 0.000, 0.220, 44
train,    3, 68.286605,   52, 1.00,    8, 0.000, 0.000, 0.220, 44
train,    4, 28.466556,   14, 1.00,    4, 0.000, 0.000, 0.220, 44
train,    5, 23.741363,   18, 1.00,    4, 0.000, 0.000, 0.220, 44
train,    6, 116.167630,   48, 1.00,   13, 0.000, 0.000, 0.220, 44
train,    7, 1.803071,    4, 1.00,    1, 0.000, 0.000, 0.220, 44
train,    8, 41.918008,   20, 1.00,    5, 0.000, 0.000, 0.220, 44
train,    9, 42.175715,   22, 1.00,    5, 0.000, 0.000, 0.220, 44
train,    10, -6.633952,    2, 1.00,    1, 0.000, 0.000, 0.220, 45
train,    11, 42.878690,   16, 1.00,    2, 0.000, 0.000, 0.220, 45
train,    12, 26.952344,   13, 1.00,    4, 0.000, 0.000, 0.220, 45
train,    13, 43.388794,   21, 1.00,    4, 0.000, 0.000, 0.220, 45
train,    14, 11.683513,   11, 1.00,    2, 0.000, 0.000, 0.220, 45
train,    15, 29.247172,   14, 1.00,    3, 0.000, 0.000, 0.220, 45
train,    16, 4.447431,    5, 1.00,    1, 0.000, 0.000, 0.220, 45
train,    17, 23.060818,   15, 1.00,    4, 0.000, 0.000, 0.220, 45
train,    18, -6.752780,    2, 1.00,    1, 0.000, 0.000, 0.220, 45
train,    19, 4.976359,    6, 1.00,    2, 0.000, 0.000, 0.220, 45
train,    20, 3.391623,    5, 1.00,    1, 0.000, 0.000, 0.220, 45
train,    21, 11.165318,    8, 1.00,    2, 0.000, 0.000, 0.220, 45
train,    22, 42.069911,   19, 1.00,    3, 0.000, 0.000, 0.220, 45
train,    23, 29.825138,   15, 1.00,    4, 0.000, 0.000, 0.220, 45
train,    24, -0.669829,    4, 1.00,    2, 0.000, 0.000, 0.220, 45
val_save, 24, 22.725186, 1.0000,  11.4000,   2.8000, 0.0000,  27.4098
val,      24, 22.725186, 1.0000,  11.4000,   2.8000, 0.0000,  27.4098
train,    25, 19.984873,   11, 1.00,    3, 0.000, 0.000, 0.220, 45
train,    26, 1.429261,    5, 1.00,    2, 0.000, 0.000, 0.220, 45
train,    27, 13.387453,    9, 1.00,    1, 0.000, 0.000, 0.220, 45
train,    28, 20.567640,   12, 1.00,    1, 0.000, 0.000, 0.220, 45
train,    29, 35.377503,   15, 1.00,    4, 0.000, 0.000, 0.220, 46
train,    30, 20.237008,   12, 1.00,    3, 0.000, 0.000, 0.220, 46
train,    31, 23.591621,   14, 1.00,    2, 0.000, 0.000, 0.220, 46
train,    32, 0.225796,    4, 1.00,    2, 0.000, 0.000, 0.220, 46
train,    33, 6.088592,    7, 1.00,    1, 0.000, 0.000, 0.220, 46
train,    34, -0.924178,    4, 1.00,    2, 0.000, 0.000, 0.220, 46
train,    35, 25.758586,   16, 1.00,    4, 0.000, 0.000, 0.220, 46
train,    36, 10.021601,    8, 1.00,    2, 0.000, 0.000, 0.220, 46
train,    37, 29.106841,   14, 1.00,    3, 0.000, 0.000, 0.220, 46
train,    38, 54.192146,   24, 1.00,    6, 0.000, 0.000, 0.220, 46
train,    39, 4.985590,    4, 1.00,    1, 0.000, 0.000, 0.220, 46
train,    40, 14.476477,   10, 1.00,    1, 0.000, 0.000, 0.220, 46
train,    41, -1.648672,    4, 1.00,    1, 0.000, 0.000, 0.220, 46
train,    42, 47.342397,   24, 1.00,    4, 0.000, 0.000, 0.220, 46
train,    43, 15.326143,    9, 1.00,    2, 0.000, 0.000, 0.220, 46
train,    44, 55.903514,   24, 1.00,    5, 0.000, 0.000, 0.220, 46
train,    45, 8.027828,    8, 1.00,    1, 0.000, 0.000, 0.220, 46
train,    46, 52.340182,   31, 1.00,   11, 0.000, 0.000, 0.220, 46
train,    47, 44.305402,   23, 1.00,    9, 0.000, 0.000, 0.220, 46
train,    48, -4.341000,    2, 1.00,    1, 0.000, 0.000, 0.220, 47
train,    49, 75.882632,   33, 1.00,    8, 0.000, 0.000, 0.220, 47
val,      49, 3.506969, 1.0000,   5.2000,   1.6000, 0.0000,  26.5192
train,    50, 11.775305,    8, 1.00,    1, 0.000, 0.000, 0.220, 47
train,    51, 2.026421,    5, 1.00,    1, 0.000, 0.000, 0.220, 47
train,    52, 14.164723,    9, 1.00,    2, 0.000, 0.000, 0.220, 47
train,    53, -6.717483,    2, 1.00,    1, 0.000, 0.000, 0.220, 47
train,    54, 17.967773,   13, 1.00,    3, 0.000, 0.000, 0.220, 47
train,    55, 8.089499,    7, 1.00,    1, 0.000, 0.000, 0.220, 47
train,    56, 14.745727,    9, 1.00,    2, 0.000, 0.000, 0.220, 47
train,    57, 4.647231,    6, 1.00,    2, 0.000, 0.000, 0.220, 47
train,    58, 18.877562,   11, 1.00,    2, 0.000, 0.000, 0.220, 47
train,    59, -0.228527,    4, 1.00,    2, 0.000, 0.000, 0.220, 47
train,    60, 17.681995,    9, 1.00,    1, 0.000, 0.000, 0.220, 47
train,    61, 30.623181,   18, 1.00,    6, 0.000, 0.000, 0.220, 47
train,    62, 12.573576,   10, 1.00,    1, 0.000, 0.000, 0.220, 47
train,    63, 17.292735,   10, 1.00,    3, 0.000, 0.000, 0.220, 47
train,    64, 42.353040,   24, 1.00,    6, 0.000, 0.000, 0.220, 47
train,    65, 24.071640,   14, 1.00,    4, 0.000, 0.000, 0.220, 47
train,    66, 40.980898,   18, 1.00,    4, 0.000, 0.000, 0.220, 47
train,    67, 11.149593,    7, 1.00,    2, 0.000, 0.000, 0.220, 48
train,    68, 48.597906,   20, 1.00,    4, 0.000, 0.000, 0.220, 48
train,    69, 2.627227,    4, 1.00,    2, 0.000, 0.000, 0.220, 48
train,    70, 16.158558,    8, 1.00,    2, 0.000, 0.000, 0.220, 48
update,   70,    1,  899, 10.343626, 0.000000
train,    71, -1.263318,    4, 1.00,    2, 0.000, 0.000, 0.220, 48
train,    72, -1.617658,    4, 1.00,    0, 0.000, 0.000, 0.220, 48
train,    73, 32.168440,   17, 1.00,    5, 0.000, 0.000, 0.220, 48
train,    74, 119.721743,   58, 1.00,   18, 0.000, 0.000, 0.220, 48
val,      74, 11.800406, 1.0000,   8.8000,   2.6000, 0.0000,  26.3388
train,    75, 6.266858,    7, 1.00,    1, 0.000, 0.000, 0.220, 48
train,    76, -2.466094,    4, 1.00,    1, 0.000, 0.000, 0.220, 48
train,    77, 1.100780,    5, 1.00,    2, 0.000, 0.000, 0.220, 48
train,    78, 1.353462,    5, 1.00,    1, 0.000, 0.000, 0.220, 48
train,    79, 17.348509,   11, 1.00,    2, 0.000, 0.000, 0.220, 48
train,    80, 37.903439,   17, 1.00,    4, 0.000, 0.000, 0.220, 48
train,    81, 3.356986,    6, 1.00,    1, 0.000, 0.000, 0.220, 48
train,    82, 6.201075,    6, 1.00,    2, 0.000, 0.000, 0.220, 48
train,    83, 26.213960,   14, 1.00,    3, 0.000, 0.000, 0.220, 48
train,    84, 3.540491,    6, 1.00,    2, 0.000, 0.000, 0.220, 48
train,    85, 26.088095,   13, 1.00,    3, 0.000, 0.000, 0.220, 48
train,    86, 11.581261,    7, 1.00,    2, 0.000, 0.000, 0.220, 49
train,    87, 7.595235,    7, 1.00,    2, 0.000, 0.000, 0.220, 49
train,    88, 8.535142,    6, 1.00,    1, 0.000, 0.000, 0.220, 49
train,    89, 35.983612,   18, 1.00,    3, 0.000, 0.000, 0.220, 49
train,    90, 24.284794,   12, 1.00,    1, 0.000, 0.000, 0.220, 49
train,    91, -2.544547,    3, 1.00,    1, 0.000, 0.000, 0.220, 49
train,    92, 8.870324,    7, 1.00,    2, 0.000, 0.000, 0.220, 49
train,    93, 4.175518,    5, 1.00,    2, 0.000, 0.000, 0.220, 49
train,    94, 27.119817,   11, 1.00,    1, 0.000, 0.000, 0.220, 49
train,    95, 10.012612,   10, 1.00,    3, 0.000, 0.000, 0.220, 49
train,    96, 9.365446,    9, 1.00,    2, 0.000, 0.000, 0.220, 49
train,    97, 14.986190,   10, 1.00,    2, 0.000, 0.000, 0.220, 49
train,    98, 18.742149,   11, 1.00,    3, 0.000, 0.000, 0.220, 49
train,    99, -6.375536,    2, 1.00,    1, 0.000, 0.000, 0.220, 49
val,      99, 2.371274, 1.0000,   5.0000,   1.2000, 0.0000,  25.8272
train,    100, 1.540510,    5, 1.00,    3, 0.000, 0.000, 0.220, 49
