init,     2026-04-13 11:30:20.577310
arguments,Namespace(PPO_epochs=4, adv_norm=1, alg='ppo', cuda=0, curriculum_clean_ratio=0.94, curriculum_entropy_decay=0.94, curriculum_mode='adaptive', curriculum_noise_step=0.006, curriculum_patience=3, entropy=0.34, entropy_min=0.12, eps_clip=0.12, gae_lambda=0.98, gamma=0.997, grad_clip=0.4, gymip_train_xml='inverted_pendulum_ChangeThk_0.050000.xml', hid_group_num=8, hid_group_size=8, hidden_num=64, ignore_checkpoint=True, lane_profile='auto', lr=0.00035, max_noise=0.03, mini_batch_size=224, model='rwtaspk', monitor_time=False, optimizer='rmsprop', rep=11, response_window=40, reward_scale=0.9, road_scenario='highway', rollout_steps=896, rwta_del_connection='none', seed=14284, snn_num_steps=15, task='gymip', thread=-1, traffic_level='dense', train_num=5000, warm_start_kind='none', warm_start_prefix='')
seed,     14284
model_dir,/root/autodl-tmp/SVPG2023/LANE/training_runs/ours/highway_dense/models
log_dir,  /root/autodl-tmp/SVPG2023/LANE/training_runs/ours/highway_dense/logs
profile,  lane auto-stabilize: lr->0.0005, gamma->0.995, PPO_epochs->4, eps_clip->0.15, rollout_steps->512, mini_batch_size->128, gae_lambda->0.97, grad_clip->0.5, curriculum_clean_ratio->0.8, max_noise->0.08, curriculum_noise_step->0.02, lr->0.00035, gamma->0.997, entropy->0.34, entropy_min->0.12, eps_clip->0.12, rollout_steps->896, mini_batch_size->224, gae_lambda->0.98, reward_scale->0.9, grad_clip->0.4, curriculum_clean_ratio->0.94, max_noise->0.03, curriculum_noise_step->0.006, curriculum_patience->3, curriculum_entropy_decay->0.94
train,    1, 2.141297,    6, 1.00,    1, 0.000, 0.000, 0.340, 50
train,    2, 54.804629,   41, 1.00,    6, 0.000, 0.000, 0.340, 50
train,    3, 13.735425,   10, 1.00,    1, 0.000, 0.000, 0.340, 50
train,    4, 3.926301,    5, 1.00,    1, 0.000, 0.000, 0.340, 50
train,    5, 14.254275,   10, 1.00,    2, 0.000, 0.000, 0.340, 50
train,    6, 36.558745,   18, 1.00,    4, 0.000, 0.000, 0.340, 50
train,    7, 5.444959,    6, 1.00,    1, 0.000, 0.000, 0.340, 50
train,    8, 45.565782,   24, 1.00,    6, 0.000, 0.000, 0.340, 50
train,    9, 4.534237,    6, 1.00,    1, 0.000, 0.000, 0.340, 51
train,    10, 1.548454,    6, 1.00,    1, 0.000, 0.000, 0.340, 51
train,    11, 3.731012,    5, 1.00,    1, 0.000, 0.000, 0.340, 51
train,    12, 29.168695,   15, 1.00,    1, 0.000, 0.000, 0.340, 51
train,    13, 13.060630,    9, 1.00,    2, 0.000, 0.000, 0.340, 51
train,    14, 32.267542,   15, 1.00,    3, 0.000, 0.000, 0.340, 51
train,    15, 70.189894,   30, 1.00,    7, 0.000, 0.000, 0.340, 51
train,    16, 48.179304,   23, 1.00,    7, 0.000, 0.000, 0.340, 51
train,    17, -0.658556,    5, 1.00,    0, 0.000, 0.000, 0.340, 51
train,    18, 10.200571,    8, 1.00,    1, 0.000, 0.000, 0.340, 51
train,    19, 40.016372,   25, 1.00,    3, 0.000, 0.000, 0.340, 51
train,    20, 47.660678,   27, 1.00,    3, 0.000, 0.000, 0.340, 51
train,    21, 22.861429,   12, 1.00,    4, 0.000, 0.000, 0.340, 51
train,    22, 59.231786,   38, 1.00,    9, 0.000, 0.000, 0.340, 51
train,    23, 42.020574,   21, 1.00,    5, 0.000, 0.000, 0.340, 51
train,    24, -5.422621,    2, 1.00,    2, 0.000, 0.000, 0.340, 51
val_save, 24, 16.858996, 1.0000,   9.4000,   2.0000, 0.0000,  28.8572
val,      24, 16.858996, 1.0000,   9.4000,   2.0000, 0.0000,  28.8572
train,    25, 14.075936,    8, 1.00,    0, 0.000, 0.000, 0.340, 52
train,    26, 8.048017,    8, 1.00,    1, 0.000, 0.000, 0.340, 52
train,    27, 19.958283,   12, 1.00,    1, 0.000, 0.000, 0.340, 52
train,    28, 33.265930,   15, 1.00,    3, 0.000, 0.000, 0.340, 52
train,    29, 56.607748,   32, 1.00,   10, 0.000, 0.000, 0.340, 52
train,    30, 14.669508,   12, 1.00,    3, 0.000, 0.000, 0.340, 52
train,    31, 326.004760,  150, 0.00,   27, 0.000, 0.000, 0.340, 52
train,    32, 8.095324,    7, 1.00,    1, 0.000, 0.000, 0.340, 52
train,    33, 21.756701,   14, 1.00,    3, 0.000, 0.000, 0.340, 52
train,    34, 76.061750,   31, 1.00,    9, 0.000, 0.000, 0.340, 52
train,    35, -0.823853,    4, 1.00,    1, 0.000, 0.000, 0.340, 52
train,    36, 56.545192,   28, 1.00,    6, 0.000, 0.000, 0.340, 52
train,    37, 42.926007,   24, 1.00,    4, 0.000, 0.000, 0.340, 52
train,    38, 10.589959,    7, 1.00,    1, 0.000, 0.000, 0.340, 52
train,    39, 12.260121,    9, 1.00,    2, 0.000, 0.000, 0.340, 52
train,    40, -2.518679,    3, 1.00,    0, 0.000, 0.000, 0.340, 52
train,    41, 50.612181,   24, 1.00,    2, 0.000, 0.000, 0.340, 52
train,    42, 9.143265,   11, 1.00,    2, 0.000, 0.000, 0.340, 53
train,    43, 2.978059,    5, 1.00,    0, 0.000, 0.000, 0.340, 53
train,    44, 61.008698,   37, 1.00,    4, 0.000, 0.000, 0.340, 53
train,    45, 19.357290,   11, 1.00,    1, 0.000, 0.000, 0.340, 53
train,    46, 18.963355,    9, 1.00,    4, 0.000, 0.000, 0.340, 53
train,    47, 12.009185,    8, 1.00,    1, 0.000, 0.000, 0.340, 53
train,    48, 32.494943,   18, 1.00,    1, 0.000, 0.000, 0.340, 53
train,    49, 24.812534,   13, 1.00,    5, 0.000, 0.000, 0.340, 53
val,      49, 17.780439, 1.0000,  10.6000,   1.4000, 0.0000,  27.5041
train,    50, 8.418295,    7, 1.00,    0, 0.000, 0.000, 0.340, 53
train,    51, 2.968718,    7, 1.00,    1, 0.000, 0.000, 0.340, 53
train,    52, 1.716666,    5, 1.00,    3, 0.000, 0.000, 0.340, 53
train,    53, 18.525650,   11, 1.00,    2, 0.000, 0.000, 0.340, 53
update,   53,    1,  897, 19.342377, -0.000000
train,    54, 5.782657,    7, 1.00,    1, 0.000, 0.000, 0.340, 53
train,    55, 64.059488,   32, 1.00,    5, 0.000, 0.000, 0.340, 53
train,    56, 26.656872,   14, 1.00,    2, 0.000, 0.000, 0.340, 53
train,    57, 5.424404,    6, 1.00,    3, 0.000, 0.000, 0.340, 53
train,    58, 6.065278,    7, 1.00,    3, 0.000, 0.000, 0.340, 54
train,    59, 4.086185,    5, 1.00,    3, 0.000, 0.000, 0.340, 54
train,    60, 7.297573,    6, 1.00,    0, 0.000, 0.000, 0.340, 54
train,    61, 26.473895,   14, 1.00,    4, 0.000, 0.000, 0.340, 54
train,    62, 20.418449,   14, 1.00,    4, 0.000, 0.000, 0.340, 54
train,    63, 15.591136,   11, 1.00,    2, 0.000, 0.000, 0.340, 54
train,    64, 5.461158,    6, 1.00,    2, 0.000, 0.000, 0.340, 54
train,    65, 0.259638,    5, 1.00,    2, 0.000, 0.000, 0.340, 54
train,    66, 14.721982,   13, 1.00,    1, 0.000, 0.000, 0.340, 54
train,    67, 5.445618,    7, 1.00,    2, 0.000, 0.000, 0.340, 54
train,    68, 3.184294,    6, 1.00,    1, 0.000, 0.000, 0.340, 54
train,    69, 0.719581,    5, 1.00,    0, 0.000, 0.000, 0.340, 54
train,    70, 17.248326,   11, 1.00,    5, 0.000, 0.000, 0.340, 54
train,    71, 8.336567,    8, 1.00,    3, 0.000, 0.000, 0.340, 54
train,    72, 47.892886,   30, 1.00,    7, 0.000, 0.000, 0.340, 54
train,    73, 15.020278,    9, 1.00,    0, 0.000, 0.000, 0.340, 54
train,    74, 13.478128,    9, 1.00,    3, 0.000, 0.000, 0.340, 54
val_save, 74, 22.393070, 1.0000,  13.0000,   3.0000, 0.0000,  27.6658
val,      74, 22.393070, 1.0000,  13.0000,   3.0000, 0.0000,  27.6658
train,    75, 25.495492,   22, 1.00,    2, 0.000, 0.000, 0.340, 55
train,    76, 12.855762,    8, 1.00,    1, 0.000, 0.000, 0.340, 55
train,    77, 5.414688,    7, 1.00,    2, 0.000, 0.000, 0.340, 55
train,    78, 37.987370,   22, 1.00,    7, 0.000, 0.000, 0.340, 55
train,    79, 28.287840,   16, 1.00,    4, 0.000, 0.000, 0.340, 55
train,    80, 23.425742,   12, 1.00,    4, 0.000, 0.000, 0.340, 55
train,    81, 9.726208,    8, 1.00,    3, 0.000, 0.000, 0.340, 55
train,    82, 33.715111,   17, 1.00,    4, 0.000, 0.000, 0.340, 55
train,    83, 45.266295,   23, 1.00,    6, 0.000, 0.000, 0.340, 55
train,    84, 48.148338,   22, 1.00,    5, 0.000, 0.000, 0.340, 55
train,    85, 22.016745,   13, 1.00,    1, 0.000, 0.000, 0.340, 55
train,    86, 25.738021,   16, 1.00,    5, 0.000, 0.000, 0.340, 55
train,    87, 25.429435,   14, 1.00,    1, 0.000, 0.000, 0.340, 55
train,    88, 22.855816,   13, 1.00,    4, 0.000, 0.000, 0.340, 55
train,    89, 60.481706,   27, 1.00,    6, 0.000, 0.000, 0.340, 55
train,    90, 9.006038,    9, 1.00,    2, 0.000, 0.000, 0.340, 55
train,    91, 40.557589,   18, 1.00,    5, 0.000, 0.000, 0.340, 56
train,    92, 38.819244,   18, 1.00,    5, 0.000, 0.000, 0.340, 56
train,    93, 24.224134,   12, 1.00,    1, 0.000, 0.000, 0.340, 56
train,    94, 8.260722,    7, 1.00,    2, 0.000, 0.000, 0.340, 56
train,    95, 30.080829,   15, 1.00,    3, 0.000, 0.000, 0.340, 56
train,    96, 16.972235,   10, 1.00,    1, 0.000, 0.000, 0.340, 56
train,    97, 4.362147,    6, 1.00,    3, 0.000, 0.000, 0.340, 56
train,    98, 18.022370,   10, 1.00,    3, 0.000, 0.000, 0.340, 56
train,    99, 48.423844,   24, 1.00,    8, 0.000, 0.000, 0.340, 56
val_save, 99, 43.585662, 1.0000,  19.2000,   4.8000, 0.0000,  28.4942
val,      99, 43.585662, 1.0000,  19.2000,   4.8000, 0.0000,  28.4942
train,    100, 13.392012,   10, 1.00,    1, 0.000, 0.000, 0.340, 56
train,    101, 1.920475,    6, 1.00,    0, 0.000, 0.000, 0.340, 56
train,    102, 54.837076,   25, 1.00,    7, 0.000, 0.000, 0.340, 56
train,    103, 12.903676,   10, 1.00,    2, 0.000, 0.000, 0.340, 56
train,    104, 9.966307,    8, 1.00,    1, 0.000, 0.000, 0.340, 56
train,    105, 15.495217,   11, 1.00,    3, 0.000, 0.000, 0.340, 56
train,    106, 0.431111,    4, 1.00,    1, 0.000, 0.000, 0.340, 56
train,    107, 21.325035,   14, 1.00,    4, 0.000, 0.000, 0.340, 56
train,    108, 31.902005,   15, 1.00,    4, 0.000, 0.000, 0.340, 57
train,    109, 3.801107,    5, 1.00,    2, 0.000, 0.000, 0.340, 57
train,    110, 62.713823,   34, 1.00,    7, 0.000, 0.000, 0.340, 57
train,    111, 0.873454,    5, 1.00,    0, 0.000, 0.000, 0.340, 57
train,    112, 5.354201,    6, 1.00,    1, 0.000, 0.000, 0.340, 57
train,    113, 45.208365,   23, 1.00,    4, 0.000, 0.000, 0.340, 57
train,    114, 16.770893,   12, 1.00,    2, 0.000, 0.000, 0.340, 57
train,    115, 307.730696,  150, 0.00,   26, 0.000, 0.000, 0.340, 57
update,   115,    2,  932, 16.945381, 0.000000
train,    116, 7.465403,    7, 1.00,    1, 0.000, 0.000, 0.340, 57
train,    117, 104.082783,   45, 1.00,   10, 0.000, 0.000, 0.340, 57
train,    118, 7.994208,    8, 1.00,    2, 0.000, 0.000, 0.340, 57
train,    119, 29.207919,   14, 1.00,    1, 0.000, 0.000, 0.340, 57
train,    120, 18.389602,   12, 1.00,    2, 0.000, 0.000, 0.340, 57
train,    121, 17.285106,   11, 1.00,    1, 0.000, 0.000, 0.340, 57
train,    122, -3.931746,    3, 1.00,    2, 0.000, 0.000, 0.340, 57
train,    123, 13.136302,   15, 1.00,    1, 0.000, 0.000, 0.340, 57
train,    124, 28.094395,   14, 1.00,    2, 0.000, 0.000, 0.340, 58
val,      124, 12.353824, 1.0000,   9.8000,   1.4000, 0.0000,  27.2126
train,    125, 8.784484,    8, 1.00,    2, 0.000, 0.000, 0.340, 58
train,    126, 56.525354,   24, 1.00,    5, 0.000, 0.000, 0.340, 58
train,    127, 18.846456,   16, 1.00,    4, 0.000, 0.000, 0.340, 58
train,    128, 16.462854,   10, 1.00,    3, 0.000, 0.000, 0.340, 58
train,    129, 15.976153,    9, 1.00,    2, 0.000, 0.000, 0.340, 58
train,    130, 1.634798,    4, 1.00,    2, 0.000, 0.000, 0.340, 58
train,    131, 45.306422,   25, 1.00,    5, 0.000, 0.000, 0.340, 58
train,    132, 2.126196,    6, 1.00,    1, 0.000, 0.000, 0.340, 58
train,    133, 10.566406,    9, 1.00,    2, 0.000, 0.000, 0.340, 58
train,    134, 81.784538,   37, 1.00,   10, 0.000, 0.000, 0.340, 58
train,    135, 17.391404,   13, 1.00,    1, 0.000, 0.000, 0.340, 58
train,    136, 23.752972,   14, 1.00,    1, 0.000, 0.000, 0.340, 58
train,    137, 59.209808,   41, 1.00,    6, 0.000, 0.000, 0.340, 58
train,    138, 22.000114,   15, 1.00,    3, 0.000, 0.000, 0.340, 58
train,    139, 78.716862,   41, 1.00,    9, 0.000, 0.000, 0.340, 58
train,    140, -2.379767,    5, 1.00,    0, 0.000, 0.000, 0.340, 58
train,    141, 8.012471,   10, 1.00,    1, 0.000, 0.000, 0.340, 59
train,    142, 21.148782,   11, 1.00,    3, 0.000, 0.000, 0.340, 59
train,    143, 27.596128,   14, 1.00,    1, 0.000, 0.000, 0.340, 59
train,    144, 4.734915,    7, 1.00,    2, 0.000, 0.000, 0.340, 59
train,    145, 3.300633,    7, 1.00,    1, 0.000, 0.000, 0.340, 59
train,    146, 8.845764,    8, 1.00,    4, 0.000, 0.000, 0.340, 59
train,    147, 46.565258,   19, 1.00,    4, 0.000, 0.000, 0.340, 59
train,    148, 45.485267,   22, 1.00,    2, 0.000, 0.000, 0.340, 59
train,    149, 12.039154,    9, 1.00,    3, 0.000, 0.000, 0.340, 59
val,      149, 28.700640, 1.0000,  14.2000,   3.2000, 0.0000,  27.6146
train,    150, 35.910988,   18, 1.00,    6, 0.000, 0.000, 0.340, 59
train,    151, 14.217998,   12, 1.00,    2, 0.000, 0.000, 0.340, 59
train,    152, 35.049623,   20, 1.00,    4, 0.000, 0.000, 0.340, 59
train,    153, 0.914036,    5, 1.00,    1, 0.000, 0.000, 0.340, 59
train,    154, 16.944928,   11, 1.00,    0, 0.000, 0.000, 0.340, 59
train,    155, 1.218392,    5, 1.00,    1, 0.000, 0.000, 0.340, 59
train,    156, 29.381349,   15, 1.00,    5, 0.000, 0.000, 0.340, 59
train,    157, 1.461223,    4, 1.00,    0, 0.000, 0.000, 0.340, 60
train,    158, 4.129930,    5, 1.00,    1, 0.000, 0.000, 0.340, 60
train,    159, 22.654906,   12, 1.00,    2, 0.000, 0.000, 0.340, 60
train,    160, 1.510016,    5, 1.00,    0, 0.000, 0.000, 0.340, 60
train,    161, 4.824231,    5, 1.00,    2, 0.000, 0.000, 0.340, 60
train,    162, 35.531795,   16, 1.00,    1, 0.000, 0.000, 0.340, 60
train,    163, 22.449465,   12, 1.00,    2, 0.000, 0.000, 0.340, 60
train,    164, -0.959331,    4, 1.00,    3, 0.000, 0.000, 0.340, 60
train,    165, 6.220370,    8, 1.00,    1, 0.000, 0.000, 0.340, 60
train,    166, 42.029921,   18, 1.00,    1, 0.000, 0.000, 0.340, 60
train,    167, 48.365258,   22, 1.00,    5, 0.000, 0.000, 0.340, 60
train,    168, 101.801528,   45, 1.00,   11, 0.000, 0.000, 0.340, 60
train,    169, 34.922359,   20, 1.00,    3, 0.000, 0.000, 0.340, 60
train,    170, 40.264804,   17, 1.00,    3, 0.000, 0.000, 0.340, 60
train,    171, 19.552480,   11, 1.00,    1, 0.000, 0.000, 0.340, 60
train,    172, -3.331968,    3, 1.00,    0, 0.000, 0.000, 0.340, 60
train,    173, 8.569822,   10, 1.00,    2, 0.000, 0.000, 0.340, 61
train,    174, 19.616760,   11, 1.00,    2, 0.000, 0.000, 0.340, 61
val,      174, 20.099933, 1.0000,  11.2000,   1.4000, 0.0000,  27.2944
train,    175, 5.377662,    7, 1.00,    1, 0.000, 0.000, 0.340, 61
train,    176, 11.260924,    8, 1.00,    1, 0.000, 0.000, 0.340, 61
train,    177, 49.514796,   26, 1.00,    6, 0.000, 0.000, 0.340, 61
train,    178, -0.079624,    4, 1.00,    1, 0.000, 0.000, 0.340, 61
train,    179, -2.390747,    4, 1.00,    0, 0.000, 0.000, 0.340, 61
train,    180, 29.257849,   18, 1.00,    5, 0.000, 0.000, 0.340, 61
train,    181, 6.815884,   13, 1.00,    1, 0.000, 0.000, 0.340, 61
update,   181,    3,  907, 11.416848, -0.000000
train,    182, 20.346542,   14, 1.00,    2, 0.000, 0.000, 0.340, 61
train,    183, -2.674550,    3, 1.00,    1, 0.000, 0.000, 0.340, 61
train,    184, -5.243238,    3, 1.00,    2, 0.000, 0.000, 0.340, 61
train,    185, 8.375063,    6, 1.00,    1, 0.000, 0.000, 0.340, 61
train,    186, 48.296580,   22, 1.00,    2, 0.000, 0.000, 0.340, 61
train,    187, 29.421297,   20, 1.00,    1, 0.000, 0.000, 0.340, 61
train,    188, 103.217990,   45, 1.00,   11, 0.000, 0.000, 0.340, 61
train,    189, 14.211651,    7, 1.00,    1, 0.000, 0.000, 0.340, 61
train,    190, 38.470563,   20, 1.00,    6, 0.000, 0.000, 0.340, 62
train,    191, 9.049479,    8, 1.00,    1, 0.000, 0.000, 0.340, 62
train,    192, 6.243349,    6, 1.00,    0, 0.000, 0.000, 0.340, 62
train,    193, 6.763572,    6, 1.00,    1, 0.000, 0.000, 0.340, 62
train,    194, 15.353858,   11, 1.00,    2, 0.000, 0.000, 0.340, 62
train,    195, 78.540682,   34, 1.00,    9, 0.000, 0.000, 0.340, 62
train,    196, 10.721482,    9, 1.00,    2, 0.000, 0.000, 0.340, 62
train,    197, 88.672247,   36, 1.00,   10, 0.000, 0.000, 0.340, 62
train,    198, 17.473070,   11, 1.00,    1, 0.000, 0.000, 0.340, 62
train,    199, 17.941767,   11, 1.00,    2, 0.000, 0.000, 0.340, 62
val,      199, 19.069977, 1.0000,  11.0000,   2.4000, 0.0000,  27.7405
train,    200, 16.617727,    8, 1.00,    2, 0.000, 0.000, 0.340, 62
train,    201, 74.115648,   38, 1.00,    7, 0.000, 0.000, 0.340, 62
train,    202, 44.474749,   22, 1.00,    3, 0.000, 0.000, 0.340, 62
train,    203, 15.611040,   24, 1.00,    2, 0.000, 0.000, 0.340, 62
train,    204, 37.453858,   27, 1.00,    6, 0.000, 0.000, 0.340, 62
train,    205, 34.863745,   18, 1.00,    5, 0.000, 0.000, 0.340, 62
train,    206, 14.422566,   10, 1.00,    1, 0.000, 0.000, 0.340, 63
train,    207, 57.362940,   28, 1.00,    5, 0.000, 0.000, 0.340, 63
train,    208, -2.104409,    4, 1.00,    0, 0.000, 0.000, 0.340, 63
train,    209, 84.677091,   39, 1.00,   11, 0.000, 0.000, 0.340, 63
train,    210, 58.079954,   29, 1.00,    8, 0.000, 0.000, 0.340, 63
train,    211, 40.362873,   21, 1.00,    4, 0.000, 0.000, 0.340, 63
train,    212, 9.786009,    9, 1.00,    1, 0.000, 0.000, 0.340, 63
train,    213, 28.112058,   14, 1.00,    5, 0.000, 0.000, 0.340, 63
train,    214, 8.656150,    7, 1.00,    2, 0.000, 0.000, 0.340, 63
train,    215, 6.148819,    7, 1.00,    1, 0.000, 0.000, 0.340, 63
train,    216, 19.556919,   11, 1.00,    1, 0.000, 0.000, 0.340, 63
train,    217, 41.863278,   22, 1.00,    4, 0.000, 0.000, 0.340, 63
train,    218, 50.541879,   20, 1.00,    3, 0.000, 0.000, 0.340, 63
train,    219, 4.679610,    6, 1.00,    1, 0.000, 0.000, 0.340, 63
train,    220, 29.490334,   17, 1.00,    5, 0.000, 0.000, 0.340, 63
train,    221, 3.255137,    6, 1.00,    1, 0.000, 0.000, 0.340, 63
train,    222, 25.239785,   14, 1.00,    3, 0.000, 0.000, 0.340, 63
train,    223, 5.777550,    7, 1.00,    1, 0.000, 0.000, 0.340, 64
train,    224, 2.465498,    6, 1.00,    2, 0.000, 0.000, 0.340, 64
val,      224, 29.589340, 1.0000,  16.0000,   3.2000, 0.0000,  27.2949
train,    225, 7.830201,    6, 1.00,    0, 0.000, 0.000, 0.340, 64
train,    226, 25.864922,   17, 1.00,    3, 0.000, 0.000, 0.340, 64
train,    227, 29.195121,   16, 1.00,    4, 0.000, 0.000, 0.340, 64
train,    228, 38.911431,   19, 1.00,    5, 0.000, 0.000, 0.340, 64
train,    229, -2.171433,    4, 1.00,    2, 0.000, 0.000, 0.340, 64
train,    230, 1.116111,    4, 1.00,    1, 0.000, 0.000, 0.340, 64
train,    231, 33.180240,   15, 1.00,    1, 0.000, 0.000, 0.340, 64
train,    232, 39.925626,   20, 1.00,    4, 0.000, 0.000, 0.340, 64
train,    233, 13.097363,    9, 1.00,    2, 0.000, 0.000, 0.340, 64
train,    234, 33.242110,   19, 1.00,    6, 0.000, 0.000, 0.340, 64
train,    235, 1.282614,    4, 1.00,    1, 0.000, 0.000, 0.340, 64
train,    236, 16.784224,   10, 1.00,    1, 0.000, 0.000, 0.340, 64
train,    237, 29.807424,   24, 1.00,    4, 0.000, 0.000, 0.340, 64
train,    238, 17.211262,   11, 1.00,    3, 0.000, 0.000, 0.340, 64
train,    239, 26.662861,   13, 1.00,    4, 0.000, 0.000, 0.340, 65
train,    240, 3.042910,    5, 1.00,    0, 0.000, 0.000, 0.340, 65
train,    241, 22.374507,   20, 1.00,    1, 0.000, 0.000, 0.340, 65
update,   241,    4,  902, 12.510655, 0.000000
train,    242, 6.946050,    7, 1.00,    2, 0.000, 0.000, 0.340, 65
train,    243, 25.731904,   13, 1.00,    1, 0.000, 0.000, 0.340, 65
train,    244, 14.870293,    9, 1.00,    1, 0.000, 0.000, 0.340, 65
train,    245, -5.578988,    2, 1.00,    2, 0.000, 0.000, 0.340, 65
train,    246, 82.932896,   47, 1.00,   10, 0.000, 0.000, 0.340, 65
train,    247, 15.013517,   11, 1.00,    3, 0.000, 0.000, 0.340, 65
train,    248, 5.554428,    6, 1.00,    0, 0.000, 0.000, 0.340, 65
train,    249, 17.676002,   12, 1.00,    2, 0.000, 0.000, 0.340, 65
