init,     2026-03-30 00:50:42.662222
arguments,Namespace(PPO_epochs=4, adv_norm=1, alg='ppo', cuda=0, curriculum_clean_ratio=0.8, curriculum_entropy_decay=0.9, curriculum_mode='adaptive', curriculum_noise_step=0.02, curriculum_patience=2, entropy=2.0, entropy_min=0.1, eps_clip=0.15, gae_lambda=0.97, gamma=0.995, grad_clip=0.5, gymip_train_xml='inverted_pendulum_ChangeThk_0.050000.xml', hid_group_num=8, hid_group_size=8, hidden_num=64, ignore_checkpoint=True, lane_profile='auto', lr=0.0005, max_noise=0.08, mini_batch_size=128, model='rwtaspk', monitor_time=False, optimizer='rmsprop', rep=11, response_window=40, reward_scale=1.0, road_scenario='roundabout', rollout_steps=512, rwta_del_connection='none', seed=1, snn_num_steps=15, task='gymip', thread=-1, traffic_level='standard', train_num=30)
seed,     1
model_dir,/root/autodl-tmp/SVPG2023/LANE/log_model/roundabout
train,    1, 62.170000,   90, 0.00,   34, 0.000, 0.000, 2.000, 19
train,    2, 65.683462,   90, 0.00,   35, 0.000, 0.000, 2.000, 20
train,    3, 67.025385,   90, 0.00,   34, 0.000, 0.000, 2.000, 20
train,    4, 75.761538,   90, 0.00,   33, 0.000, 0.000, 2.000, 21
train,    5, 57.610769,   87, 1.00,   26, 0.000, 0.000, 2.000, 22
train,    6, 69.151923,   90, 0.00,   39, 0.000, 0.000, 2.000, 23
update,   6,    1,  537, 16.465185, -0.000000
train,    7, -4.025470,   11, 1.00,    2, 0.000, 0.000, 2.000, 23
train,    8, -11.864701,    2, 1.00,    0, 0.000, 0.000, 2.000, 24
train,    9, -12.820855,    2, 1.00,    1, 0.000, 0.000, 2.000, 25
train,    10, 83.373462,   90, 0.00,   29, 0.000, 0.000, 2.000, 26
train,    11, 87.431154,   90, 0.00,   28, 0.000, 0.000, 2.000, 26
train,    12, -11.331538,    3, 1.00,    0, 0.000, 0.000, 2.000, 27
train,    13, 16.995299,   38, 1.00,   10, 0.000, 0.000, 2.000, 28
train,    14, -13.107393,    2, 1.00,    1, 0.000, 0.000, 2.000, 29
train,    15, 82.381923,   90, 0.00,   29, 0.000, 0.000, 2.000, 29
train,    16, 86.256538,   90, 0.00,   23, 0.000, 0.000, 2.000, 30
train,    17, 90.805000,   90, 0.00,   24, 0.000, 0.000, 2.000, 31
train,    18, 82.420385,   90, 0.00,   30, 0.000, 0.000, 2.000, 32
update,   18,    2,  598, 19.424902, -0.000000
train,    19, -13.194060,   22, 1.00,   13, 0.000, 0.000, 2.000, 32
train,    20, -12.820855,    2, 1.00,    1, 0.000, 0.000, 2.000, 33
train,    21, 71.278077,   90, 0.00,   31, 0.000, 0.000, 2.000, 34
train,    22, 81.661154,   90, 0.00,   28, 0.000, 0.000, 2.000, 35
train,    23, -13.107393,    2, 1.00,    1, 0.000, 0.000, 2.000, 35
train,    24, 81.160769,   90, 0.00,   28, 0.000, 0.000, 2.000, 36
val_save, 24, 92.148385, 0.4000,  64.2000,   0.0000, 0.6000
val,      24, 92.148385, 0.4000,  64.2000,   0.0000, 0.6000
train,    25, -11.926154,    3, 1.00,    1, 0.000, 0.000, 2.000, 37
train,    26, -11.109957,    5, 1.00,    2, 0.000, 0.000, 2.000, 38
train,    27, -4.178846,   15, 1.00,    5, 0.000, 0.000, 2.000, 38
train,    28, 86.308077,   90, 0.00,   30, 0.000, 0.000, 2.000, 39
train,    29, -12.151239,    2, 1.00,    0, 0.000, 0.000, 2.000, 40
update,   30,    3,  411, 17.390413, 0.000000
finish,   2026-03-30 00:53:20.282734
resume,   2026-03-30 00:53:57.848312
train,    30, 17.199145,   56, 1.00,   19, 0.000, 0.000, 2.000, 21
train,    31, -13.107393,    2, 1.00,    1, 0.000, 0.000, 2.000, 21
train,    32, 74.640385,   90, 0.00,   33, 0.000, 0.000, 2.000, 22
train,    33, 81.385000,   90, 0.00,   24, 0.000, 0.000, 2.000, 22
train,    34, 82.413077,   90, 0.00,   29, 0.000, 0.000, 2.000, 22
train,    35, 80.163462,   90, 0.00,   33, 0.000, 0.000, 2.000, 22
train,    36, 79.906923,   90, 0.00,   33, 0.000, 0.000, 2.000, 22
train,    37, 72.105769,   90, 0.00,   28, 0.000, 0.000, 2.000, 22
update,   37,    1,  598, 20.626766, 0.000000
train,    38, 54.020000,   90, 0.00,   41, 0.000, 0.000, 2.000, 22
train,    39, 9.508248,   22, 1.00,    3, 0.000, 0.000, 2.000, 22
train,    40, 77.110769,   90, 0.00,   30, 0.000, 0.000, 2.000, 22
train,    41, 78.546923,   90, 0.00,   33, 0.000, 0.000, 2.000, 23
train,    42, -11.864701,    2, 1.00,    0, 0.000, 0.000, 2.000, 23
train,    43, 42.064658,   70, 1.00,   15, 0.000, 0.000, 2.000, 23
train,    44, 76.872692,   90, 0.00,   34, 0.000, 0.000, 2.000, 23
train,    45, 75.218077,   90, 0.00,   32, 0.000, 0.000, 2.000, 23
update,   45,    2,  544, 21.190090, 0.000000
train,    46, 9.630940,   26, 1.00,    6, 0.000, 0.000, 2.000, 23
train,    47, 47.190769,   90, 0.00,   40, 0.000, 0.000, 2.000, 23
train,    48, 65.409231,   90, 0.00,   31, 0.000, 0.000, 2.000, 23
train,    49, -3.611496,   14, 1.00,    6, 0.000, 0.000, 2.000, 23
val_save, 49, 125.773077, 0.0000,  90.0000,   0.0000, 1.0000
val,      49, 125.773077, 0.0000,  90.0000,   0.0000, 1.0000
train,    50, 69.222692,   90, 0.00,   35, 0.000, 0.000, 2.000, 24
train,    51, -11.639615,    3, 1.00,    1, 0.000, 0.000, 2.000, 24
train,    52, 80.312692,   90, 0.00,   32, 0.000, 0.000, 2.000, 24
train,    53, 81.462308,   90, 0.00,   32, 0.000, 0.000, 2.000, 24
train,    54, -11.383034,    5, 1.00,    2, 0.000, 0.000, 2.000, 24
train,    55, 24.829231,   69, 1.00,   22, 0.000, 0.000, 2.000, 24
update,   55,    3,  567, 20.498600, 0.000000
train,    56, 18.989402,   40, 1.00,   11, 0.000, 0.000, 2.000, 24
train,    57, 20.895556,   44, 1.00,   12, 0.000, 0.000, 2.000, 24
train,    58, -9.692265,   14, 1.00,    6, 0.000, 0.000, 2.000, 24
train,    59, -7.322906,    8, 1.00,    2, 0.000, 0.000, 2.000, 25
train,    60, 0.619402,   17, 1.00,    3, 0.000, 0.000, 2.000, 25
train,    61, -12.151239,    2, 1.00,    0, 0.000, 0.000, 2.000, 25
train,    62, 5.281923,   33, 1.00,   10, 0.000, 0.000, 2.000, 25
train,    63, -12.512778,    2, 1.00,    0, 0.000, 0.000, 2.000, 25
train,    64, 64.301538,   90, 0.00,   39, 0.000, 0.000, 2.000, 25
