init,     2026-04-08 22:09:25.448902
arguments,Namespace(lr=0.001, gamma=0.97, entropy=0.1, PPO_epochs=5, eps_clip=0.2, alg='ppo', cuda=-1, thread=-1, train_num=8000, rep=11, seed=-1, ignore_checkpoint=True, monitor_time=False, task='gymip', model='rwtaprob', optimizer='rmsprop', gymip_train_xml='inverted_pendulum_ChangeThk_0.050000.xml', hidden_num=64, hid_group_num=8, hid_group_size=8, rwta_del_connection='none', response_window=40, snn_num_steps=15, rollout_steps=256, mini_batch_size=64, gae_lambda=0.95, adv_norm=1, reward_scale=1.0, grad_clip=1.0, curriculum_mode='adaptive', curriculum_clean_ratio=0.7, max_noise=0.15, entropy_min=0.1, curriculum_patience=2, curriculum_noise_step=0.03, curriculum_entropy_decay=0.9, lane_profile='auto', road_scenario='roundabout', traffic_level='standard', warm_start_kind='none', warm_start_prefix='')
seed,     11
model_dir,/root/autodl-tmp/SVPG2023/LANE/training_runs/ours/roundabout/models
log_dir,  /root/autodl-tmp/SVPG2023/LANE/training_runs/ours/roundabout/logs
train,    1, 57.843590,   36, 0.00,   20, 0.000, 0.000, 0.100, 40
train,    2, -45.157692,    5, 1.00,    1, 0.000, 0.000, 0.100, 40
train,    3, -44.522436,   15, 1.00,    7, 0.000, 0.000, 0.100, 40
train,    4, -44.925641,   10, 1.00,    4, 0.000, 0.000, 0.100, 40
train,    5, 60.649359,   29, 0.00,   12, 0.000, 0.000, 0.100, 40
train,    6, -45.494872,   19, 1.00,   11, 0.000, 0.000, 0.100, 40
train,    7, -43.258974,   29, 1.00,   14, 0.000, 0.000, 0.100, 40
train,    8, 59.516026,   27, 0.00,   13, 0.000, 0.000, 0.100, 40
train,    9, 59.025641,   13, 0.00,    5, 0.000, 0.000, 0.100, 40
train,    10, 54.966667,    9, 0.00,    6, 0.000, 0.000, 0.100, 40
train,    11, 57.779487,    9, 0.00,    3, 0.000, 0.000, 0.100, 40
train,    12, -44.615385,   18, 1.00,    7, 0.000, 0.000, 0.100, 40
train,    13, 57.875641,   18, 0.00,    9, 0.000, 0.000, 0.100, 40
train,    14, -44.190385,    9, 1.00,    3, 0.000, 0.000, 0.100, 40
train,    15, -45.262821,    7, 1.00,    2, 0.000, 0.000, 0.100, 40
train,    16, 56.813462,   11, 0.00,    6, 0.000, 0.000, 0.100, 40
update,   16,    1,  264, 4.394985, 0.000000
train,    17, -48.192308,    2, 1.00,    0, 0.000, 0.000, 0.100, 40
train,    18, -46.572436,   19, 1.00,   11, 0.000, 0.000, 0.100, 40
train,    19, -43.810256,   44, 1.00,   25, 0.000, 0.000, 0.100, 40
train,    20, 55.939744,    8, 0.00,    5, 0.000, 0.000, 0.100, 40
train,    21, -46.908974,    8, 1.00,    6, 0.000, 0.000, 0.100, 40
train,    22, -48.680769,    3, 1.00,    2, 0.000, 0.000, 0.100, 40
train,    23, 57.314103,    9, 0.00,    4, 0.000, 0.000, 0.100, 40
train,    24, 56.892308,   11, 0.00,    6, 0.000, 0.000, 0.100, 40
train,    25, -43.157051,   10, 1.00,    3, 0.000, 0.000, 0.100, 40
train,    26, -47.244872,   18, 1.00,   10, 0.000, 0.000, 0.100, 40
train,    27, 58.912179,   59, 0.00,   33, 0.000, 0.000, 0.100, 40
train,    28, -45.193590,   15, 1.00,    8, 0.000, 0.000, 0.100, 40
train,    29, 57.057692,   16, 0.00,    9, 0.000, 0.000, 0.100, 40
train,    30, -48.521154,    2, 1.00,    0, 0.000, 0.000, 0.100, 40
train,    31, 56.803846,   24, 0.00,   15, 0.000, 0.000, 0.100, 40
train,    32, -47.885897,   29, 1.00,   18, 0.000, 0.000, 0.100, 40
update,   32,    2,  277, -1.677815, 0.000000
train,    33, 58.003846,   14, 0.00,    7, 0.000, 0.000, 0.100, 40
train,    34, -47.489103,   36, 1.00,   22, 0.000, 0.000, 0.100, 40
train,    35, 61.035897,   34, 0.00,   15, 0.000, 0.000, 0.100, 40
train,    36, -45.542949,   17, 1.00,   10, 0.000, 0.000, 0.100, 40
train,    37, -48.521154,    2, 1.00,    0, 0.000, 0.000, 0.100, 40
train,    38, -48.192308,    2, 1.00,    0, 0.000, 0.000, 0.100, 40
train,    39, -48.521154,    2, 1.00,    0, 0.000, 0.000, 0.100, 40
train,    40, 57.502564,   13, 0.00,    6, 0.000, 0.000, 0.100, 40
train,    41, -46.915385,    4, 1.00,    1, 0.000, 0.000, 0.100, 40
train,    42, 59.477564,   30, 0.00,   14, 0.000, 0.000, 0.100, 40
train,    43, -48.521154,    2, 1.00,    0, 0.000, 0.000, 0.100, 40
train,    44, -48.192308,    2, 1.00,    0, 0.000, 0.000, 0.100, 40
train,    45, 62.224359,   28, 0.00,    9, 0.000, 0.000, 0.100, 40
train,    46, 57.487179,   14, 0.00,    7, 0.000, 0.000, 0.100, 40
train,    47, 59.737821,   19, 0.00,    8, 0.000, 0.000, 0.100, 40
train,    48, 57.742949,   16, 0.00,    7, 0.000, 0.000, 0.100, 40
train,    49, -45.434615,    9, 1.00,    4, 0.000, 0.000, 0.100, 40
train,    50, -43.665385,   18, 1.00,    8, 0.000, 0.000, 0.100, 40
update,   50,    3,  262, 8.073448, -0.000000
train,    51, 59.305769,    9, 0.00,    1, 0.000, 0.000, 0.100, 40
train,    52, -49.050000,    2, 1.00,    0, 0.000, 0.000, 0.100, 40
train,    53, -45.694872,   13, 1.00,    8, 0.000, 0.000, 0.100, 40
train,    54, -48.457692,    2, 1.00,    1, 0.000, 0.000, 0.100, 40
train,    55, -44.632692,    8, 1.00,    3, 0.000, 0.000, 0.100, 40
train,    56, 58.430769,   16, 0.00,    7, 0.000, 0.000, 0.100, 40
train,    57, -43.388462,    9, 1.00,    1, 0.000, 0.000, 0.100, 40
train,    58, 62.517949,   29, 0.00,   10, 0.000, 0.000, 0.100, 40
train,    59, -45.008333,    7, 1.00,    3, 0.000, 0.000, 0.100, 40
train,    60, -48.521154,    2, 1.00,    0, 0.000, 0.000, 0.100, 40
train,    61, -42.055769,   19, 1.00,    4, 0.000, 0.000, 0.100, 40
train,    62, -45.982692,    7, 1.00,    3, 0.000, 0.000, 0.100, 40
train,    63, 59.901282,   32, 0.00,   15, 0.000, 0.000, 0.100, 40
train,    64, 62.726282,   32, 0.00,   12, 0.000, 0.000, 0.100, 40
train,    65, -48.521154,    2, 1.00,    0, 0.000, 0.000, 0.100, 40
train,    66, -46.561538,   13, 1.00,    6, 0.000, 0.000, 0.100, 40
train,    67, -43.017308,   27, 1.00,   11, 0.000, 0.000, 0.100, 40
train,    68, -38.745513,   41, 1.00,   15, 0.000, 0.000, 0.100, 40
update,   68,    4,  270, -2.920369, -0.000000
train,    69, -47.384615,    7, 1.00,    4, 0.000, 0.000, 0.100, 40
train,    70, 58.121154,   12, 0.00,    5, 0.000, 0.000, 0.100, 40
train,    71, -42.136538,    9, 1.00,    0, 0.000, 0.000, 0.100, 40
train,    72, 57.658974,   12, 0.00,    5, 0.000, 0.000, 0.100, 40
train,    73, -49.050000,    2, 1.00,    0, 0.000, 0.000, 0.100, 40
train,    74, 57.946154,   21, 0.00,   10, 0.000, 0.000, 0.100, 40
train,    75, 65.398718,   53, 0.00,   22, 0.000, 0.000, 0.100, 40
train,    76, 57.733974,   15, 0.00,    7, 0.000, 0.000, 0.100, 40
train,    77, -48.521154,    2, 1.00,    0, 0.000, 0.000, 0.100, 40
train,    78, -48.786538,    2, 1.00,    1, 0.000, 0.000, 0.100, 40
train,    79, -47.172436,   13, 1.00,    7, 0.000, 0.000, 0.100, 40
train,    80, 62.807051,   25, 0.00,    7, 0.000, 0.000, 0.100, 40
train,    81, -48.786538,    2, 1.00,    1, 0.000, 0.000, 0.100, 40
train,    82, -47.037179,   18, 1.00,   10, 0.000, 0.000, 0.100, 40
train,    83, 60.873077,   19, 0.00,    6, 0.000, 0.000, 0.100, 40
train,    84, -43.739744,   13, 1.00,    5, 0.000, 0.000, 0.100, 40
train,    85, 60.082051,   13, 0.00,    3, 0.000, 0.000, 0.100, 40
train,    86, -44.201282,   10, 1.00,    4, 0.000, 0.000, 0.100, 40
train,    87, -48.786538,    2, 1.00,    1, 0.000, 0.000, 0.100, 40
train,    88, 59.811538,   10, 0.00,    2, 0.000, 0.000, 0.100, 40
update,   88,    5,  260, 8.609169, 0.000000
train,    89, 57.953846,   20, 0.00,   10, 0.000, 0.000, 0.100, 40
train,    90, 63.447436,   39, 0.00,   15, 0.000, 0.000, 0.100, 40
train,    91, 60.457692,   14, 0.00,    3, 0.000, 0.000, 0.100, 40
train,    92, -44.578205,    9, 1.00,    2, 0.000, 0.000, 0.100, 40
train,    93, 62.096795,   29, 0.00,   10, 0.000, 0.000, 0.100, 40
train,    94, -43.728205,   16, 1.00,    4, 0.000, 0.000, 0.100, 40
train,    95, 61.914103,   20, 0.00,    5, 0.000, 0.000, 0.100, 40
train,    96, -42.794231,   26, 1.00,   10, 0.000, 0.000, 0.100, 40
train,    97, -45.504487,   16, 1.00,    7, 0.000, 0.000, 0.100, 40
train,    98, -42.354487,   13, 1.00,    3, 0.000, 0.000, 0.100, 40
train,    99, -45.501282,    9, 1.00,    4, 0.000, 0.000, 0.100, 40
val_save, 99, 39.807692, 0.0000,  90.0000,   0.0000, 0.0000,   0.0183
val,      99, 39.807692, 0.0000,  90.0000,   0.0000, 0.0000,   0.0183
train,    100, -42.526282,   21, 1.00,    7, 0.000, 0.000, 0.100, 40
train,    101, -48.457692,    2, 1.00,    1, 0.000, 0.000, 0.100, 40
train,    102, 65.539103,   27, 0.00,    5, 0.000, 0.000, 0.100, 40
update,   102,    6,  261, 3.552756, -0.000000
train,    103, 62.216026,   24, 0.00,    8, 0.000, 0.000, 0.100, 40
train,    104, 60.888462,   19, 0.00,    5, 0.000, 0.000, 0.100, 40
train,    105, -45.146154,    8, 1.00,    1, 0.000, 0.000, 0.100, 40
train,    106, 58.853205,   12, 0.00,    4, 0.000, 0.000, 0.100, 40
train,    107, 58.766667,   12, 0.00,    5, 0.000, 0.000, 0.100, 40
train,    108, -48.521154,    2, 1.00,    0, 0.000, 0.000, 0.100, 40
train,    109, -49.246795,   12, 1.00,    7, 0.000, 0.000, 0.100, 40
train,    110, 65.754487,   32, 0.00,    8, 0.000, 0.000, 0.100, 40
train,    111, -45.044231,    6, 1.00,    1, 0.000, 0.000, 0.100, 40
train,    112, -43.372436,   11, 1.00,    3, 0.000, 0.000, 0.100, 40
train,    113, 59.678846,   13, 0.00,    4, 0.000, 0.000, 0.100, 40
train,    114, 67.510897,   45, 0.00,   13, 0.000, 0.000, 0.100, 40
train,    115, 59.667949,   20, 0.00,    8, 0.000, 0.000, 0.100, 40
train,    116, -46.801923,    5, 1.00,    1, 0.000, 0.000, 0.100, 40
train,    117, -44.304487,   12, 1.00,    2, 0.000, 0.000, 0.100, 40
train,    118, 64.753205,   30, 0.00,    8, 0.000, 0.000, 0.100, 40
update,   118,    7,  263, 13.705567, 0.000000
train,    119, 57.286538,   10, 0.00,    5, 0.000, 0.000, 0.100, 40
train,    120, -47.333974,    5, 1.00,    2, 0.000, 0.000, 0.100, 40
train,    121, 58.061538,    9, 0.00,    2, 0.000, 0.000, 0.100, 40
train,    122, -48.192308,    2, 1.00,    0, 0.000, 0.000, 0.100, 40
train,    123, 58.042308,   12, 0.00,    5, 0.000, 0.000, 0.100, 40
train,    124, 59.611538,   10, 0.00,    2, 0.000, 0.000, 0.100, 40
train,    125, 58.991026,   18, 0.00,    8, 0.000, 0.000, 0.100, 40
train,    126, -47.893590,    6, 1.00,    4, 0.000, 0.000, 0.100, 40
train,    127, 58.054487,   12, 0.00,    5, 0.000, 0.000, 0.100, 40
train,    128, 58.183974,   15, 0.00,    7, 0.000, 0.000, 0.100, 40
train,    129, -46.288462,    6, 1.00,    2, 0.000, 0.000, 0.100, 40
train,    130, -46.617308,   11, 1.00,    6, 0.000, 0.000, 0.100, 40
train,    131, -43.605769,   16, 1.00,    7, 0.000, 0.000, 0.100, 40
train,    132, -48.786538,    2, 1.00,    1, 0.000, 0.000, 0.100, 40
train,    133, 57.771795,    9, 0.00,    4, 0.000, 0.000, 0.100, 40
train,    134, 59.498718,   12, 0.00,    4, 0.000, 0.000, 0.100, 40
train,    135, -47.881410,    6, 1.00,    4, 0.000, 0.000, 0.100, 40
train,    136, 60.901282,   22, 0.00,    7, 0.000, 0.000, 0.100, 40
train,    137, -46.848077,    7, 1.00,    4, 0.000, 0.000, 0.100, 40
train,    138, -47.059615,    5, 1.00,    2, 0.000, 0.000, 0.100, 40
train,    139, 57.635897,   13, 0.00,    6, 0.000, 0.000, 0.100, 40
train,    140, -47.951282,    7, 1.00,    4, 0.000, 0.000, 0.100, 40
train,    141, 58.639103,   14, 0.00,    5, 0.000, 0.000, 0.100, 40
train,    142, -46.921795,   11, 1.00,    6, 0.000, 0.000, 0.100, 40
train,    143, -42.288462,   10, 1.00,    1, 0.000, 0.000, 0.100, 40
train,    144, 58.832692,   10, 0.00,    2, 0.000, 0.000, 0.100, 40
update,   144,    8,  260, 10.412014, -0.000000
train,    145, 64.494872,   56, 0.00,   24, 0.000, 0.000, 0.100, 40
train,    146, -43.939103,   16, 1.00,    6, 0.000, 0.000, 0.100, 40
train,    147, 55.871154,   10, 0.00,    6, 0.000, 0.000, 0.100, 40
train,    148, 57.079487,   14, 0.00,    7, 0.000, 0.000, 0.100, 40
train,    149, 57.838462,    9, 0.00,    4, 0.000, 0.000, 0.100, 40
train,    150, 55.141026,   15, 0.00,    9, 0.000, 0.000, 0.100, 40
train,    151, 58.773718,    9, 0.00,    2, 0.000, 0.000, 0.100, 40
train,    152, -47.514103,    4, 1.00,    2, 0.000, 0.000, 0.100, 40
train,    153, 60.937179,   23, 0.00,    9, 0.000, 0.000, 0.100, 40
train,    154, -46.473077,    5, 1.00,    1, 0.000, 0.000, 0.100, 40
train,    155, 63.269872,   28, 0.00,    9, 0.000, 0.000, 0.100, 40
train,    156, -47.814744,    6, 1.00,    4, 0.000, 0.000, 0.100, 40
train,    157, -46.373077,    5, 1.00,    1, 0.000, 0.000, 0.100, 40
train,    158, 62.165385,   27, 0.00,    9, 0.000, 0.000, 0.100, 40
train,    159, -47.987179,    5, 1.00,    3, 0.000, 0.000, 0.100, 40
train,    160, -43.818590,   14, 1.00,    3, 0.000, 0.000, 0.100, 40
train,    161, -48.192308,    2, 1.00,    0, 0.000, 0.000, 0.100, 40
train,    162, -47.634615,    7, 1.00,    4, 0.000, 0.000, 0.100, 40
train,    163, -46.870513,   12, 1.00,    6, 0.000, 0.000, 0.100, 40
update,   163,    9,  267, 9.707982, 0.000000
train,    164, -47.750000,    3, 1.00,    0, 0.000, 0.000, 0.100, 40
train,    165, -49.548077,    5, 1.00,    4, 0.000, 0.000, 0.100, 40
train,    166, 57.674359,   11, 0.00,    5, 0.000, 0.000, 0.100, 40
train,    167, -43.262821,    9, 1.00,    2, 0.000, 0.000, 0.100, 40
train,    168, 58.676923,   19, 0.00,    9, 0.000, 0.000, 0.100, 40
train,    169, 57.831410,   13, 0.00,    6, 0.000, 0.000, 0.100, 40
train,    170, -46.111538,   13, 1.00,    6, 0.000, 0.000, 0.100, 40
train,    171, -47.775641,    7, 1.00,    5, 0.000, 0.000, 0.100, 40
train,    172, -46.038462,    6, 1.00,    2, 0.000, 0.000, 0.100, 40
train,    173, -47.552564,    6, 1.00,    4, 0.000, 0.000, 0.100, 40
train,    174, 57.214744,   13, 0.00,    6, 0.000, 0.000, 0.100, 40
train,    175, 57.960897,   16, 0.00,    8, 0.000, 0.000, 0.100, 40
train,    176, 57.523718,   19, 0.00,   10, 0.000, 0.000, 0.100, 40
train,    177, -48.457692,    2, 1.00,    1, 0.000, 0.000, 0.100, 40
train,    178, 60.844872,   17, 0.00,    5, 0.000, 0.000, 0.100, 40
train,    179, -47.975000,    5, 1.00,    3, 0.000, 0.000, 0.100, 40
train,    180, 61.037821,   21, 0.00,    7, 0.000, 0.000, 0.100, 40
train,    181, -49.009615,    3, 1.00,    2, 0.000, 0.000, 0.100, 40
train,    182, 67.583974,   37, 0.00,    9, 0.000, 0.000, 0.100, 40
train,    183, -48.521154,    2, 1.00,    0, 0.000, 0.000, 0.100, 40
train,    184, -40.233333,   33, 1.00,   12, 0.000, 0.000, 0.100, 40
update,   184,   10,  260, 9.510582, -0.000000
train,    185, -48.078846,    3, 1.00,    0, 0.000, 0.000, 0.100, 40
train,    186, 59.620513,   16, 0.00,    6, 0.000, 0.000, 0.100, 40
train,    187, 63.062821,   32, 0.00,   11, 0.000, 0.000, 0.100, 40
train,    188, -45.529487,    7, 1.00,    2, 0.000, 0.000, 0.100, 40
train,    189, 55.678846,    9, 0.00,    6, 0.000, 0.000, 0.100, 40
train,    190, -41.517308,   11, 1.00,    1, 0.000, 0.000, 0.100, 40
train,    191, -48.786538,    2, 1.00,    1, 0.000, 0.000, 0.100, 40
train,    192, -46.144231,    5, 1.00,    1, 0.000, 0.000, 0.100, 40
train,    193, -48.457692,    2, 1.00,    1, 0.000, 0.000, 0.100, 40
train,    194, -48.192308,    2, 1.00,    0, 0.000, 0.000, 0.100, 40
train,    195, -48.192308,    2, 1.00,    0, 0.000, 0.000, 0.100, 40
train,    196, 56.996795,   11, 0.00,    6, 0.000, 0.000, 0.100, 40
train,    197, 56.696795,   11, 0.00,    6, 0.000, 0.000, 0.100, 40
train,    198, -48.192308,    2, 1.00,    0, 0.000, 0.000, 0.100, 40
train,    199, -45.051282,    9, 1.00,    4, 0.000, 0.000, 0.100, 40
val_save, 199, 16.938846, 0.4000,  22.3000,   0.0000, 0.5000,   7.6784
val,      199, 16.938846, 0.4000,  22.3000,   0.0000, 0.5000,   7.6784
curriculum,noise_cap 0.0000 -> 0.0300, entropy 0.1000 -> 0.1000
train,    200, 59.291667,   16, 0.00,    6, 0.000, 0.030, 0.100, 40
train,    201, -41.332692,   12, 1.00,    2, 0.000, 0.030, 0.100, 40
train,    202, 56.993590,   12, 0.00,    6, 0.030, 0.030, 0.100, 40
train,    203, -45.912821,    6, 1.00,    3, 0.000, 0.030, 0.100, 40
train,    204, -46.187179,    7, 1.00,    2, 0.000, 0.030, 0.100, 40
train,    205, -47.118590,    4, 1.00,    2, 0.000, 0.030, 0.100, 40
train,    206, -37.232692,   27, 1.00,    7, 0.000, 0.030, 0.100, 40
train,    207, 60.708974,   21, 0.00,    7, 0.000, 0.030, 0.100, 40
train,    208, 56.865385,   10, 0.00,    5, 0.000, 0.030, 0.100, 40
train,    209, -48.192308,    2, 1.00,    0, 0.030, 0.030, 0.100, 40
train,    210, -48.323718,    5, 1.00,    4, 0.000, 0.030, 0.100, 40
train,    211, 58.511538,    9, 0.00,    2, 0.000, 0.030, 0.100, 40
train,    212, -43.508974,   12, 1.00,    3, 0.000, 0.030, 0.100, 40
update,   212,   11,  267, 4.817362, -0.000000
train,    213, -48.457692,    2, 1.00,    1, 0.030, 0.030, 0.100, 40
train,    214, -37.985256,   25, 1.00,    6, 0.000, 0.030, 0.100, 40
train,    215, -48.786538,    2, 1.00,    1, 0.000, 0.030, 0.100, 40
train,    216, -44.789103,    9, 1.00,    4, 0.030, 0.030, 0.100, 40
train,    217, -48.786538,    2, 1.00,    1, 0.030, 0.030, 0.100, 40
train,    218, 60.095513,   25, 0.00,   11, 0.000, 0.030, 0.100, 40
train,    219, -45.384615,   10, 1.00,    2, 0.000, 0.030, 0.100, 40
train,    220, -46.123718,   13, 1.00,    6, 0.000, 0.030, 0.100, 40
train,    221, 61.581410,   17, 0.00,    4, 0.000, 0.030, 0.100, 40
train,    222, -48.521154,    2, 1.00,    0, 0.000, 0.030, 0.100, 40
train,    223, -42.934615,   13, 1.00,    1, 0.000, 0.030, 0.100, 40
train,    224, -42.713462,   23, 1.00,   10, 0.000, 0.030, 0.100, 40
train,    225, -48.457692,    2, 1.00,    1, 0.000, 0.030, 0.100, 40
train,    226, -47.059615,    5, 1.00,    2, 0.000, 0.030, 0.100, 40
train,    227, -48.202564,    6, 1.00,    3, 0.000, 0.030, 0.100, 40
train,    228, -44.126923,   16, 1.00,    6, 0.000, 0.030, 0.100, 40
train,    229, -42.671154,   13, 1.00,    3, 0.030, 0.030, 0.100, 40
train,    230, -45.721154,   10, 1.00,    3, 0.000, 0.030, 0.100, 40
train,    231, -46.966026,    6, 1.00,    3, 0.000, 0.030, 0.100, 40
train,    232, -46.915385,    4, 1.00,    1, 0.000, 0.030, 0.100, 40
train,    233, -44.778846,    6, 1.00,    0, 0.000, 0.030, 0.100, 40
train,    234, 57.455769,   12, 0.00,    6, 0.000, 0.030, 0.100, 40
train,    235, 56.108974,   10, 0.00,    6, 0.000, 0.030, 0.100, 40
train,    236, 59.764744,   15, 0.00,    5, 0.030, 0.030, 0.100, 40
train,    237, -48.457692,    2, 1.00,    1, 0.030, 0.030, 0.100, 40
train,    238, -43.703846,   15, 1.00,    5, 0.030, 0.030, 0.100, 40
update,   238,   12,  265, -10.162829, 0.000000
train,    239, -40.392308,   20, 1.00,    6, 0.030, 0.030, 0.100, 40
train,    240, 62.521795,   26, 0.00,    8, 0.000, 0.030, 0.100, 40
train,    241, -46.637179,    6, 1.00,    3, 0.000, 0.030, 0.100, 40
train,    242, -43.782051,   18, 1.00,    8, 0.000, 0.030, 0.100, 40
train,    243, 65.160897,   36, 0.00,   11, 0.000, 0.030, 0.100, 40
train,    244, -47.559615,   10, 1.00,    6, 0.030, 0.030, 0.100, 40
train,    245, 59.776923,   21, 0.00,    8, 0.000, 0.030, 0.100, 40
train,    246, -48.344231,    3, 1.00,    1, 0.030, 0.030, 0.100, 40
train,    247, -44.693590,   15, 1.00,    7, 0.000, 0.030, 0.100, 40
train,    248, -46.038462,    6, 1.00,    2, 0.030, 0.030, 0.100, 40
train,    249, 60.705128,   18, 0.00,    6, 0.030, 0.030, 0.100, 40
train,    250, 58.611538,   20, 0.00,   10, 0.000, 0.030, 0.100, 40
train,    251, 58.030769,   10, 0.00,    4, 0.000, 0.030, 0.100, 40
train,    252, 62.122436,   23, 0.00,    7, 0.030, 0.030, 0.100, 40
train,    253, -46.116026,    7, 1.00,    3, 0.000, 0.030, 0.100, 40
train,    254, 59.362179,   13, 0.00,    4, 0.030, 0.030, 0.100, 40
train,    255, -42.933333,   18, 1.00,    7, 0.000, 0.030, 0.100, 40
update,   255,   13,  270, 7.040709, -0.000000
train,    256, -49.050000,    2, 1.00,    0, 0.000, 0.030, 0.100, 40
train,    257, -48.192308,    2, 1.00,    0, 0.000, 0.030, 0.100, 40
train,    258, -43.830769,    8, 1.00,    1, 0.030, 0.030, 0.100, 40
train,    259, -48.521154,    2, 1.00,    0, 0.000, 0.030, 0.100, 40
train,    260, -43.857051,    9, 1.00,    4, 0.000, 0.030, 0.100, 40
train,    261, 55.691026,    9, 0.00,    6, 0.000, 0.030, 0.100, 40
train,    262, 60.975641,   21, 0.00,    7, 0.030, 0.030, 0.100, 40
train,    263, 60.458974,   21, 0.00,    7, 0.030, 0.030, 0.100, 40
train,    264, -45.407692,   11, 1.00,    4, 0.000, 0.030, 0.100, 40
train,    265, -43.534615,   28, 1.00,   14, 0.000, 0.030, 0.100, 40
train,    266, 55.815385,    9, 0.00,    5, 0.000, 0.030, 0.100, 40
train,    267, -46.938462,    5, 1.00,    2, 0.000, 0.030, 0.100, 40
train,    268, -39.389744,   28, 1.00,   11, 0.030, 0.030, 0.100, 40
train,    269, 57.525641,   11, 0.00,    6, 0.000, 0.030, 0.100, 40
train,    270, -47.514103,    4, 1.00,    2, 0.000, 0.030, 0.100, 40
train,    271, -44.803846,   13, 1.00,    7, 0.000, 0.030, 0.100, 40
train,    272, 57.491667,   14, 0.00,    7, 0.000, 0.030, 0.100, 40
train,    273, -48.192308,    2, 1.00,    0, 0.030, 0.030, 0.100, 40
train,    274, -47.300641,    5, 1.00,    2, 0.000, 0.030, 0.100, 40
train,    275, -45.521154,   10, 1.00,    3, 0.000, 0.030, 0.100, 40
train,    276, 63.668590,   28, 0.00,    8, 0.000, 0.030, 0.100, 40
train,    277, -45.591667,   13, 1.00,    5, 0.000, 0.030, 0.100, 40
train,    278, 57.442949,    9, 0.00,    4, 0.000, 0.030, 0.100, 40
update,   278,   14,  264, 0.276331, -0.000000
train,    279, -44.554487,   11, 1.00,    3, 0.000, 0.030, 0.100, 40
train,    280, -48.457692,    2, 1.00,    1, 0.030, 0.030, 0.100, 40
train,    281, -45.725000,    7, 1.00,    2, 0.030, 0.030, 0.100, 40
train,    282, 57.115385,   10, 0.00,    5, 0.000, 0.030, 0.100, 40
train,    283, -44.428846,   11, 1.00,    4, 0.030, 0.030, 0.100, 40
train,    284, -43.696154,   20, 1.00,    9, 0.000, 0.030, 0.100, 40
train,    285, 61.841026,   27, 0.00,   10, 0.000, 0.030, 0.100, 40
train,    286, 58.308333,    9, 0.00,    3, 0.030, 0.030, 0.100, 40
train,    287, 57.984615,   13, 0.00,    5, 0.000, 0.030, 0.100, 40
train,    288, -43.719231,   10, 1.00,    4, 0.000, 0.030, 0.100, 40
train,    289, -48.786538,    2, 1.00,    1, 0.030, 0.030, 0.100, 40
train,    290, -43.332051,   19, 1.00,    7, 0.000, 0.030, 0.100, 40
train,    291, -48.680769,    3, 1.00,    2, 0.000, 0.030, 0.100, 40
train,    292, 57.462821,   14, 0.00,    7, 0.030, 0.030, 0.100, 40
train,    293, -41.907692,   13, 1.00,    5, 0.000, 0.030, 0.100, 40
train,    294, 58.175000,    9, 0.00,    3, 0.000, 0.030, 0.100, 40
train,    295, -45.449359,   13, 1.00,    7, 0.000, 0.030, 0.100, 40
train,    296, 62.109615,   20, 0.00,    5, 0.000, 0.030, 0.100, 40
train,    297, -47.161538,    6, 1.00,    3, 0.000, 0.030, 0.100, 40
train,    298, -41.421795,   28, 1.00,   10, 0.000, 0.030, 0.100, 40
train,    299, 59.166026,   15, 0.00,    6, 0.000, 0.030, 0.100, 40
update,   299,   15,  262, -0.198778, 0.000000
val,      299, -16.944615, 0.7000,  16.4000,   4.8000, 0.2000,  11.0353
train,    300, 56.223077,    9, 0.00,    5, 0.000, 0.030, 0.100, 40
train,    301, 57.905128,    9, 0.00,    4, 0.000, 0.030, 0.100, 40
train,    302, -49.050000,    2, 1.00,    0, 0.030, 0.030, 0.100, 40
train,    303, 59.586538,   24, 0.00,   11, 0.000, 0.030, 0.100, 40
train,    304, -45.255128,    6, 1.00,    3, 0.000, 0.030, 0.100, 40
train,    305, 57.160256,   24, 0.00,   13, 0.030, 0.030, 0.100, 40
train,    306, -47.007692,    9, 1.00,    5, 0.000, 0.030, 0.100, 40
train,    307, -48.200641,    5, 1.00,    3, 0.000, 0.030, 0.100, 40
train,    308, 58.421795,   10, 0.00,    3, 0.030, 0.030, 0.100, 40
train,    309, 55.448718,   14, 0.00,    9, 0.030, 0.030, 0.100, 40
train,    310, 57.818590,   10, 0.00,    4, 0.000, 0.030, 0.100, 40
train,    311, -45.726282,   13, 1.00,    5, 0.000, 0.030, 0.100, 40
train,    312, -48.786538,    2, 1.00,    1, 0.030, 0.030, 0.100, 40
train,    313, -45.838462,    6, 1.00,    2, 0.030, 0.030, 0.100, 40
train,    314, -48.786538,    2, 1.00,    1, 0.000, 0.030, 0.100, 40
train,    315, -48.719231,    5, 1.00,    4, 0.030, 0.030, 0.100, 40
train,    316, -48.786538,    2, 1.00,    1, 0.030, 0.030, 0.100, 40
train,    317, 64.257051,   37, 0.00,   14, 0.000, 0.030, 0.100, 40
train,    318, 62.136538,   16, 0.00,    2, 0.000, 0.030, 0.100, 40
train,    319, 58.200000,   12, 0.00,    5, 0.000, 0.030, 0.100, 40
train,    320, -47.686538,    3, 1.00,    1, 0.000, 0.030, 0.100, 40
train,    321, -48.521154,    2, 1.00,    0, 0.030, 0.030, 0.100, 40
train,    322, 58.660256,   31, 0.00,   16, 0.000, 0.030, 0.100, 40
train,    323, -45.537179,    7, 1.00,    3, 0.030, 0.030, 0.100, 40
update,   323,   16,  260, 13.276145, -0.000000
train,    324, -40.355769,   31, 1.00,   12, 0.000, 0.030, 0.100, 40
train,    325, -48.457692,    2, 1.00,    1, 0.030, 0.030, 0.100, 40
train,    326, 56.878205,   19, 0.00,   10, 0.000, 0.030, 0.100, 40
train,    327, 55.984615,   16, 0.00,   10, 0.000, 0.030, 0.100, 40
train,    328, 60.034615,   15, 0.00,    4, 0.000, 0.030, 0.100, 40
train,    329, -45.329487,   13, 1.00,    5, 0.030, 0.030, 0.100, 40
train,    330, 60.030769,   12, 0.00,    3, 0.000, 0.030, 0.100, 40
train,    331, -47.302564,    6, 1.00,    4, 0.000, 0.030, 0.100, 40
train,    332, 57.905128,    9, 0.00,    4, 0.000, 0.030, 0.100, 40
train,    333, 55.302564,   10, 0.00,    8, 0.030, 0.030, 0.100, 40
train,    334, 57.060256,   12, 0.00,    6, 0.000, 0.030, 0.100, 40
train,    335, -48.521154,    2, 1.00,    0, 0.000, 0.030, 0.100, 40
train,    336, 56.328205,   12, 0.00,    7, 0.030, 0.030, 0.100, 40
train,    337, -48.192308,    2, 1.00,    0, 0.000, 0.030, 0.100, 40
train,    338, 58.657051,   14, 0.00,    6, 0.000, 0.030, 0.100, 40
train,    339, -47.705128,   10, 1.00,    6, 0.000, 0.030, 0.100, 40
train,    340, -43.676923,   16, 1.00,    6, 0.000, 0.030, 0.100, 40
train,    341, 55.322436,   10, 0.00,    7, 0.000, 0.030, 0.100, 40
train,    342, 62.780769,   27, 0.00,    8, 0.000, 0.030, 0.100, 40
train,    343, -43.865385,   13, 1.00,    3, 0.000, 0.030, 0.100, 40
train,    344, -48.457692,    2, 1.00,    1, 0.000, 0.030, 0.100, 40
train,    345, 58.527564,   11, 0.00,    4, 0.000, 0.030, 0.100, 40
update,   345,   17,  264, 12.289299, -0.000000
train,    346, 58.582692,   15, 0.00,    6, 0.000, 0.030, 0.100, 40
train,    347, 61.138462,   13, 0.00,    2, 0.030, 0.030, 0.100, 40
train,    348, 57.052564,   12, 0.00,    7, 0.030, 0.030, 0.100, 40
train,    349, -48.192308,    2, 1.00,    0, 0.000, 0.030, 0.100, 40
train,    350, -45.176923,    9, 1.00,    3, 0.000, 0.030, 0.100, 40
train,    351, -48.521154,    2, 1.00,    0, 0.000, 0.030, 0.100, 40
train,    352, -44.742308,   10, 1.00,    4, 0.000, 0.030, 0.100, 40
train,    353, 55.675000,   12, 0.00,    8, 0.000, 0.030, 0.100, 40
train,    354, -44.598077,   10, 1.00,    2, 0.000, 0.030, 0.100, 40
train,    355, -44.828205,    8, 1.00,    3, 0.030, 0.030, 0.100, 40
train,    356, -49.050000,    2, 1.00,    0, 0.030, 0.030, 0.100, 40
train,    357, -47.185256,    4, 1.00,    2, 0.030, 0.030, 0.100, 40
train,    358, -43.065385,   19, 1.00,    7, 0.000, 0.030, 0.100, 40
train,    359, 58.923077,   11, 0.00,    4, 0.000, 0.030, 0.100, 40
train,    360, 57.838462,    9, 0.00,    4, 0.000, 0.030, 0.100, 40
train,    361, -44.979487,   13, 1.00,    6, 0.030, 0.030, 0.100, 40
train,    362, 57.509615,    9, 0.00,    4, 0.000, 0.030, 0.100, 40
train,    363, 57.788462,   15, 0.00,    7, 0.030, 0.030, 0.100, 40
train,    364, 56.061538,   11, 0.00,    8, 0.000, 0.030, 0.100, 40
train,    365, 56.157051,   12, 0.00,    7, 0.000, 0.030, 0.100, 40
train,    366, 61.448718,   20, 0.00,    6, 0.030, 0.030, 0.100, 40
train,    367, 59.475641,   14, 0.00,    4, 0.030, 0.030, 0.100, 40
train,    368, -47.024359,    8, 1.00,    6, 0.030, 0.030, 0.100, 40
train,    369, -46.586538,    4, 1.00,    1, 0.030, 0.030, 0.100, 40
train,    370, 60.165385,   19, 0.00,    7, 0.030, 0.030, 0.100, 40
update,   370,   18,  263, 13.074461, 0.000000
train,    371, -44.503205,   12, 1.00,    3, 0.030, 0.030, 0.100, 40
train,    372, -40.770513,   23, 1.00,    9, 0.000, 0.030, 0.100, 40
train,    373, 56.328205,   12, 0.00,    7, 0.000, 0.030, 0.100, 40
train,    374, -49.963462,    5, 1.00,    5, 0.030, 0.030, 0.100, 40
train,    375, 57.612179,   11, 0.00,    5, 0.030, 0.030, 0.100, 40
train,    376, 55.792308,   10, 0.00,    6, 0.000, 0.030, 0.100, 40
train,    377, 57.655128,    9, 0.00,    4, 0.030, 0.030, 0.100, 40
train,    378, -44.514103,   23, 1.00,   13, 0.030, 0.030, 0.100, 40
train,    379, -44.438462,   19, 1.00,    9, 0.000, 0.030, 0.100, 40
train,    380, -46.044872,   13, 1.00,    6, 0.000, 0.030, 0.100, 40
train,    381, -47.179487,   16, 1.00,   11, 0.000, 0.030, 0.100, 40
train,    382, -48.023077,    3, 1.00,    2, 0.000, 0.030, 0.100, 40
train,    383, 60.512821,   17, 0.00,    6, 0.000, 0.030, 0.100, 40
train,    384, 59.562821,   22, 0.00,   10, 0.000, 0.030, 0.100, 40
train,    385, -47.744872,    5, 1.00,    4, 0.000, 0.030, 0.100, 40
train,    386, -43.164744,   11, 1.00,    2, 0.030, 0.030, 0.100, 40
train,    387, 64.041026,   29, 0.00,    9, 0.030, 0.030, 0.100, 40
train,    388, 57.510897,   28, 0.00,   15, 0.030, 0.030, 0.100, 40
update,   388,   19,  268, 3.775877, 0.000000
train,    389, -46.871154,    8, 1.00,    5, 0.000, 0.030, 0.100, 40
train,    390, -42.845513,   24, 1.00,   11, 0.030, 0.030, 0.100, 40
train,    391, -46.139103,    8, 1.00,    4, 0.000, 0.030, 0.100, 40
train,    392, -45.701923,    6, 1.00,    1, 0.000, 0.030, 0.100, 40
train,    393, -48.457692,    2, 1.00,    1, 0.030, 0.030, 0.100, 40
train,    394, 57.314103,    9, 0.00,    4, 0.000, 0.030, 0.100, 40
train,    395, -50.045513,   12, 1.00,    8, 0.030, 0.030, 0.100, 40
train,    396, 58.786538,   17, 0.00,    8, 0.000, 0.030, 0.100, 40
train,    397, 54.942949,   12, 0.00,    9, 0.000, 0.030, 0.100, 40
train,    398, -48.192308,    2, 1.00,    0, 0.000, 0.030, 0.100, 40
train,    399, 59.678846,   13, 0.00,    4, 0.000, 0.030, 0.100, 40
val_save, 399, 31.844615, 0.2000,  14.4000,  14.4000, 0.8000,   7.8699
val,      399, 31.844615, 0.2000,  14.4000,  14.4000, 0.8000,   7.8699
train,    400, 56.460897,   14, 0.00,    9, 0.000, 0.030, 0.100, 40
train,    401, -45.129487,   13, 1.00,    5, 0.000, 0.030, 0.100, 40
train,    402, -49.362821,   15, 1.00,   10, 0.000, 0.030, 0.100, 40
train,    403, 56.527564,    9, 0.00,    5, 0.030, 0.030, 0.100, 40
train,    404, 60.808974,   33, 0.00,   14, 0.000, 0.030, 0.100, 40
train,    405, -46.871154,    8, 1.00,    5, 0.000, 0.030, 0.100, 40
train,    406, -48.344231,    3, 1.00,    1, 0.000, 0.030, 0.100, 40
train,    407, 57.378205,   19, 0.00,   10, 0.000, 0.030, 0.100, 40
train,    408, 57.205128,    9, 0.00,    4, 0.000, 0.030, 0.100, 40
train,    409, -36.750000,   59, 1.00,   26, 0.000, 0.030, 0.100, 40
update,   409,   20,  295, 3.968514, -0.000000
train,    410, 57.757692,   11, 0.00,    5, 0.030, 0.030, 0.100, 40
train,    411, 59.091667,   16, 0.00,    6, 0.000, 0.030, 0.100, 40
train,    412, -50.175000,    3, 1.00,    3, 0.000, 0.030, 0.100, 40
train,    413, 59.553846,   16, 0.00,    6, 0.030, 0.030, 0.100, 40
train,    414, 57.518590,   15, 0.00,    8, 0.000, 0.030, 0.100, 40
train,    415, 55.917949,   11, 0.00,    6, 0.000, 0.030, 0.100, 40
train,    416, -46.151923,    5, 1.00,    2, 0.000, 0.030, 0.100, 40
train,    417, 58.376282,   16, 0.00,    7, 0.000, 0.030, 0.100, 40
train,    418, -48.429487,    4, 1.00,    3, 0.030, 0.030, 0.100, 40
train,    419, 57.189744,   10, 0.00,    4, 0.030, 0.030, 0.100, 40
train,    420, 63.642308,   58, 0.00,   28, 0.030, 0.030, 0.100, 40
train,    421, 55.871154,   10, 0.00,    6, 0.000, 0.030, 0.100, 40
train,    422, 55.232692,   11, 0.00,    8, 0.000, 0.030, 0.100, 40
train,    423, -44.156410,   24, 1.00,   12, 0.000, 0.030, 0.100, 40
train,    424, -43.904487,   11, 1.00,    4, 0.000, 0.030, 0.100, 40
train,    425, -46.022436,    8, 1.00,    4, 0.000, 0.030, 0.100, 40
train,    426, -46.907051,    6, 1.00,    4, 0.030, 0.030, 0.100, 40
train,    427, -45.337179,    7, 1.00,    3, 0.030, 0.030, 0.100, 40
train,    428, -42.871154,   13, 1.00,    2, 0.030, 0.030, 0.100, 40
train,    429, -38.701282,   28, 1.00,    7, 0.030, 0.030, 0.100, 40
update,   429,   21,  283, 8.451929, 0.000000
train,    430, -48.192308,    2, 1.00,    0, 0.000, 0.030, 0.100, 40
train,    431, -46.060897,   10, 1.00,    6, 0.000, 0.030, 0.100, 40
train,    432, 62.666667,   28, 0.00,   10, 0.000, 0.030, 0.100, 40
train,    433, 56.367949,   11, 0.00,    6, 0.000, 0.030, 0.100, 40
train,    434, -48.285256,    3, 1.00,    2, 0.000, 0.030, 0.100, 40
train,    435, -47.089744,    9, 1.00,    7, 0.000, 0.030, 0.100, 40
train,    436, 58.109615,   16, 0.00,    7, 0.000, 0.030, 0.100, 40
train,    437, 57.271795,    9, 0.00,    4, 0.000, 0.030, 0.100, 40
train,    438, 60.187179,   11, 0.00,    2, 0.000, 0.030, 0.100, 40
train,    439, 57.756410,   10, 0.00,    4, 0.030, 0.030, 0.100, 40
train,    440, -46.117949,   25, 1.00,   15, 0.030, 0.030, 0.100, 40
train,    441, 56.774359,   10, 0.00,    5, 0.000, 0.030, 0.100, 40
train,    442, 56.605128,    8, 0.00,    4, 0.000, 0.030, 0.100, 40
train,    443, 57.996795,   18, 0.00,    9, 0.000, 0.030, 0.100, 40
train,    444, -48.786538,    2, 1.00,    1, 0.030, 0.030, 0.100, 40
train,    445, -49.019872,    7, 1.00,    6, 0.000, 0.030, 0.100, 40
train,    446, 61.978205,   24, 0.00,    8, 0.030, 0.030, 0.100, 40
train,    447, 64.189103,   25, 0.00,    6, 0.000, 0.030, 0.100, 40
train,    448, -42.483333,   13, 1.00,    3, 0.000, 0.030, 0.100, 40
train,    449, -48.457692,    2, 1.00,    1, 0.030, 0.030, 0.100, 40
train,    450, -48.662179,   14, 1.00,    8, 0.000, 0.030, 0.100, 40
update,   450,   22,  257, 13.260705, -0.000000
train,    451, 66.244231,   31, 0.00,    7, 0.000, 0.030, 0.100, 40
train,    452, -43.751282,   10, 1.00,    5, 0.000, 0.030, 0.100, 40
train,    453, -48.521154,    2, 1.00,    0, 0.000, 0.030, 0.100, 40
train,    454, -43.975000,    9, 1.00,    2, 0.030, 0.030, 0.100, 40
train,    455, 59.624359,   13, 0.00,    4, 0.000, 0.030, 0.100, 40
train,    456, -48.192308,    2, 1.00,    0, 0.000, 0.030, 0.100, 40
train,    457, -44.107692,   12, 1.00,    4, 0.000, 0.030, 0.100, 40
train,    458, -47.634615,    7, 1.00,    4, 0.000, 0.030, 0.100, 40
train,    459, -46.414103,    5, 1.00,    2, 0.000, 0.030, 0.100, 40
train,    460, -47.301923,   10, 1.00,    5, 0.000, 0.030, 0.100, 40
train,    461, 56.833333,   16, 0.00,    9, 0.000, 0.030, 0.100, 40
train,    462, -44.612821,   13, 1.00,    6, 0.030, 0.030, 0.100, 40
train,    463, -48.192308,    2, 1.00,    0, 0.030, 0.030, 0.100, 40
train,    464, -45.701923,    6, 1.00,    1, 0.000, 0.030, 0.100, 40
train,    465, 56.923077,    9, 0.00,    5, 0.000, 0.030, 0.100, 40
train,    466, 58.576923,   25, 0.00,   13, 0.000, 0.030, 0.100, 40
train,    467, -42.391667,   22, 1.00,    8, 0.000, 0.030, 0.100, 40
train,    468, 58.226923,   13, 0.00,    6, 0.000, 0.030, 0.100, 40
train,    469, -44.753846,   14, 1.00,    5, 0.000, 0.030, 0.100, 40
train,    470, 56.923077,    9, 0.00,    5, 0.030, 0.030, 0.100, 40
train,    471, 56.403205,   10, 0.00,    5, 0.000, 0.030, 0.100, 40
train,    472, 57.779487,    9, 0.00,    3, 0.000, 0.030, 0.100, 40
train,    473, -46.510897,   10, 1.00,    5, 0.000, 0.030, 0.100, 40
update,   473,   23,  259, 3.254180, -0.000000
train,    474, -48.457692,    2, 1.00,    1, 0.000, 0.030, 0.100, 40
train,    475, -45.184615,    9, 1.00,    4, 0.000, 0.030, 0.100, 40
train,    476, 61.846795,   17, 0.00,    3, 0.000, 0.030, 0.100, 40
train,    477, 61.393590,   40, 0.00,   18, 0.030, 0.030, 0.100, 40
train,    478, -43.278205,    9, 1.00,    4, 0.000, 0.030, 0.100, 40
train,    479, -45.576282,    6, 1.00,    2, 0.030, 0.030, 0.100, 40
train,    480, -48.192308,    2, 1.00,    0, 0.030, 0.030, 0.100, 40
train,    481, -46.586538,    4, 1.00,    1, 0.000, 0.030, 0.100, 40
train,    482, -44.147436,    7, 1.00,    2, 0.030, 0.030, 0.100, 40
train,    483, -48.457692,    2, 1.00,    1, 0.030, 0.030, 0.100, 40
train,    484, 58.836538,   12, 0.00,    4, 0.000, 0.030, 0.100, 40
train,    485, -45.990385,    7, 1.00,    4, 0.000, 0.030, 0.100, 40
train,    486, -44.519231,    9, 1.00,    3, 0.000, 0.030, 0.100, 40
train,    487, 61.151282,   21, 0.00,    8, 0.030, 0.030, 0.100, 40
train,    488, -46.887179,   11, 1.00,    7, 0.000, 0.030, 0.100, 40
train,    489, 58.383333,   12, 0.00,    5, 0.000, 0.030, 0.100, 40
train,    490, -44.566026,    8, 1.00,    3, 0.030, 0.030, 0.100, 40
train,    491, -42.541026,   24, 1.00,   11, 0.030, 0.030, 0.100, 40
train,    492, -48.786538,    2, 1.00,    1, 0.030, 0.030, 0.100, 40
train,    493, -48.192308,    2, 1.00,    0, 0.000, 0.030, 0.100, 40
train,    494, -48.192308,    2, 1.00,    0, 0.000, 0.030, 0.100, 40
train,    495, -44.738462,    7, 1.00,    2, 0.000, 0.030, 0.100, 40
train,    496, -48.457692,    2, 1.00,    1, 0.030, 0.030, 0.100, 40
train,    497, -44.323718,    9, 1.00,    3, 0.030, 0.030, 0.100, 40
train,    498, -48.457692,    2, 1.00,    1, 0.000, 0.030, 0.100, 40
train,    499, 60.715385,   31, 0.00,   14, 0.030, 0.030, 0.100, 40
update,   499,   24,  259, -0.231599, 0.000000
val,      499, 2.558654, 0.4000,  22.3000,  22.3000, 0.5000,   7.6753
train,    500, -43.923077,   13, 1.00,    5, 0.000, 0.030, 0.100, 40
train,    501, -42.571154,   30, 1.00,   13, 0.030, 0.030, 0.100, 40
train,    502, -44.812821,    7, 1.00,    3, 0.030, 0.030, 0.100, 40
train,    503, -46.205769,    8, 1.00,    4, 0.030, 0.030, 0.100, 40
train,    504, 54.775000,   12, 0.00,    9, 0.000, 0.030, 0.100, 40
train,    505, 56.700000,   10, 0.00,    6, 0.030, 0.030, 0.100, 40
train,    506, -48.521154,    2, 1.00,    0, 0.000, 0.030, 0.100, 40
train,    507, -48.930128,   12, 1.00,    7, 0.030, 0.030, 0.100, 40
train,    508, 57.635897,   13, 0.00,    6, 0.030, 0.030, 0.100, 40
train,    509, 60.186538,   31, 0.00,   14, 0.000, 0.030, 0.100, 40
train,    510, 58.437179,    9, 0.00,    3, 0.000, 0.030, 0.100, 40
train,    511, -46.800641,   11, 1.00,    6, 0.000, 0.030, 0.100, 40
train,    512, 55.347436,   13, 0.00,    9, 0.000, 0.030, 0.100, 40
train,    513, 61.084615,   21, 0.00,    8, 0.030, 0.030, 0.100, 40
train,    514, -48.182051,    8, 1.00,    6, 0.000, 0.030, 0.100, 40
train,    515, -48.344231,    3, 1.00,    1, 0.000, 0.030, 0.100, 40
train,    516, -42.646154,   21, 1.00,    9, 0.030, 0.030, 0.100, 40
train,    517, -47.591667,    5, 1.00,    3, 0.000, 0.030, 0.100, 40
train,    518, 59.610897,   25, 0.00,   10, 0.030, 0.030, 0.100, 40
train,    519, -46.753846,   12, 1.00,    6, 0.000, 0.030, 0.100, 40
update,   519,   25,  266, 2.703365, 0.000000
train,    520, -48.457692,    2, 1.00,    1, 0.000, 0.030, 0.100, 40
train,    521, -49.857692,    6, 1.00,    6, 0.030, 0.030, 0.100, 40
train,    522, 60.137179,   17, 0.00,    5, 0.000, 0.030, 0.100, 40
train,    523, -45.567949,    9, 1.00,    4, 0.000, 0.030, 0.100, 40
train,    524, -43.678846,    7, 1.00,    0, 0.000, 0.030, 0.100, 40
train,    525, 61.483974,   24, 0.00,    9, 0.030, 0.030, 0.100, 40
train,    526, 59.275641,   13, 0.00,    5, 0.030, 0.030, 0.100, 40
train,    527, 58.390385,    9, 0.00,    2, 0.000, 0.030, 0.100, 40
train,    528, -46.808333,   11, 1.00,    7, 0.030, 0.030, 0.100, 40
train,    529, 58.257692,   11, 0.00,    5, 0.000, 0.030, 0.100, 40
train,    530, -46.298718,   16, 1.00,    8, 0.030, 0.030, 0.100, 40
train,    531, -47.120513,   18, 1.00,    9, 0.000, 0.030, 0.100, 40
train,    532, 57.259615,   14, 0.00,    8, 0.000, 0.030, 0.100, 40
train,    533, 56.856410,   15, 0.00,    8, 0.000, 0.030, 0.100, 40
train,    534, -48.192308,    2, 1.00,    0, 0.000, 0.030, 0.100, 40
train,    535, 58.700000,   13, 0.00,    4, 0.030, 0.030, 0.100, 40
train,    536, -48.179487,    4, 1.00,    3, 0.000, 0.030, 0.100, 40
train,    537, -48.521154,    2, 1.00,    0, 0.000, 0.030, 0.100, 40
train,    538, 61.321795,   30, 0.00,   13, 0.030, 0.030, 0.100, 40
train,    539, -46.288462,    6, 1.00,    2, 0.000, 0.030, 0.100, 40
train,    540, 56.844231,    9, 0.00,    5, 0.000, 0.030, 0.100, 40
train,    541, 60.524359,   37, 0.00,   18, 0.000, 0.030, 0.100, 40
update,   541,   26,  275, 13.137982, 0.000000
train,    542, 56.660897,    9, 0.00,    5, 0.030, 0.030, 0.100, 40
train,    543, -47.333333,    8, 1.00,    5, 0.030, 0.030, 0.100, 40
train,    544, -48.457692,    2, 1.00,    1, 0.000, 0.030, 0.100, 40
train,    545, 59.150641,   17, 0.00,    6, 0.030, 0.030, 0.100, 40
train,    546, -48.179487,    4, 1.00,    3, 0.030, 0.030, 0.100, 40
train,    547, 59.601923,   29, 0.00,   14, 0.000, 0.030, 0.100, 40
train,    548, -45.808974,   15, 1.00,    8, 0.000, 0.030, 0.100, 40
train,    549, 57.725000,    9, 0.00,    3, 0.000, 0.030, 0.100, 40
train,    550, 58.574359,   12, 0.00,    4, 0.000, 0.030, 0.100, 40
train,    551, -45.114103,   13, 1.00,    4, 0.000, 0.030, 0.100, 40
train,    552, -44.177564,   12, 1.00,    5, 0.000, 0.030, 0.100, 40
train,    553, 59.584615,   15, 0.00,    4, 0.000, 0.030, 0.100, 40
train,    554, -44.088462,   13, 1.00,    6, 0.030, 0.030, 0.100, 40
train,    555, -47.580769,    4, 1.00,    2, 0.000, 0.030, 0.100, 40
train,    556, 55.605128,   13, 0.00,    8, 0.000, 0.030, 0.100, 40
train,    557, -47.517949,    7, 1.00,    4, 0.030, 0.030, 0.100, 40
train,    558, -46.473077,    5, 1.00,    1, 0.000, 0.030, 0.100, 40
train,    559, -48.179487,    4, 1.00,    3, 0.000, 0.030, 0.100, 40
train,    560, -44.961538,    8, 1.00,    3, 0.000, 0.030, 0.100, 40
train,    561, 56.578846,   33, 0.00,   20, 0.000, 0.030, 0.100, 40
train,    562, 58.300641,   10, 0.00,    3, 0.000, 0.030, 0.100, 40
train,    563, 58.187179,   14, 0.00,    7, 0.000, 0.030, 0.100, 40
update,   563,   27,  256, 9.944583, 0.000000
train,    564, -46.460256,    7, 1.00,    5, 0.030, 0.030, 0.100, 40
train,    565, 58.594231,   11, 0.00,    4, 0.030, 0.030, 0.100, 40
train,    566, 60.875641,   33, 0.00,   14, 0.000, 0.030, 0.100, 40
train,    567, -42.016026,   22, 1.00,    9, 0.000, 0.030, 0.100, 40
train,    568, -41.531410,   24, 1.00,    9, 0.000, 0.030, 0.100, 40
train,    569, 59.464103,   17, 0.00,    7, 0.000, 0.030, 0.100, 40
train,    570, 55.874359,    9, 0.00,    6, 0.030, 0.030, 0.100, 40
train,    571, 57.354487,   17, 0.00,    9, 0.030, 0.030, 0.100, 40
train,    572, 59.714103,   17, 0.00,    7, 0.000, 0.030, 0.100, 40
train,    573, 58.012821,   15, 0.00,    7, 0.000, 0.030, 0.100, 40
train,    574, 59.321795,   11, 0.00,    3, 0.000, 0.030, 0.100, 40
train,    575, 60.616667,   31, 0.00,   15, 0.000, 0.030, 0.100, 40
train,    576, -44.190385,    9, 1.00,    3, 0.030, 0.030, 0.100, 40
train,    577, -48.642949,    4, 1.00,    3, 0.000, 0.030, 0.100, 40
train,    578, -45.130128,   10, 1.00,    3, 0.030, 0.030, 0.100, 40
train,    579, -45.105769,    9, 1.00,    4, 0.000, 0.030, 0.100, 40
train,    580, 62.258974,   22, 0.00,    7, 0.000, 0.030, 0.100, 40
update,   580,   28,  268, 14.649915, 0.000000
train,    581, 56.034615,   10, 0.00,    7, 0.000, 0.030, 0.100, 40
train,    582, 57.509615,    9, 0.00,    4, 0.000, 0.030, 0.100, 40
train,    583, 64.691026,   35, 0.00,   12, 0.000, 0.030, 0.100, 40
train,    584, -48.192308,    2, 1.00,    0, 0.000, 0.030, 0.100, 40
train,    585, -48.673077,    3, 1.00,    1, 0.000, 0.030, 0.100, 40
train,    586, -44.267949,   10, 1.00,    4, 0.000, 0.030, 0.100, 40
train,    587, 61.557692,   15, 0.00,    3, 0.030, 0.030, 0.100, 40
train,    588, 58.926282,   11, 0.00,    3, 0.000, 0.030, 0.100, 40
train,    589, -48.863462,    6, 1.00,    5, 0.000, 0.030, 0.100, 40
train,    590, -44.150641,   13, 1.00,    6, 0.000, 0.030, 0.100, 40
train,    591, 62.810897,   22, 0.00,    5, 0.000, 0.030, 0.100, 40
train,    592, 61.535897,   29, 0.00,   11, 0.000, 0.030, 0.100, 40
train,    593, 59.232692,   15, 0.00,    6, 0.000, 0.030, 0.100, 40
train,    594, -45.955128,   12, 1.00,    5, 0.000, 0.030, 0.100, 40
train,    595, -47.887179,   17, 1.00,   10, 0.000, 0.030, 0.100, 40
train,    596, -47.555769,    7, 1.00,    4, 0.000, 0.030, 0.100, 40
train,    597, -48.521154,    2, 1.00,    0, 0.000, 0.030, 0.100, 40
train,    598, -46.045513,   10, 1.00,    4, 0.000, 0.030, 0.100, 40
train,    599, 59.847436,   17, 0.00,    7, 0.000, 0.030, 0.100, 40
val,      599, -13.936282, 0.4000,  41.8000,  40.6000, 0.3000,   8.0738
train,    600, -45.971795,    6, 1.00,    2, 0.000, 0.030, 0.100, 40
train,    601, -44.717949,    9, 1.00,    5, 0.000, 0.030, 0.100, 40
update,   601,   29,  260, 8.857748, 0.000000
train,    602, -45.247436,    6, 1.00,    2, 0.030, 0.030, 0.100, 40
train,    603, -46.650000,    4, 1.00,    0, 0.000, 0.030, 0.100, 40
train,    604, -48.344231,    3, 1.00,    1, 0.030, 0.030, 0.100, 40
train,    605, -48.457692,    2, 1.00,    1, 0.000, 0.030, 0.100, 40
train,    606, -46.511538,    7, 1.00,    3, 0.030, 0.030, 0.100, 40
train,    607, -44.523077,    6, 1.00,    2, 0.030, 0.030, 0.100, 40
train,    608, -45.266667,   10, 1.00,    4, 0.030, 0.030, 0.100, 40
train,    609, 59.992308,   20, 0.00,    8, 0.000, 0.030, 0.100, 40
train,    610, -45.168590,   11, 1.00,    6, 0.000, 0.030, 0.100, 40
train,    611, 62.674359,   22, 0.00,    6, 0.030, 0.030, 0.100, 40
train,    612, -40.074359,   33, 1.00,   13, 0.000, 0.030, 0.100, 40
train,    613, 58.820513,   10, 0.00,    2, 0.030, 0.030, 0.100, 40
train,    614, -45.268590,   18, 1.00,    8, 0.030, 0.030, 0.100, 40
train,    615, -43.059615,    9, 1.00,    1, 0.000, 0.030, 0.100, 40
train,    616, -48.930769,    3, 1.00,    2, 0.000, 0.030, 0.100, 40
train,    617, -47.203846,    6, 1.00,    3, 0.030, 0.030, 0.100, 40
train,    618, -46.256410,   10, 1.00,    6, 0.000, 0.030, 0.100, 40
train,    619, 58.950000,   13, 0.00,    4, 0.000, 0.030, 0.100, 40
train,    620, 64.992308,   31, 0.00,    9, 0.030, 0.030, 0.100, 40
train,    621, 57.622436,   24, 0.00,   13, 0.000, 0.030, 0.100, 40
train,    622, 57.732692,    9, 0.00,    2, 0.030, 0.030, 0.100, 40
update,   622,   30,  257, 2.626752, -0.000000
train,    623, -47.305769,    7, 1.00,    4, 0.000, 0.030, 0.100, 40
train,    624, -43.498077,   11, 1.00,    2, 0.000, 0.030, 0.100, 40
train,    625, -46.205769,    8, 1.00,    4, 0.000, 0.030, 0.100, 40
train,    626, 57.891026,   17, 0.00,    8, 0.000, 0.030, 0.100, 40
train,    627, -46.586538,    4, 1.00,    1, 0.000, 0.030, 0.100, 40
train,    628, 58.735897,   14, 0.00,    6, 0.000, 0.030, 0.100, 40
train,    629, -47.282692,    6, 1.00,    3, 0.030, 0.030, 0.100, 40
train,    630, 57.153846,    8, 0.00,    3, 0.030, 0.030, 0.100, 40
train,    631, -42.870513,   15, 1.00,    6, 0.000, 0.030, 0.100, 40
train,    632, 57.289744,   16, 0.00,    8, 0.000, 0.030, 0.100, 40
train,    633, 59.733974,   17, 0.00,    6, 0.030, 0.030, 0.100, 40
train,    634, -46.257692,    4, 1.00,    1, 0.000, 0.030, 0.100, 40
train,    635, 56.277564,    9, 0.00,    5, 0.000, 0.030, 0.100, 40
train,    636, 59.651282,   14, 0.00,    5, 0.000, 0.030, 0.100, 40
train,    637, -48.786538,    2, 1.00,    1, 0.000, 0.030, 0.100, 40
train,    638, 57.448718,   16, 0.00,    8, 0.000, 0.030, 0.100, 40
train,    639, -48.457692,    2, 1.00,    1, 0.000, 0.030, 0.100, 40
train,    640, 56.275641,   22, 0.00,   13, 0.000, 0.030, 0.100, 40
train,    641, -48.786538,    2, 1.00,    1, 0.000, 0.030, 0.100, 40
train,    642, -48.521154,    2, 1.00,    0, 0.000, 0.030, 0.100, 40
train,    643, -44.828205,    8, 1.00,    3, 0.000, 0.030, 0.100, 40
train,    644, -49.105128,   15, 1.00,    9, 0.000, 0.030, 0.100, 40
train,    645, 58.175000,    9, 0.00,    3, 0.000, 0.030, 0.100, 40
train,    646, -46.171154,   10, 1.00,    3, 0.030, 0.030, 0.100, 40
train,    647, -43.664103,   19, 1.00,    9, 0.030, 0.030, 0.100, 40
update,   647,   31,  257, 6.854973, -0.000000
train,    648, -46.850641,   17, 1.00,    9, 0.030, 0.030, 0.100, 40
train,    649, -41.066667,   43, 1.00,   20, 0.000, 0.030, 0.100, 40
train,    650, -46.809615,    5, 1.00,    2, 0.000, 0.030, 0.100, 40
train,    651, -47.841667,   16, 1.00,   10, 0.030, 0.030, 0.100, 40
train,    652, 57.528846,   28, 0.00,   16, 0.000, 0.030, 0.100, 40
train,    653, 55.425000,   12, 0.00,    8, 0.030, 0.030, 0.100, 40
train,    654, 57.464103,   15, 0.00,    8, 0.000, 0.030, 0.100, 40
train,    655, -42.424359,   37, 1.00,   17, 0.000, 0.030, 0.100, 40
train,    656, -48.930128,   12, 1.00,    7, 0.000, 0.030, 0.100, 40
train,    657, 57.530769,   15, 0.00,    8, 0.000, 0.030, 0.100, 40
train,    658, -48.192308,    2, 1.00,    0, 0.000, 0.030, 0.100, 40
train,    659, -46.142949,   11, 1.00,    6, 0.000, 0.030, 0.100, 40
train,    660, 58.020513,   33, 0.00,   17, 0.030, 0.030, 0.100, 40
train,    661, 58.170513,   31, 0.00,   18, 0.030, 0.030, 0.100, 40
update,   661,   32,  277, 3.888731, -0.000000
train,    662, -46.960256,    7, 1.00,    5, 0.000, 0.030, 0.100, 40
train,    663, 56.946795,   11, 0.00,    6, 0.000, 0.030, 0.100, 40
train,    664, -43.578205,   21, 1.00,    9, 0.030, 0.030, 0.100, 40
train,    665, -46.699359,   12, 1.00,    6, 0.000, 0.030, 0.100, 40
train,    666, -48.521154,    2, 1.00,    0, 0.000, 0.030, 0.100, 40
train,    667, 57.192949,    9, 0.00,    4, 0.000, 0.030, 0.100, 40
train,    668, -48.192308,    2, 1.00,    0, 0.000, 0.030, 0.100, 40
train,    669, -45.164103,   12, 1.00,    5, 0.000, 0.030, 0.100, 40
train,    670, 59.592308,   14, 0.00,    4, 0.030, 0.030, 0.100, 40
train,    671, 59.605769,   26, 0.00,   12, 0.030, 0.030, 0.100, 40
train,    672, -44.577564,   11, 1.00,    6, 0.030, 0.030, 0.100, 40
train,    673, 58.307692,   29, 0.00,   15, 0.030, 0.030, 0.100, 40
train,    674, -40.936538,   14, 1.00,    5, 0.000, 0.030, 0.100, 40
train,    675, -45.675000,   19, 1.00,    9, 0.000, 0.030, 0.100, 40
train,    676, -46.300641,    6, 1.00,    2, 0.000, 0.030, 0.100, 40
train,    677, 60.059615,   23, 0.00,   10, 0.000, 0.030, 0.100, 40
train,    678, -45.517308,    7, 1.00,    2, 0.030, 0.030, 0.100, 40
train,    679, 58.606410,   16, 0.00,    8, 0.030, 0.030, 0.100, 40
train,    680, -45.517949,   14, 1.00,   10, 0.000, 0.030, 0.100, 40
train,    681, 62.183333,   44, 0.00,   21, 0.030, 0.030, 0.100, 40
update,   681,   33,  299, 5.938691, 0.000000
train,    682, -46.139103,    8, 1.00,    4, 0.030, 0.030, 0.100, 40
train,    683, 62.459615,   44, 0.00,   19, 0.030, 0.030, 0.100, 40
train,    684, 61.851923,   48, 0.00,   24, 0.030, 0.030, 0.100, 40
train,    685, 55.933974,   13, 0.00,    8, 0.000, 0.030, 0.100, 40
train,    686, -44.167308,    8, 1.00,    2, 0.030, 0.030, 0.100, 40
train,    687, 56.779487,   19, 0.00,   11, 0.030, 0.030, 0.100, 40
train,    688, -43.287821,   23, 1.00,   11, 0.000, 0.030, 0.100, 40
train,    689, 58.175000,    9, 0.00,    3, 0.030, 0.030, 0.100, 40
train,    690, -47.514103,    4, 1.00,    2, 0.030, 0.030, 0.100, 40
train,    691, -45.641667,   13, 1.00,    6, 0.000, 0.030, 0.100, 40
train,    692, -44.780769,   12, 1.00,    6, 0.030, 0.030, 0.100, 40
train,    693, 56.265385,    9, 0.00,    5, 0.000, 0.030, 0.100, 40
train,    694, -46.144231,    5, 1.00,    1, 0.000, 0.030, 0.100, 40
train,    695, -43.591667,   32, 1.00,   16, 0.000, 0.030, 0.100, 40
train,    696, -44.464103,   13, 1.00,    4, 0.000, 0.030, 0.100, 40
update,   696,   34,  260, 1.981524, -0.000000
train,    697, -48.521154,    2, 1.00,    0, 0.000, 0.030, 0.100, 40
train,    698, -45.265385,   22, 1.00,   12, 0.000, 0.030, 0.100, 40
train,    699, -42.471795,   38, 1.00,   19, 0.000, 0.030, 0.100, 40
val,      699, -8.767115, 0.6000,  10.1000,  10.1000, 0.4000,   7.6160
train,    700, -49.050000,    2, 1.00,    0, 0.000, 0.030, 0.100, 40
train,    701, -45.883333,   20, 1.00,   13, 0.030, 0.030, 0.100, 40
train,    702, -42.232692,   16, 1.00,    6, 0.000, 0.030, 0.100, 40
train,    703, -47.850641,    4, 1.00,    3, 0.000, 0.030, 0.100, 40
train,    704, -47.118590,    4, 1.00,    2, 0.000, 0.030, 0.100, 40
train,    705, -47.447436,    4, 1.00,    2, 0.000, 0.030, 0.100, 40
train,    706, 56.293590,   12, 0.00,    6, 0.000, 0.030, 0.100, 40
train,    707, -45.180769,   24, 1.00,   12, 0.000, 0.030, 0.100, 40
train,    708, -48.981410,    5, 1.00,    4, 0.030, 0.030, 0.100, 40
train,    709, -48.073718,    5, 1.00,    4, 0.000, 0.030, 0.100, 40
train,    710, -46.253205,   10, 1.00,    4, 0.030, 0.030, 0.100, 40
train,    711, -48.457692,    2, 1.00,    1, 0.030, 0.030, 0.100, 40
train,    712, 59.282692,   10, 0.00,    2, 0.030, 0.030, 0.100, 40
train,    713, -46.347436,    5, 1.00,    2, 0.000, 0.030, 0.100, 40
train,    714, -46.464103,   16, 1.00,    9, 0.000, 0.030, 0.100, 40
train,    715, -44.028846,   23, 1.00,   11, 0.030, 0.030, 0.100, 40
train,    716, -44.914744,    9, 1.00,    3, 0.000, 0.030, 0.100, 40
train,    717, 58.519872,   12, 0.00,    4, 0.000, 0.030, 0.100, 40
train,    718, -44.627564,   18, 1.00,    7, 0.000, 0.030, 0.100, 40
update,   718,   35,  263, -16.978827, 0.000000
train,    719, -44.891026,   11, 1.00,    4, 0.000, 0.030, 0.100, 40
train,    720, 58.998077,   32, 0.00,   16, 0.000, 0.030, 0.100, 40
train,    721, -44.780769,   13, 1.00,    4, 0.000, 0.030, 0.100, 40
train,    722, 58.509615,   16, 0.00,    7, 0.000, 0.030, 0.100, 40
train,    723, 56.450000,   10, 0.00,    6, 0.030, 0.030, 0.100, 40
train,    724, -44.561538,    8, 1.00,    4, 0.000, 0.030, 0.100, 40
train,    725, -44.230128,   17, 1.00,    6, 0.000, 0.030, 0.100, 40
train,    726, -44.906410,   12, 1.00,    4, 0.030, 0.030, 0.100, 40
train,    727, -48.521154,    2, 1.00,    0, 0.000, 0.030, 0.100, 40
train,    728, 56.106410,   14, 0.00,    9, 0.030, 0.030, 0.100, 40
train,    729, 59.994872,   33, 0.00,   16, 0.000, 0.030, 0.100, 40
train,    730, 57.201923,   15, 0.00,    8, 0.030, 0.030, 0.100, 40
train,    731, -43.098077,   11, 1.00,    2, 0.000, 0.030, 0.100, 40
train,    732, 57.803846,    9, 0.00,    3, 0.000, 0.030, 0.100, 40
train,    733, 60.851923,   14, 0.00,    2, 0.030, 0.030, 0.100, 40
train,    734, -43.796795,   11, 1.00,    4, 0.000, 0.030, 0.100, 40
train,    735, 58.085256,   10, 0.00,    4, 0.030, 0.030, 0.100, 40
train,    736, 60.829487,   18, 0.00,    5, 0.000, 0.030, 0.100, 40
update,   736,   36,  256, 10.727999, 0.000000
train,    737, -43.993590,   16, 1.00,    6, 0.000, 0.030, 0.100, 40
train,    738, 62.070513,   42, 0.00,   19, 0.000, 0.030, 0.100, 40
train,    739, -47.079487,    5, 1.00,    3, 0.000, 0.030, 0.100, 40
train,    740, 56.582051,    9, 0.00,    5, 0.000, 0.030, 0.100, 40
train,    741, 59.354487,   14, 0.00,    4, 0.000, 0.030, 0.100, 40
train,    742, 58.114103,   16, 0.00,    7, 0.030, 0.030, 0.100, 40
train,    743, -43.750000,   23, 1.00,   11, 0.000, 0.030, 0.100, 40
train,    744, -43.640385,   21, 1.00,   10, 0.000, 0.030, 0.100, 40
train,    745, -44.796154,   13, 1.00,    6, 0.000, 0.030, 0.100, 40
train,    746, -49.675000,    3, 1.00,    3, 0.000, 0.030, 0.100, 40
train,    747, -49.675000,    3, 1.00,    3, 0.000, 0.030, 0.100, 40
train,    748, 56.065385,    9, 0.00,    5, 0.000, 0.030, 0.100, 40
train,    749, 58.716667,   18, 0.00,    8, 0.000, 0.030, 0.100, 40
train,    750, -48.192308,    2, 1.00,    0, 0.000, 0.030, 0.100, 40
train,    751, -47.868590,   15, 1.00,    9, 0.030, 0.030, 0.100, 40
train,    752, -36.895513,   42, 1.00,   15, 0.000, 0.030, 0.100, 40
train,    753, 58.839744,   23, 0.00,   11, 0.000, 0.030, 0.100, 40
update,   753,   37,  274, 2.404862, -0.000000
train,    754, -48.023077,    3, 1.00,    2, 0.000, 0.030, 0.100, 40
train,    755, -45.259615,    7, 1.00,    1, 0.000, 0.030, 0.100, 40
train,    756, -47.676282,   21, 1.00,   14, 0.000, 0.030, 0.100, 40
train,    757, -45.042308,   16, 1.00,    7, 0.030, 0.030, 0.100, 40
train,    758, -43.077564,   19, 1.00,    8, 0.000, 0.030, 0.100, 40
train,    759, -47.932051,    8, 1.00,    6, 0.030, 0.030, 0.100, 40
train,    760, -42.906410,   15, 1.00,    3, 0.030, 0.030, 0.100, 40
train,    761, -46.198077,   13, 1.00,    7, 0.000, 0.030, 0.100, 40
train,    762, -44.626923,   27, 1.00,   14, 0.030, 0.030, 0.100, 40
train,    763, 58.053846,    9, 0.00,    3, 0.030, 0.030, 0.100, 40
train,    764, -48.457692,    2, 1.00,    1, 0.000, 0.030, 0.100, 40
train,    765, 58.610256,   19, 0.00,    9, 0.030, 0.030, 0.100, 40
train,    766, -41.669872,   37, 1.00,   18, 0.000, 0.030, 0.100, 40
train,    767, -45.015385,   18, 1.00,    7, 0.000, 0.030, 0.100, 40
train,    768, -48.942949,    3, 1.00,    2, 0.030, 0.030, 0.100, 40
train,    769, -47.686538,    3, 1.00,    1, 0.000, 0.030, 0.100, 40
train,    770, -43.314744,   22, 1.00,    9, 0.000, 0.030, 0.100, 40
train,    771, -43.418590,   19, 1.00,    8, 0.030, 0.030, 0.100, 40
update,   771,   38,  261, -18.795012, 0.000000
train,    772, -48.786538,    2, 1.00,    1, 0.030, 0.030, 0.100, 40
train,    773, -45.189744,   23, 1.00,   12, 0.000, 0.030, 0.100, 40
train,    774, -40.563462,   25, 1.00,   10, 0.030, 0.030, 0.100, 40
train,    775, 57.576282,    9, 0.00,    4, 0.030, 0.030, 0.100, 40
train,    776, -48.192308,    2, 1.00,    0, 0.000, 0.030, 0.100, 40
train,    777, -48.192308,    2, 1.00,    0, 0.000, 0.030, 0.100, 40
train,    778, 56.923077,    9, 0.00,    5, 0.000, 0.030, 0.100, 40
train,    779, -46.388462,    6, 1.00,    3, 0.000, 0.030, 0.100, 40
train,    780, -45.380128,   10, 1.00,    3, 0.000, 0.030, 0.100, 40
train,    781, -43.535256,   19, 1.00,    8, 0.000, 0.030, 0.100, 40
train,    782, 59.166026,   15, 0.00,    6, 0.000, 0.030, 0.100, 40
train,    783, -48.521154,    2, 1.00,    0, 0.000, 0.030, 0.100, 40
train,    784, 57.247436,    9, 0.00,    4, 0.000, 0.030, 0.100, 40
train,    785, 56.478846,   16, 0.00,    9, 0.000, 0.030, 0.100, 40
train,    786, 56.660897,    9, 0.00,    5, 0.000, 0.030, 0.100, 40
train,    787, -46.245513,   16, 1.00,    6, 0.000, 0.030, 0.100, 40
train,    788, -42.991667,   15, 1.00,    6, 0.000, 0.030, 0.100, 40
train,    789, -47.594872,   12, 1.00,    6, 0.000, 0.030, 0.100, 40
train,    790, 58.600641,   27, 0.00,   14, 0.030, 0.030, 0.100, 40
train,    791, -48.521154,    2, 1.00,    0, 0.000, 0.030, 0.100, 40
train,    792, -47.919231,   12, 1.00,    7, 0.030, 0.030, 0.100, 40
train,    793, 55.876282,   19, 0.00,   12, 0.030, 0.030, 0.100, 40
update,   793,   39,  261, -1.537310, -0.000000
train,    794, -48.192308,    2, 1.00,    0, 0.030, 0.030, 0.100, 40
train,    795, -46.401923,    5, 1.00,    2, 0.000, 0.030, 0.100, 40
train,    796, -46.440385,   13, 1.00,    6, 0.000, 0.030, 0.100, 40
train,    797, -48.192308,    2, 1.00,    0, 0.030, 0.030, 0.100, 40
train,    798, -48.533974,   15, 1.00,   10, 0.030, 0.030, 0.100, 40
train,    799, -39.637179,   42, 1.00,   18, 0.000, 0.030, 0.100, 40
val,      799, -20.068654, 0.7000,  15.5000,  15.5000, 0.3000,   7.6825
train,    800, -46.693590,   13, 1.00,    8, 0.000, 0.030, 0.100, 40
train,    801, 63.834615,   41, 0.00,   17, 0.000, 0.030, 0.100, 40
train,    802, -46.144231,    5, 1.00,    1, 0.000, 0.030, 0.100, 40
train,    803, -44.984615,   10, 1.00,    3, 0.000, 0.030, 0.100, 40
train,    804, -43.385897,   28, 1.00,   12, 0.000, 0.030, 0.100, 40
train,    805, 55.283333,    9, 0.00,    6, 0.000, 0.030, 0.100, 40
train,    806, -44.275000,   20, 1.00,    9, 0.030, 0.030, 0.100, 40
train,    807, 56.251282,   29, 0.00,   17, 0.000, 0.030, 0.100, 40
train,    808, -46.182692,    7, 1.00,    3, 0.000, 0.030, 0.100, 40
train,    809, 56.191026,    9, 0.00,    6, 0.030, 0.030, 0.100, 40
train,    810, 59.386538,   24, 0.00,   11, 0.030, 0.030, 0.100, 40
update,   810,   40,  274, -4.521555, 0.000000
train,    811, -47.280769,   16, 1.00,    9, 0.030, 0.030, 0.100, 40
train,    812, -46.683974,    5, 1.00,    3, 0.000, 0.030, 0.100, 40
train,    813, 57.091026,   10, 0.00,    5, 0.000, 0.030, 0.100, 40
train,    814, 57.387179,   25, 0.00,   14, 0.000, 0.030, 0.100, 40
train,    815, -47.830769,    4, 1.00,    2, 0.000, 0.030, 0.100, 40
train,    816, -41.526923,   17, 1.00,    8, 0.000, 0.030, 0.100, 40
train,    817, 59.592308,   14, 0.00,    4, 0.000, 0.030, 0.100, 40
train,    818, -48.719231,    5, 1.00,    4, 0.000, 0.030, 0.100, 40
train,    819, -47.571154,   13, 1.00,    9, 0.000, 0.030, 0.100, 40
train,    820, -48.174359,    8, 1.00,    5, 0.000, 0.030, 0.100, 40
train,    821, -48.521154,    2, 1.00,    0, 0.000, 0.030, 0.100, 40
train,    822, 56.027564,    9, 0.00,    5, 0.000, 0.030, 0.100, 40
train,    823, -48.996795,   12, 1.00,    7, 0.000, 0.030, 0.100, 40
train,    824, -43.916026,    9, 1.00,    3, 0.000, 0.030, 0.100, 40
train,    825, 59.788462,   17, 0.00,    6, 0.000, 0.030, 0.100, 40
train,    826, -47.750000,    3, 1.00,    0, 0.000, 0.030, 0.100, 40
train,    827, 58.773718,    9, 0.00,    2, 0.000, 0.030, 0.100, 40
train,    828, -43.844231,   12, 1.00,    6, 0.030, 0.030, 0.100, 40
train,    829, -48.457692,    2, 1.00,    1, 0.030, 0.030, 0.100, 40
train,    830, 56.568590,   20, 0.00,   12, 0.000, 0.030, 0.100, 40
train,    831, -48.457692,    2, 1.00,    1, 0.000, 0.030, 0.100, 40
train,    832, -46.144231,    5, 1.00,    1, 0.030, 0.030, 0.100, 40
train,    833, -45.344231,   11, 1.00,    5, 0.000, 0.030, 0.100, 40
train,    834, -46.539103,    7, 1.00,    5, 0.030, 0.030, 0.100, 40
train,    835, -45.841667,   13, 1.00,    5, 0.000, 0.030, 0.100, 40
train,    836, -45.411538,    7, 1.00,    4, 0.000, 0.030, 0.100, 40
update,   836,   41,  257, -5.922189, 0.000000
train,    837, -44.589744,   24, 1.00,   12, 0.000, 0.030, 0.100, 40
train,    838, -49.048077,    5, 1.00,    4, 0.030, 0.030, 0.100, 40
train,    839, -44.685897,   15, 1.00,    6, 0.000, 0.030, 0.100, 40
train,    840, 63.940385,   37, 0.00,   14, 0.000, 0.030, 0.100, 40
train,    841, -48.867949,    6, 1.00,    4, 0.030, 0.030, 0.100, 40
train,    842, 59.166026,   39, 0.00,   20, 0.000, 0.030, 0.100, 40
train,    843, -43.658333,    9, 1.00,    2, 0.000, 0.030, 0.100, 40
train,    844, -44.440385,   38, 1.00,   20, 0.030, 0.030, 0.100, 40
train,    845, -47.388462,    5, 1.00,    2, 0.030, 0.030, 0.100, 40
train,    846, 61.171154,   21, 0.00,    7, 0.000, 0.030, 0.100, 40
train,    847, -37.208333,   39, 1.00,   12, 0.000, 0.030, 0.100, 40
train,    848, -44.343590,   16, 1.00,    6, 0.000, 0.030, 0.100, 40
train,    849, 58.966026,   27, 0.00,   13, 0.030, 0.030, 0.100, 40
update,   849,   42,  281, -3.125283, 0.000000
train,    850, 57.242308,   46, 0.00,   27, 0.000, 0.030, 0.100, 40
train,    851, -46.323718,   13, 1.00,    6, 0.000, 0.030, 0.100, 40
train,    852, -44.548718,   18, 1.00,    7, 0.000, 0.030, 0.100, 40
train,    853, -46.648077,    7, 1.00,    4, 0.000, 0.030, 0.100, 40
train,    854, -43.418590,   13, 1.00,    5, 0.000, 0.030, 0.100, 40
train,    855, -46.347436,    5, 1.00,    2, 0.000, 0.030, 0.100, 40
train,    856, 57.108333,   19, 0.00,   11, 0.030, 0.030, 0.100, 40
train,    857, -46.613462,    8, 1.00,    4, 0.000, 0.030, 0.100, 40
train,    858, -47.473718,    6, 1.00,    4, 0.000, 0.030, 0.100, 40
train,    859, 56.391026,   10, 0.00,    5, 0.000, 0.030, 0.100, 40
train,    860, -39.067949,   33, 1.00,   12, 0.000, 0.030, 0.100, 40
train,    861, -48.192308,    2, 1.00,    0, 0.000, 0.030, 0.100, 40
train,    862, -43.842308,   28, 1.00,   15, 0.030, 0.030, 0.100, 40
train,    863, 58.007692,   11, 0.00,    5, 0.000, 0.030, 0.100, 40
train,    864, 53.532692,   16, 0.00,   12, 0.000, 0.030, 0.100, 40
train,    865, -46.268590,   11, 1.00,    5, 0.000, 0.030, 0.100, 40
train,    866, -46.503205,   10, 1.00,    4, 0.000, 0.030, 0.100, 40
update,   866,   43,  256, -5.559606, 0.000000
train,    867, -48.786538,    2, 1.00,    1, 0.030, 0.030, 0.100, 40
train,    868, -47.687821,   19, 1.00,   12, 0.000, 0.030, 0.100, 40
train,    869, -42.226923,   24, 1.00,    8, 0.000, 0.030, 0.100, 40
train,    870, 55.117949,    9, 0.00,    7, 0.030, 0.030, 0.100, 40
train,    871, -46.333333,   15, 1.00,    8, 0.000, 0.030, 0.100, 40
train,    872, -46.425000,    6, 1.00,    3, 0.030, 0.030, 0.100, 40
train,    873, -43.996154,   38, 1.00,   19, 0.030, 0.030, 0.100, 40
train,    874, 61.966026,   24, 0.00,    8, 0.030, 0.030, 0.100, 40
train,    875, -44.541026,   23, 1.00,   11, 0.000, 0.030, 0.100, 40
train,    876, -46.453205,   10, 1.00,    4, 0.030, 0.030, 0.100, 40
train,    877, 58.313462,   18, 0.00,    9, 0.000, 0.030, 0.100, 40
train,    878, 58.992949,   11, 0.00,    3, 0.000, 0.030, 0.100, 40
train,    879, -41.700641,   10, 1.00,    2, 0.000, 0.030, 0.100, 40
train,    880, -42.679487,   16, 1.00,    4, 0.030, 0.030, 0.100, 40
train,    881, -41.809615,   15, 1.00,    5, 0.030, 0.030, 0.100, 40
train,    882, 58.633333,   13, 0.00,    4, 0.000, 0.030, 0.100, 40
train,    883, 57.573077,   10, 0.00,    4, 0.000, 0.030, 0.100, 40
update,   883,   44,  263, -6.182868, 0.000000
train,    884, 59.996795,   20, 0.00,    8, 0.000, 0.030, 0.100, 40
train,    885, -45.016026,    8, 1.00,    3, 0.000, 0.030, 0.100, 40
train,    886, 56.742308,   28, 0.00,   17, 0.000, 0.030, 0.100, 40
train,    887, -48.457692,    2, 1.00,    1, 0.000, 0.030, 0.100, 40
train,    888, -47.418590,   10, 1.00,    5, 0.000, 0.030, 0.100, 40
train,    889, -44.505769,   21, 1.00,   11, 0.000, 0.030, 0.100, 40
train,    890, -48.786538,    2, 1.00,    1, 0.030, 0.030, 0.100, 40
train,    891, -47.807051,    6, 1.00,    3, 0.000, 0.030, 0.100, 40
train,    892, -45.520513,   18, 1.00,   10, 0.030, 0.030, 0.100, 40
train,    893, 55.319231,   11, 0.00,    7, 0.000, 0.030, 0.100, 40
train,    894, 57.466667,   11, 0.00,    5, 0.000, 0.030, 0.100, 40
train,    895, -43.033974,   21, 1.00,    8, 0.030, 0.030, 0.100, 40
train,    896, -42.454487,   19, 1.00,    6, 0.030, 0.030, 0.100, 40
train,    897, 61.553846,   41, 0.00,   19, 0.000, 0.030, 0.100, 40
train,    898, 58.662179,   18, 0.00,    8, 0.000, 0.030, 0.100, 40
train,    899, -45.698077,   25, 1.00,   15, 0.000, 0.030, 0.100, 40
update,   899,   45,  261, -0.622596, 0.000000
val,      899, -10.364167, 0.4000,  38.7000,  37.9000, 0.3000,   6.4545
train,    900, -45.806410,   11, 1.00,    5, 0.000, 0.030, 0.100, 40
train,    901, -43.586538,   12, 1.00,    5, 0.000, 0.030, 0.100, 40
train,    902, -48.521154,    2, 1.00,    0, 0.030, 0.030, 0.100, 40
train,    903, -42.869872,   20, 1.00,    6, 0.000, 0.030, 0.100, 40
train,    904, -45.728205,    7, 1.00,    4, 0.030, 0.030, 0.100, 40
train,    905, -48.241026,   13, 1.00,    9, 0.000, 0.030, 0.100, 40
train,    906, -48.713462,   19, 1.00,   10, 0.000, 0.030, 0.100, 40
train,    907, -42.411538,   39, 1.00,   21, 0.030, 0.030, 0.100, 40
train,    908, -44.583974,   19, 1.00,    9, 0.000, 0.030, 0.100, 40
train,    909, 61.028846,   32, 0.00,   14, 0.000, 0.030, 0.100, 40
train,    910, -41.332692,   12, 1.00,    2, 0.030, 0.030, 0.100, 40
train,    911, -42.646154,   21, 1.00,    9, 0.030, 0.030, 0.100, 40
train,    912, -44.318590,   12, 1.00,    6, 0.000, 0.030, 0.100, 40
train,    913, 57.698718,   16, 0.00,    8, 0.000, 0.030, 0.100, 40
train,    914, -43.932692,   27, 1.00,   12, 0.000, 0.030, 0.100, 40
update,   914,   46,  262, -15.535607, 0.000000
train,    915, -48.521154,    2, 1.00,    0, 0.030, 0.030, 0.100, 40
train,    916, 57.569231,   13, 0.00,    6, 0.000, 0.030, 0.100, 40
train,    917, 57.824359,   22, 0.00,   12, 0.000, 0.030, 0.100, 40
train,    918, -47.850641,    4, 1.00,    3, 0.000, 0.030, 0.100, 40
train,    919, 58.592308,   19, 0.00,    8, 0.030, 0.030, 0.100, 40
train,    920, -48.457692,    2, 1.00,    1, 0.000, 0.030, 0.100, 40
train,    921, 62.256410,   55, 0.00,   27, 0.030, 0.030, 0.100, 40
train,    922, -44.816667,   33, 1.00,   19, 0.000, 0.030, 0.100, 40
train,    923, -48.457692,    2, 1.00,    1, 0.000, 0.030, 0.100, 40
train,    924, -42.567949,   23, 1.00,   10, 0.030, 0.030, 0.100, 40
train,    925, -43.289744,   19, 1.00,    8, 0.000, 0.030, 0.100, 40
train,    926, -45.242949,   12, 1.00,    5, 0.000, 0.030, 0.100, 40
train,    927, -41.535256,   21, 1.00,    8, 0.000, 0.030, 0.100, 40
train,    928, -45.878846,    5, 1.00,    0, 0.030, 0.030, 0.100, 40
train,    929, -45.083974,   24, 1.00,   13, 0.030, 0.030, 0.100, 40
update,   929,   47,  256, -5.774721, -0.000000
train,    930, -46.915385,    4, 1.00,    1, 0.030, 0.030, 0.100, 40
train,    931, 57.620513,   14, 0.00,    7, 0.000, 0.030, 0.100, 40
train,    932, -47.900641,   10, 1.00,    6, 0.030, 0.030, 0.100, 40
train,    933, -46.049359,   13, 1.00,    6, 0.000, 0.030, 0.100, 40
train,    934, -48.786538,    2, 1.00,    1, 0.030, 0.030, 0.100, 40
train,    935, 63.198718,   50, 0.00,   24, 0.030, 0.030, 0.100, 40
train,    936, -48.786538,    2, 1.00,    1, 0.030, 0.030, 0.100, 40
train,    937, 57.419872,   10, 0.00,    5, 0.030, 0.030, 0.100, 40
train,    938, -48.015385,    3, 1.00,    1, 0.030, 0.030, 0.100, 40
train,    939, -47.388462,    5, 1.00,    2, 0.000, 0.030, 0.100, 40
train,    940, 62.910256,   30, 0.00,   10, 0.000, 0.030, 0.100, 40
train,    941, -44.241026,   12, 1.00,    3, 0.030, 0.030, 0.100, 40
train,    942, -44.601923,    7, 1.00,    1, 0.030, 0.030, 0.100, 40
train,    943, -47.228205,    6, 1.00,    3, 0.000, 0.030, 0.100, 40
train,    944, 62.321154,   23, 0.00,    6, 0.000, 0.030, 0.100, 40
train,    945, 63.007692,   28, 0.00,    9, 0.000, 0.030, 0.100, 40
train,    946, -44.679487,   31, 1.00,   16, 0.030, 0.030, 0.100, 40
train,    947, -42.817949,   23, 1.00,   10, 0.030, 0.030, 0.100, 40
update,   947,   48,  273, 1.450987, -0.000000
train,    948, -44.371154,   12, 1.00,    2, 0.000, 0.030, 0.100, 40
train,    949, -44.699359,    8, 1.00,    3, 0.000, 0.030, 0.100, 40
train,    950, 58.121154,   12, 0.00,    5, 0.000, 0.030, 0.100, 40
train,    951, -43.671795,   20, 1.00,    8, 0.000, 0.030, 0.100, 40
train,    952, 59.282051,   29, 0.00,   15, 0.000, 0.030, 0.100, 40
train,    953, -44.401282,   16, 1.00,    7, 0.030, 0.030, 0.100, 40
train,    954, 56.516667,   10, 0.00,    6, 0.000, 0.030, 0.100, 40
train,    955, -46.471154,   20, 1.00,   11, 0.000, 0.030, 0.100, 40
train,    956, -48.192308,    2, 1.00,    0, 0.000, 0.030, 0.100, 40
train,    957, -43.923077,   13, 1.00,    5, 0.000, 0.030, 0.100, 40
train,    958, -48.491026,   13, 1.00,    9, 0.030, 0.030, 0.100, 40
train,    959, 63.893590,   37, 0.00,   13, 0.000, 0.030, 0.100, 40
train,    960, -47.999359,    5, 1.00,    3, 0.000, 0.030, 0.100, 40
train,    961, -47.658333,    5, 1.00,    3, 0.000, 0.030, 0.100, 40
train,    962, -44.319231,    9, 1.00,    3, 0.000, 0.030, 0.100, 40
train,    963, -46.828205,    6, 1.00,    4, 0.030, 0.030, 0.100, 40
train,    964, 59.185897,   15, 0.00,    5, 0.000, 0.030, 0.100, 40
train,    965, -48.192308,    2, 1.00,    0, 0.000, 0.030, 0.100, 40
train,    966, -45.255769,   10, 1.00,    2, 0.000, 0.030, 0.100, 40
train,    967, -43.112821,   15, 1.00,    5, 0.000, 0.030, 0.100, 40
update,   967,   49,  259, -8.467137, 0.000000
train,    968, -46.581410,   13, 1.00,    7, 0.000, 0.030, 0.100, 40
train,    969, 59.908333,   28, 0.00,   13, 0.030, 0.030, 0.100, 40
train,    970, -44.985256,    6, 1.00,    2, 0.000, 0.030, 0.100, 40
train,    971, 54.386538,   30, 0.00,   21, 0.000, 0.030, 0.100, 40
train,    972, -46.144231,    5, 1.00,    1, 0.000, 0.030, 0.100, 40
train,    973, -49.925000,    3, 1.00,    3, 0.000, 0.030, 0.100, 40
train,    974, 60.462179,   20, 0.00,    7, 0.000, 0.030, 0.100, 40
train,    975, -48.521154,    2, 1.00,    0, 0.030, 0.030, 0.100, 40
train,    976, 62.624359,   33, 0.00,   13, 0.000, 0.030, 0.100, 40
train,    977, -46.157692,   15, 1.00,    9, 0.000, 0.030, 0.100, 40
train,    978, -42.851282,   11, 1.00,    4, 0.030, 0.030, 0.100, 40
train,    979, 57.525641,   11, 0.00,    6, 0.000, 0.030, 0.100, 40
train,    980, -39.687179,   31, 1.00,   10, 0.000, 0.030, 0.100, 40
train,    981, -48.786538,    2, 1.00,    1, 0.030, 0.030, 0.100, 40
train,    982, -46.419231,   18, 1.00,   12, 0.030, 0.030, 0.100, 40
train,    983, 56.410897,    9, 0.00,    5, 0.000, 0.030, 0.100, 40
train,    984, 56.304487,   10, 0.00,    6, 0.000, 0.030, 0.100, 40
train,    985, -42.812821,   27, 1.00,   12, 0.030, 0.030, 0.100, 40
update,   985,   50,  274, 1.726407, -0.000000
train,    986, -45.552564,    8, 1.00,    3, 0.000, 0.030, 0.100, 40
train,    987, -45.102564,    9, 1.00,    2, 0.000, 0.030, 0.100, 40
train,    988, 58.250641,   15, 0.00,    7, 0.000, 0.030, 0.100, 40
train,    989, 55.350000,    9, 0.00,    6, 0.030, 0.030, 0.100, 40
train,    990, -42.988462,   15, 1.00,    4, 0.030, 0.030, 0.100, 40
train,    991, -44.917949,   15, 1.00,    7, 0.000, 0.030, 0.100, 40
train,    992, 61.066026,   29, 0.00,   12, 0.000, 0.030, 0.100, 40
train,    993, 57.835256,   10, 0.00,    4, 0.000, 0.030, 0.100, 40
train,    994, -44.316026,    9, 1.00,    2, 0.000, 0.030, 0.100, 40
train,    995, -44.456410,   12, 1.00,    5, 0.030, 0.030, 0.100, 40
train,    996, 63.447436,   39, 0.00,   15, 0.000, 0.030, 0.100, 40
train,    997, 54.302564,   10, 0.00,    8, 0.000, 0.030, 0.100, 40
train,    998, -48.786538,    2, 1.00,    1, 0.000, 0.030, 0.100, 40
train,    999, -43.896795,   11, 1.00,    3, 0.000, 0.030, 0.100, 40
val,      999, -36.492308, 0.7000,  28.0000,  28.0000, 0.1000,   7.5950
train,    1000, -46.473077,    5, 1.00,    1, 0.000, 0.030, 0.100, 40
train,    1001, 58.319872,   34, 0.00,   19, 0.030, 0.030, 0.100, 40
train,    1002, -47.262821,    5, 1.00,    3, 0.030, 0.030, 0.100, 40
train,    1003, 58.277564,   11, 0.00,    4, 0.000, 0.030, 0.100, 40
train,    1004, -48.457692,    2, 1.00,    1, 0.000, 0.030, 0.100, 40
train,    1005, 55.376923,   10, 0.00,    7, 0.000, 0.030, 0.100, 40
update,   1005,   51,  260, 6.312764, 0.000000
train,    1006, -48.130769,   15, 1.00,    9, 0.000, 0.030, 0.100, 40
train,    1007, 60.054487,   14, 0.00,    4, 0.000, 0.030, 0.100, 40
train,    1008, 55.789744,   14, 0.00,    9, 0.030, 0.030, 0.100, 40
train,    1009, -47.079487,    5, 1.00,    3, 0.000, 0.030, 0.100, 40
train,    1010, -48.192308,    2, 1.00,    0, 0.000, 0.030, 0.100, 40
train,    1011, -46.705769,   19, 1.00,   11, 0.030, 0.030, 0.100, 40
train,    1012, 58.503846,    9, 0.00,    3, 0.000, 0.030, 0.100, 40
train,    1013, 60.875641,   33, 0.00,   14, 0.000, 0.030, 0.100, 40
train,    1014, -47.043590,    7, 1.00,    4, 0.000, 0.030, 0.100, 40
