init,     2026-04-13 10:05:39.468562
arguments,Namespace(PPO_epochs=4, alg='ppo', cuda=0, entropy=0.35, eps_clip=0.15, gamma=0.995, gymip_train_xml='inverted_pendulum_ChangeThk_0.050000.xml', hid_group_num=8, hid_group_size=8, hidden_num=64, ignore_checkpoint=True, lr=0.0006, model='rwtaspk', monitor_time=False, optimizer='rmsprop', rep=14092, response_window=40, road_scenario='highway', rwta_del_connection='none', skip_post_tests=False, snn_num_steps=15, task='gymip', thread=-1, traffic_level='dense', train_num=5000)
profile,  lr->0.0006; gamma->0.995; entropy->0.35; PPO_epochs->4; eps_clip->0.15
model_dir,/root/autodl-tmp/SVPG2023/LANE/training_runs/baseline/highway_dense/models
log_dir,  /root/autodl-tmp/SVPG2023/LANE/training_runs/baseline/highway_dense/logs
train,    1, 22.311630,   19,  38
train,    2, -1.719676,    4,  38
train,    3, -4.554590,    4,  38
train,    4, 38.548288,   40,  38
train,    5, 0.234735,    7,  38
train,    6, -4.942803,    3,  38
train,    7, 18.201879,   22,  39
train,    8, -2.020757,    5,  39
train,    9, 9.124535,   11,  39
train,    10, -4.030906,    3,  39
train,    11, 13.917161,   17,  39
train,    12, 10.617910,   15,  39
train,    13, -6.182871,    2,  39
train,    14, 25.586704,   25,  39
train,    15, 22.056816,   23,  39
train,    16, 11.199590,   13,  39
train,    17, 77.061740,   62,  39
train,    18, 119.065607,  101,  39
train,    19, -1.462022,    4,  40
train,    20, 0.248532,    7,  40
train,    21, -4.429570,    4,  40
train,    22, 6.996607,   12,  40
train,    23, 98.697012,   84,  40
train,    24, 8.478444,   13,  40
val_save, 24, 8.916646, 1.0000,  10.6000,  10.6000, 0.0000,  24.3010
val,      24, 8.916646, 1.0000,  10.6000,  10.6000, 0.0000,  24.3010
train,    25, -6.526961,    2,  40
train,    26, 22.686788,   24,  40
train,    27, 7.112577,   12,  40
train,    28, 13.422802,   18,  40
train,    29, 10.327170,   17,  40
train,    30, 2.689594,    9,  40
train,    31, 21.153042,   26,  41
train,    32, 91.862133,   84,  41
train,    33, 21.828451,   27,  41
train,    34, 17.094474,   21,  41
train,    35, 174.937821,  150,  41
train,    36, 2.428321,   10,  41
train,    37, 181.258714,  150,  41
train,    38, 172.757589,  150,  41
train,    39, 175.997544,  150,  41
train,    40, 34.942907,   34,  41
train,    41, 24.966622,   29,  41
train,    42, 0.849989,    8,  41
train,    43, 173.772611,  150,  41
train,    44, 44.245750,   47,  42
train,    45, 172.662611,  150,  42
train,    46, 170.960579,  150,  42
train,    47, 3.906452,    8,  42
train,    48, 172.417848,  150,  42
train,    49, 11.053611,   12,  42
val,      49, 7.728651, 1.0000,  10.2000,  10.2000, 0.0000,  23.3783
train,    50, 63.114002,   61,  42
train,    51, 10.865377,   12,  42
train,    52, 6.976728,   10,  42
train,    53, 38.665546,   26,  42
train,    54, 47.187998,   33,  42
train,    55, 3.412335,    8,  42
train,    56, 29.163654,   23,  43
train,    57, 31.006566,   30,  43
train,    58, 14.867734,   14,  43
train,    59, 7.922869,   10,  43
train,    60, 12.319162,   13,  43
train,    61, 170.494368,  150,  43
train,    62, -3.047562,    4,  43
train,    63, 170.777847,  150,  43
train,    64, 7.391357,   10,  43
train,    65, -2.996837,    4,  43
train,    66, -1.201859,    5,  43
train,    67, 5.754431,    9,  43
train,    68, 12.397366,   13,  44
train,    69, 17.328713,   16,  44
train,    70, 0.419038,    6,  44
train,    71, -1.394219,    5,  44
train,    72, 178.908421,  150,  44
train,    73, 0.119681,    6,  44
train,    74, -5.007391,    3,  44
val_save, 74, 9.206676, 1.0000,  10.6000,  10.6000, 0.0000,  24.4297
val,      74, 9.206676, 1.0000,  10.6000,  10.6000, 0.0000,  24.4297
train,    75, -3.136202,    4,  44
train,    76, 17.575844,   16,  44
train,    77, 4.412137,    8,  44
train,    78, 7.373784,   10,  44
train,    79, 24.433070,   20,  44
train,    80, 13.619627,   14,  44
train,    81, 12.661821,   13,  45
train,    82, -4.978027,    3,  45
train,    83, 35.602306,   26,  45
train,    84, -4.575547,    3,  45
train,    85, 2.021229,    7,  45
train,    86, -1.462053,    5,  45
train,    87, 16.616202,   15,  45
train,    88, 5.655003,    9,  45
train,    89, 43.797784,   31,  45
train,    90, -6.182871,    2,  45
train,    91, -6.212187,    2,  45
train,    92, 16.187288,   15,  45
train,    93, -4.016402,    3,  46
train,    94, 7.639017,   10,  46
train,    95, 1.948881,    7,  46
train,    96, 0.621611,    6,  46
train,    97, 9.292752,   11,  46
train,    98, 21.192375,   18,  46
train,    99, 1.203758,    6,  46
val,      99, 3.842797, 1.0000,   7.8000,   7.8000, 0.0000,  23.1837
train,    100, -5.015242,    3,  46
train,    101, 24.947758,   18,  46
train,    102, 10.825173,   12,  46
train,    103, -6.201879,    2,  46
train,    104, -6.224292,    2,  46
train,    105, 13.994167,   14,  46
train,    106, 15.932981,   15,  47
train,    107, 0.141616,    6,  47
train,    108, -6.182871,    2,  47
train,    109, 0.121138,    6,  47
train,    110, 9.504703,   11,  47
train,    111, -1.463905,    5,  47
train,    112, -2.963796,    4,  47
train,    113, -3.299905,    4,  47
train,    114, 9.601535,   11,  47
train,    115, 8.995221,   11,  47
train,    116, 0.093253,    6,  47
train,    117, 1.203758,    6,  47
train,    118, 45.637256,   32,  48
train,    119, -0.994316,    5,  48
train,    120, 15.961866,   15,  48
train,    121, -4.943598,    3,  48
train,    122, 33.174836,   25,  48
train,    123, -5.891780,    2,  48
train,    124, 20.203165,   17,  48
val,      124, 6.731832, 1.0000,   9.6000,   9.6000, 0.0000,  23.5655
train,    125, 21.019494,   18,  48
train,    126, 10.571520,   12,  48
train,    127, 4.158944,    8,  48
train,    128, 2.255760,    7,  48
train,    129, 1.879250,    7,  48
train,    130, -3.340222,    4,  49
train,    131, 10.744296,   12,  49
train,    132, 2.766869,    7,  49
train,    133, 15.703062,   15,  49
train,    134, -4.665753,    3,  49
train,    135, -4.380344,    3,  49
train,    136, -1.525301,    5,  49
train,    137, -3.068907,    4,  49
train,    138, -2.552982,    4,  49
train,    139, -2.949044,    4,  49
train,    140, 17.929148,   16,  49
train,    141, 12.620386,   13,  49
train,    142, 12.194796,   13,  49
train,    143, 2.294688,    7,  50
train,    144, -3.372436,    4,  50
train,    145, 9.309691,   11,  50
train,    146, 7.903595,   10,  50
train,    147, 1.870148,    7,  50
train,    148, 23.025045,   19,  50
train,    149, 15.834397,   15,  50
val,      149, 19.435833, 1.0000,  16.8000,  16.8000, 0.0000,  24.1461
train,    150, -4.787516,    3,  50
train,    151, -4.218994,    3,  50
train,    152, -0.710465,    5,  50
train,    153, 52.468249,   36,  50
train,    154, 6.226413,    9,  50
train,    155, -3.263091,    4,  51
train,    156, 2.051447,    7,  51
train,    157, 14.225970,   14,  51
train,    158, -0.994316,    5,  51
train,    159, 26.075380,   31,  51
train,    160, -3.364824,    4,  51
train,    161, 7.392102,   10,  51
train,    162, -5.015911,    3,  51
train,    163, 24.765990,   20,  51
train,    164, -1.362365,    5,  51
train,    165, 3.462149,    8,  51
train,    166, 2.882424,    7,  51
train,    167, -4.047544,    3,  52
train,    168, 20.941414,   18,  52
train,    169, 5.837611,    9,  52
train,    170, 12.661459,   13,  52
train,    171, 5.429322,    9,  52
train,    172, 173.604808,  150,  52
train,    173, -3.128955,    4,  52
train,    174, 10.940889,   12,  52
val_save, 174, 4.319234, 1.0000,   8.0000,   8.0000, 0.0000,  24.7032
val,      174, 4.319234, 1.0000,   8.0000,   8.0000, 0.0000,  24.7032
train,    175, 10.893898,   12,  52
train,    176, 3.575014,    8,  52
train,    177, 5.710667,    9,  52
train,    178, -1.492304,    5,  52
train,    179, 5.753025,    9,  52
train,    180, 35.372877,   26,  53
train,    181, 7.265254,   10,  53
train,    182, 5.758232,    9,  53
train,    183, 25.234062,   20,  53
train,    184, -6.182871,    2,  53
train,    185, -4.393339,    3,  53
train,    186, 4.093691,    8,  53
train,    187, 21.485611,   18,  53
train,    188, 20.209091,   17,  53
train,    189, 8.815990,   11,  53
train,    190, 18.179516,   16,  53
train,    191, -2.547058,    4,  53
train,    192, 176.140027,  150,  54
train,    193, -2.715540,    4,  54
train,    194, 18.354869,   16,  54
train,    195, -4.025240,    3,  54
train,    196, 2.184764,    7,  54
train,    197, -3.257768,    4,  54
train,    198, 3.494843,    8,  54
train,    199, 0.158914,    6,  54
val_save, 199, -0.683739, 1.0000,   5.2000,   5.2000, 0.0000,  23.7885
val,      199, -0.683739, 1.0000,   5.2000,   5.2000, 0.0000,  23.7885
train,    200, 0.563320,    6,  54
train,    201, 10.663583,   12,  54
train,    202, 17.442528,   16,  54
train,    203, 33.680655,   25,  54
train,    204, 10.391344,   12,  55
train,    205, 8.644711,   11,  55
train,    206, -6.054552,    2,  55
train,    207, -1.554280,    5,  55
train,    208, 0.080053,    6,  55
train,    209, 5.453195,    9,  55
train,    210, 12.659504,   13,  55
train,    211, -4.019901,    3,  55
train,    212, 7.599226,   10,  55
train,    213, 26.630622,   21,  55
train,    214, 5.472248,    9,  55
train,    215, -3.002220,    4,  55
train,    216, 0.805803,    6,  55
train,    217, 0.263784,    6,  56
train,    218, -1.428870,    5,  56
train,    219, 0.185803,    6,  56
train,    220, 14.335547,   14,  56
train,    221, 7.466162,   10,  56
train,    222, -4.403279,    3,  56
train,    223, 43.524039,   31,  56
train,    224, -4.772774,    3,  56
val,      224, 9.312212, 1.0000,  11.0000,  11.0000, 0.0000,  23.2749
train,    225, 11.347704,   12,  56
train,    226, 10.631702,   12,  56
train,    227, 5.299226,    9,  56
train,    228, 7.361200,   10,  56
train,    229, 33.390972,   25,  57
train,    230, 0.300899,    6,  57
train,    231, -6.182871,    2,  57
train,    232, -2.905091,    4,  57
train,    233, 0.599543,    6,  57
train,    234, 13.990188,   14,  57
train,    235, 12.191613,   13,  57
train,    236, -1.546731,    5,  57
train,    237, -4.940674,    3,  57
train,    238, 1.789135,    7,  57
train,    239, 2.277098,    7,  57
train,    240, -4.838617,    3,  57
train,    241, 37.258263,   27,  58
train,    242, 28.962424,   22,  58
train,    243, 2.213457,    7,  58
train,    244, 17.419582,   15,  58
train,    245, -3.181926,    4,  58
train,    246, 16.243161,   15,  58
train,    247, -4.677569,    3,  58
train,    248, 7.190395,   10,  58
train,    249, 4.495066,    8,  58
val,      249, 7.696654, 1.0000,  10.2000,  10.2000, 0.0000,  23.3348
train,    250, -4.900615,    3,  58
train,    251, -4.533308,    3,  58
train,    252, 5.753968,    9,  58
train,    253, 14.044848,   14,  58
train,    254, 21.412000,   18,  59
train,    255, -2.949634,    4,  59
train,    256, -3.273258,    4,  59
train,    257, -6.184737,    2,  59
train,    258, 47.491890,   33,  59
train,    259, 4.311307,    8,  59
train,    260, 24.499184,   20,  59
train,    261, 17.845289,   16,  59
train,    262, 5.378743,    9,  59
train,    263, -2.938902,    4,  59
train,    264, 39.257923,   28,  59
train,    265, -4.012229,    3,  59
train,    266, -3.331993,    4,  60
train,    267, 9.188350,   11,  60
train,    268, -6.182871,    2,  60
train,    269, 5.701783,    9,  60
train,    270, 3.710720,    8,  60
train,    271, -3.130091,    4,  60
train,    272, -6.182871,    2,  60
train,    273, 2.067261,    7,  60
train,    274, 0.833379,    6,  60
val,      274, 10.039421, 1.0000,  11.4000,  11.4000, 0.0000,  24.1774
train,    275, 29.577012,   22,  60
train,    276, 24.648804,   20,  60
train,    277, 1.723419,    7,  60
train,    278, 7.113663,   10,  61
train,    279, -4.980499,    3,  61
train,    280, -6.208626,    2,  61
train,    281, -6.203461,    2,  61
train,    282, 1.942552,    7,  61
train,    283, 19.365282,   17,  61
train,    284, 16.177248,   15,  61
train,    285, -6.206895,    2,  61
train,    286, 0.190872,    6,  61
train,    287, 8.834265,   11,  61
train,    288, 2.146050,    7,  61
train,    289, 3.919896,    8,  61
train,    290, 43.582563,   30,  61
train,    291, -4.978233,    3,  62
train,    292, 3.615418,    8,  62
train,    293, 19.484422,   17,  62
train,    294, -2.672982,    4,  62
train,    295, 7.446504,   10,  62
train,    296, 7.091672,   10,  62
train,    297, 1.827661,    7,  62
train,    298, -6.210543,    2,  62
train,    299, 5.661929,    9,  62
val,      299, 13.262003, 1.0000,  13.2000,  13.2000, 0.0000,  24.0327
train,    300, -2.841282,    4,  62
train,    301, 31.357514,   24,  62
train,    302, 0.155492,    6,  62
train,    303, 14.241231,   14,  63
train,    304, 52.107869,   35,  63
train,    305, -4.700133,    3,  63
train,    306, 15.953892,   15,  63
train,    307, 18.391880,   16,  63
train,    308, 21.669063,   18,  63
train,    309, 8.978433,   11,  63
train,    310, 3.596355,    8,  63
train,    311, -1.497724,    5,  63
train,    312, 7.273475,   10,  63
train,    313, 19.556351,   17,  63
train,    314, -4.534369,    3,  63
train,    315, -6.206896,    2,  64
train,    316, -4.609351,    3,  64
train,    317, 6.911315,   10,  64
train,    318, -6.239637,    2,  64
train,    319, 17.674460,   16,  64
train,    320, 69.637490,   69,  64
train,    321, -4.940862,    3,  64
train,    322, 14.228360,   14,  64
train,    323, 2.152017,    7,  64
train,    324, 17.411647,   16,  64
val,      324, 17.912656, 1.0000,  16.2000,  16.2000, 0.0000,  24.0356
train,    325, 5.329008,    9,  64
train,    326, 4.158944,    8,  64
train,    327, 19.329716,   17,  64
train,    328, 16.851758,   15,  65
train,    329, -1.343374,    5,  65
train,    330, 10.330637,   12,  65
train,    331, 5.345249,    8,  65
train,    332, 8.638074,   11,  65
train,    333, 8.531263,   11,  65
train,    334, -1.304376,    5,  65
train,    335, 5.428595,    9,  65
train,    336, -6.030121,    2,  65
train,    337, -6.193335,    2,  65
train,    338, 18.461819,   16,  65
train,    339, 0.020846,    6,  65
train,    340, 12.471811,   13,  66
train,    341, 2.320662,    7,  66
train,    342, 1.792342,    7,  66
train,    343, 1.891150,    7,  66
train,    344, -4.708404,    3,  66
train,    345, -6.182871,    2,  66
train,    346, 14.993091,   14,  66
train,    347, -2.710839,    4,  66
train,    348, 0.089429,    6,  66
train,    349, 0.083220,    6,  66
val,      349, 15.793428, 1.0000,  14.8000,  14.8000, 0.0000,  24.2496
train,    350, 4.445535,    8,  66
train,    351, 10.874204,   12,  66
train,    352, 0.056501,    6,  66
train,    353, 27.901668,   22,  67
train,    354, 17.820222,   16,  67
train,    355, 56.486375,   58,  67
train,    356, -4.397338,    3,  67
train,    357, 24.283758,   20,  67
train,    358, 0.509100,    6,  67
train,    359, -3.201024,    4,  67
train,    360, 29.508834,   22,  67
train,    361, 11.400202,   12,  67
train,    362, 14.508877,   14,  67
train,    363, -4.047558,    3,  67
train,    364, 7.079845,   10,  67
train,    365, -3.114650,    4,  68
train,    366, 15.734815,   15,  68
train,    367, 7.019487,   10,  68
train,    368, -4.218546,    3,  68
train,    369, -6.206946,    2,  68
train,    370, 2.226499,    7,  68
train,    371, -1.467417,    5,  68
train,    372, 10.671173,   12,  68
train,    373, 26.240583,   21,  68
train,    374, 14.590944,   14,  68
val,      374, 13.515094, 1.0000,  13.6000,  13.6000, 0.0000,  23.1679
train,    375, -4.587579,    3,  68
train,    376, 13.138869,   13,  68
train,    377, 24.719914,   20,  69
train,    378, 17.814699,   16,  69
train,    379, 14.625773,   14,  69
train,    380, 3.627159,    8,  69
train,    381, 17.274578,   16,  69
train,    382, 4.136877,    8,  69
train,    383, -4.801364,    3,  69
train,    384, -3.236945,    4,  69
train,    385, -1.122309,    5,  69
train,    386, 27.968605,   22,  69
train,    387, 0.438403,    6,  69
train,    388, 0.091713,    6,  69
train,    389, 3.485119,    8,  69
train,    390, 5.246303,    9,  70
train,    391, 17.504866,   16,  70
train,    392, 76.240374,   49,  70
train,    393, 7.140774,   10,  70
train,    394, 17.893315,   16,  70
train,    395, -3.237325,    4,  70
train,    396, -1.289675,    5,  70
train,    397, -6.206203,    2,  70
train,    398, 5.253989,    9,  70
train,    399, 9.777091,   11,  70
