init,     2026-04-09 12:12:26.044797
arguments,Namespace(PPO_epochs=5, alg='ppo', cuda=0, entropy=0.1, eps_clip=0.2, gamma=0.97, gymip_train_xml='inverted_pendulum_ChangeThk_0.050000.xml', hid_group_num=8, hid_group_size=8, hidden_num=64, ignore_checkpoint=True, lr=0.001, model='rwtaspk', monitor_time=False, optimizer='rmsprop', rep=11, response_window=40, road_scenario='highway', rwta_del_connection='none', skip_post_tests=True, snn_num_steps=15, task='gymip', thread=3, traffic_level='dense', train_num=2000)
model_dir,/root/autodl-tmp/SVPG2023/LANE/training_runs/baseline/highway_dense/models
log_dir,  /root/autodl-tmp/SVPG2023/LANE/training_runs/baseline/highway_dense/logs
train,    1, -6.583861,    4
train,    2, -3.314096,   33
train,    3, -3.020823,   10
train,    4, -4.436417,    4
train,    5, -9.976864,    5
train,    6, -31.194587,   45
train,    7, -18.495140,   15
train,    8, -24.675733,   63
train,    9, -18.236095,   32
train,    10, -0.427986,   13
train,    11, 15.615530,   48
train,    12, -7.551986,    5
train,    13, 15.758892,   35
train,    14, 15.942781,   46
train,    15, 20.043320,   56
train,    16, -0.181722,   15
train,    17, 1.747555,   13
train,    18, 25.603175,   48
train,    19, 32.893860,   78
train,    20, 73.613836,  126
train,    21, 29.473343,   45
train,    22, 24.554202,   53
train,    23, 88.336131,  144
train,    24, 69.534222,  115
train,    25, 69.126237,  105
train,    26, -2.562789,    6
train,    27, -2.044185,    5
train,    28, 2.312751,   16
train,    29, 9.648862,   22
train,    30, 18.368683,   32
train,    31, 40.235660,   68
train,    32, 28.762862,   51
train,    33, -3.167933,    6
train,    34, 19.756423,   35
train,    35, 11.468202,   24
train,    36, 34.607937,   54
train,    37, 22.794642,   43
train,    38, 50.827547,   75
train,    39, 1.760756,   14
train,    40, 94.818435,  147
train,    41, 86.349447,  150
train,    42, 88.215784,  150
train,    43, 84.118804,  150
train,    44, 101.073143,  150
train,    45, 97.438932,  150
train,    46, 102.607322,  150
train,    47, 100.965248,  150
train,    48, 86.781037,  150
train,    49, -5.894129,    3
train,    50, 28.885677,   48
train,    51, 10.110704,   24
train,    52, 44.592806,   73
train,    53, 1.680327,   10
train,    54, 58.630718,   91
train,    55, 84.728406,  150
train,    56, 100.281038,  150
train,    57, 103.359985,  150
train,    58, 88.886301,  150
train,    59, 88.886301,  150
train,    60, 84.044196,  150
train,    61, 100.965248,  150
train,    62, 89.228406,  150
train,    63, 101.649459,  150
train,    64, 38.424003,   61
train,    65, 5.386178,   13
train,    66, 10.510559,   22
train,    67, 2.453858,   11
train,    68, 2.622810,   17
train,    69, 58.861306,   95
train,    70, 27.022348,   52
train,    71, 14.322006,   28
train,    72, 2.062199,   11
train,    73, 8.660176,   20
train,    74, 7.752816,   17
train,    75, 39.075884,   56
train,    76, 4.859838,   14
train,    77, 22.433702,   34
train,    78, 3.601208,   12
train,    79, 7.901705,   19
train,    80, 8.967323,   22
train,    81, -2.282289,    5
train,    82, 41.140426,   71
train,    83, 3.715795,   10
train,    84, 12.833253,   20
train,    85, -3.269863,    6
train,    86, 6.497891,   13
train,    87, 4.266382,   13
train,    88, 0.080650,    8
train,    89, -2.516641,   10
train,    90, 12.705719,   28
train,    91, 32.393849,   49
train,    92, 22.670195,   33
train,    93, 35.013191,   51
train,    94, 7.754062,   18
train,    95, 19.398310,   31
train,    96, 27.471304,   41
train,    97, -0.869941,    8
train,    98, 3.180852,   14
train,    99, 21.988284,   38
val_save, 99,   91.957353,   150.0000
val,      99,   91.957353,   150.0000
train,    100, 9.993896,   20
train,    101, 11.592069,   23
train,    102, 17.658655,   30
train,    103, 3.126927,   12
train,    104, 16.777535,   28
train,    105, -5.230114,    3
train,    106, 8.932081,   19
train,    107, 4.705994,   16
train,    108, 6.400064,   15
train,    109, 0.311838,    8
train,    110, 7.172008,   21
train,    111, 1.487374,   11
train,    112, 11.401000,   22
train,    113, 1.262769,   12
train,    114, 1.566178,    9
train,    115, -2.338887,    5
train,    116, 10.664238,   20
train,    117, 27.444134,   54
train,    118, 9.532698,   20
train,    119, 26.248539,   46
train,    120, 20.147247,   32
train,    121, 53.844110,   72
train,    122, 49.633807,   82
train,    123, 17.984990,   34
train,    124, 32.071924,   49
train,    125, 27.612893,   42
train,    126, 108.491555,  150
train,    127, 93.358764,  150
train,    128, 96.070511,  150
train,    129, 86.438932,  150
train,    130, 98.517880,  150
train,    131, 98.859985,  150
train,    132, 84.386301,  150
train,    133, 29.684822,   49
train,    134, 32.615128,   54
train,    135, 13.983707,   25
train,    136, -0.112653,    8
train,    137, 7.927694,   18
train,    138, 23.439954,   32
train,    139, 3.884107,   11
train,    140, 19.998290,   29
train,    141, -1.181328,    7
train,    142, 17.313634,   27
train,    143, -0.218462,    8
train,    144, 94.702090,  150
train,    145, 83.702090,  150
train,    146, 91.281038,  150
train,    147, 84.386301,  150
train,    148, 103.017880,  150
train,    149, 96.465248,  150
train,    150, 90.596827,  150
train,    151, 99.938932,  150
train,    152, 98.859927,  150
train,    153, 44.488418,   83
train,    154, 89.859985,  150
train,    155, 99.149457,  150
train,    156, 94.578947,  150
train,    157, -4.903284,    5
train,    158, 29.885147,   42
train,    159, 0.411335,   10
train,    160, 97.728406,  150
train,    161, 105.754722,  150
train,    162, 98.517880,  150
train,    163, 96.123143,  150
train,    164, 84.728406,  150
train,    165, 89.228406,  150
train,    166, 84.386301,  150
train,    167, 101.649459,  150
train,    168, 86.096827,  150
train,    169, 97.763168,  150
train,    170, 86.780746,  150
train,    171, 45.067421,   75
train,    172, 8.724448,   21
train,    173, 8.603810,   21
train,    174, 104.386301,  150
train,    175, 87.304722,  150
train,    176, 94.412617,  150
train,    177, 94.412617,  150
train,    178, 94.412617,  150
train,    179, 88.886301,  150
train,    180, 89.228406,  150
train,    181, 88.886301,  150
train,    182, 84.044196,  150
train,    183, 83.702090,  150
train,    184, 83.359985,  150
train,    185, 99.938932,  150
train,    186, 89.912617,  150
train,    187, 83.702090,  150
train,    188, 91.281038,  150
train,    189, 106.669933,  150
train,    190, 15.508486,   25
train,    191, 95.781038,  150
train,    192, 83.359985,  150
train,    193, 83.702090,  150
train,    194, 89.228406,  150
train,    195, 83.359985,  150
train,    196, 89.228406,  150
train,    197, 89.912617,  150
train,    198, 83.359985,  150
train,    199, 99.938932,  150
val_save, 199,   93.307353,   150.0000
val,      199,   93.307353,   150.0000
train,    200, 83.359985,  150
train,    201, 99.938932,  150
train,    202, 99.938932,  150
train,    203, 99.938932,  150
train,    204, 88.886301,  150
train,    205, 96.123143,  150
train,    206, 89.912617,  150
train,    207, 94.754722,  150
train,    208, 88.886301,  150
train,    209, 83.702090,  150
train,    210, 83.359985,  150
train,    211, 83.359985,  150
train,    212, 94.412617,  150
train,    213, 94.412617,  150
train,    214, 100.623143,  150
train,    215, 88.886301,  150
train,    216, 99.938932,  150
train,    217, 88.886301,  150
train,    218, 88.886301,  150
train,    219, 88.886301,  150
train,    220, 83.359985,  150
train,    221, 94.754722,  150
train,    222, 83.702090,  150
train,    223, 94.412617,  150
train,    224, 89.570511,  150
train,    225, 88.886301,  150
train,    226, 94.754722,  150
train,    227, 101.649459,  150
train,    228, 99.938932,  150
train,    229, 83.702090,  150
train,    230, 94.754722,  150
train,    231, 88.886301,  150
train,    232, 89.912617,  150
train,    233, 94.412617,  150
train,    234, 100.281038,  150
train,    235, 83.359985,  150
train,    236, 84.044196,  150
train,    237, 89.228406,  150
train,    238, 101.307353,  150
train,    239, 88.886301,  150
train,    240, 84.044196,  150
train,    241, 100.965248,  150
train,    242, 88.886301,  150
train,    243, 89.570511,  150
train,    244, 83.702090,  150
train,    245, 94.754722,  150
train,    246, 97.491564,  150
train,    247, 90.596827,  150
train,    248, 56.970447,  109
train,    249, 31.493415,   53
train,    250, 21.073441,   33
train,    251, 12.504427,   24
train,    252, 21.709449,   34
train,    253, -4.102515,    4
train,    254, 0.149614,    9
train,    255, 91.281038,  150
train,    256, 100.623143,  150
train,    257, 95.096827,  150
train,    258, 95.096827,  150
train,    259, 99.938932,  150
train,    260, 94.412617,  150
train,    261, 83.359985,  150
train,    262, 100.623143,  150
train,    263, 88.886301,  150
train,    264, 83.359985,  150
train,    265, 88.886301,  150
train,    266, 94.412617,  150
train,    267, 94.412617,  150
train,    268, 100.281038,  150
train,    269, 89.228406,  150
train,    270, 94.412617,  150
train,    271, 83.359985,  150
train,    272, 88.886301,  150
train,    273, 94.754722,  150
train,    274, 89.228406,  150
train,    275, 100.281038,  150
train,    276, 94.412617,  150
train,    277, 88.886301,  150
train,    278, 100.281038,  150
train,    279, 83.359985,  150
train,    280, 94.754722,  150
train,    281, 84.386301,  150
train,    282, 100.623143,  150
train,    283, 83.702090,  150
train,    284, 101.991564,  150
train,    285, 84.044196,  150
train,    286, 83.702090,  150
train,    287, 100.281038,  150
train,    288, 89.912617,  150
train,    289, 83.359985,  150
train,    290, 89.228406,  150
train,    291, 95.438932,  150
train,    292, 95.781038,  150
train,    293, 90.596827,  150
train,    294, 95.096827,  150
train,    295, 90.938932,  150
train,    296, 89.570511,  150
train,    297, 94.412617,  150
train,    298, 99.938932,  150
train,    299, 99.938932,  150
val,      299,   81.902617,   136.7000
train,    300, -0.624166,   13
train,    301, 94.412617,  150
train,    302, 100.623143,  150
train,    303, 88.886301,  150
train,    304, 83.359985,  150
train,    305, 83.359985,  150
train,    306, 95.781038,  150
train,    307, 83.359985,  150
train,    308, 89.228406,  150
train,    309, 100.623143,  150
train,    310, 84.044196,  150
train,    311, 94.412617,  150
train,    312, 102.333669,  150
train,    313, 85.070511,  150
train,    314, 83.359985,  150
train,    315, 100.281038,  150
train,    316, 88.886301,  150
train,    317, 89.912617,  150
train,    318, 100.281038,  150
train,    319, 95.096827,  150
train,    320, 83.359985,  150
train,    321, 89.228406,  150
train,    322, 89.228406,  150
train,    323, 84.728406,  150
train,    324, 83.359985,  150
train,    325, 99.938932,  150
train,    326, 84.386301,  150
train,    327, 88.886301,  150
train,    328, 84.386301,  150
train,    329, 95.096827,  150
train,    330, 83.702090,  150
train,    331, 100.281038,  150
train,    332, 83.359985,  150
train,    333, 94.754722,  150
train,    334, 94.412617,  150
train,    335, 100.281038,  150
train,    336, 99.938932,  150
train,    337, 95.096827,  150
train,    338, 83.359985,  150
train,    339, 100.965248,  150
train,    340, 83.359985,  150
train,    341, 88.886301,  150
train,    342, 101.307353,  150
train,    343, 95.096827,  150
train,    344, 95.096827,  150
train,    345, 89.228406,  150
train,    346, 88.886301,  150
train,    347, 89.912617,  150
train,    348, 100.281038,  150
train,    349, 100.281038,  150
train,    350, 99.938932,  150
train,    351, 94.412617,  150
train,    352, 89.228406,  150
train,    353, 83.702090,  150
train,    354, 83.359985,  150
train,    355, 99.938932,  150
train,    356, -5.247458,    5
train,    357, 84.386301,  150
train,    358, 88.886301,  150
train,    359, 0.157935,   13
train,    360, 88.886301,  150
train,    361, 94.412617,  150
train,    362, 83.702090,  150
train,    363, 83.359985,  150
train,    364, 100.623143,  150
train,    365, 94.754722,  150
train,    366, 100.623143,  150
resume,   2026-04-09 22:00:39.156967
train,    367, 99.938932,  150
train,    368, 83.359985,  150
train,    369, 95.096827,  150
train,    370, 90.812018,  150
train,    371, 60.287590,  103
train,    372, 0.909551,   11
train,    373, 2.839396,   10
train,    374, 3.549493,   16
train,    375, 101.254722,  150
train,    376, 96.123143,  150
train,    377, 84.386301,  150
train,    378, 85.070511,  150
train,    379, 100.281038,  150
train,    380, 89.570511,  150
train,    381, 85.070511,  150
train,    382, 101.991564,  150
train,    383, 83.359985,  150
train,    384, 100.965248,  150
train,    385, 88.886301,  150
train,    386, 99.938932,  150
train,    387, 89.228406,  150
train,    388, 99.938932,  150
train,    389, 99.938932,  150
train,    390, 94.412617,  150
train,    391, 89.228406,  150
train,    392, 99.938932,  150
train,    393, 89.228406,  150
train,    394, 83.359985,  150
train,    395, 99.938932,  150
train,    396, 94.754722,  150
train,    397, 99.938932,  150
train,    398, 83.702090,  150
train,    399, 100.281038,  150
val_save, 399,   88.402090,   150.0000
val,      399,   88.402090,   150.0000
train,    400, 84.044196,  150
train,    401, 86.438932,  150
train,    402, 88.886301,  150
train,    403, 88.886301,  150
train,    404, 94.754722,  150
train,    405, 83.359985,  150
train,    406, 100.281038,  150
train,    407, 99.938932,  150
train,    408, 99.938932,  150
train,    409, 98.175774,  150
train,    410, 83.359985,  150
train,    411, 83.359985,  150
train,    412, 95.781038,  150
train,    413, 83.702090,  150
train,    414, 94.412617,  150
train,    415, 88.886301,  150
train,    416, 101.307353,  150
train,    417, 86.438932,  150
train,    418, 86.781037,  150
train,    419, 104.605263,  150
train,    420, 28.109664,   46
train,    421, 94.359985,  150
train,    422, 58.385542,   98
train,    423, 14.844608,   23
train,    424, -0.747943,   10
train,    425, 6.461302,   15
train,    426, 103.017880,  150
train,    427, 95.438932,  150
train,    428, 100.623143,  150
train,    429, 91.623143,  150
train,    430, 100.965248,  150
train,    431, 100.965248,  150
train,    432, 83.359985,  150
train,    433, 94.754722,  150
train,    434, -5.107895,    4
train,    435, 85.070511,  150
train,    436, 102.965240,  150
train,    437, 67.490163,  124
train,    438, 36.180112,   59
train,    439, 68.448479,  110
train,    440, 5.484804,   12
train,    441, 31.523303,   38
train,    442, 0.596765,    9
train,    443, 1.846005,   10
train,    444, 4.420578,   13
train,    445, 5.651676,   13
train,    446, -4.406893,    5
train,    447, -2.584495,    5
train,    448, 0.922107,   10
train,    449, 28.146461,   49
train,    450, 117.716367,  150
train,    451, 3.665634,   14
train,    452, 65.793591,   91
train,    453, 2.036657,   13
train,    454, 0.198388,    9
train,    455, 113.613152,  150
train,    456, 90.938932,  150
train,    457, 110.886301,  150
train,    458, 99.202090,  150
train,    459, 102.675774,  150
train,    460, 94.412617,  150
train,    461, 103.017878,  150
train,    462, 93.331670,  150
train,    463, 89.228406,  150
train,    464, 103.702090,  150
train,    465, 95.781038,  150
train,    466, 95.438932,  150
train,    467, 84.044196,  150
train,    468, 95.438932,  150
train,    469, 94.412617,  150
