init,     2026-04-13 11:30:21.325249
arguments,Namespace(PPO_epochs=4, alg='ppo', cuda=0, entropy=0.35, eps_clip=0.15, gamma=0.995, gymip_train_xml='inverted_pendulum_ChangeThk_0.050000.xml', hid_group_num=8, hid_group_size=8, hidden_num=64, ignore_checkpoint=True, lr=0.0006, model='rwtaspk', monitor_time=False, optimizer='rmsprop', rep=14292, response_window=40, road_scenario='highway', rwta_del_connection='none', skip_post_tests=False, snn_num_steps=15, task='gymip', thread=-1, traffic_level='dense', train_num=5000)
profile,  lr->0.0006; gamma->0.995; entropy->0.35; PPO_epochs->4; eps_clip->0.15
model_dir,/root/autodl-tmp/SVPG2023/LANE/training_runs/baseline/highway_dense/models
log_dir,  /root/autodl-tmp/SVPG2023/LANE/training_runs/baseline/highway_dense/logs
train,    1, 27.167625,   15,  46
train,    2, 6.131718,    5,  46
train,    3, 35.340170,   18,  46
train,    4, 51.204910,   23,  46
train,    5, 11.877701,   11,  46
train,    6, 39.326287,   17,  46
train,    7, 29.918058,   16,  47
train,    8, 42.844318,   21,  47
train,    9, 3.405631,    6,  47
train,    10, 16.229354,   14,  47
train,    11, 8.333672,    6,  47
train,    12, 18.247941,    9,  47
train,    13, 7.183859,    7,  47
train,    14, 25.476589,   23,  47
train,    15, 8.741971,   11,  47
train,    16, 33.733304,   21,  47
train,    17, 21.530453,   14,  47
train,    18, 48.373800,   29,  47
train,    19, 65.285603,   38,  48
train,    20, 27.982449,   16,  48
train,    21, 11.998242,   12,  48
train,    22, 94.334463,   54,  48
train,    23, 94.212283,   53,  48
train,    24, -2.875242,    3,  48
val_save, 24, 34.422797, 1.0000,  33.2000,   4.6000, 0.0000,  23.0323
val,      24, 34.422797, 1.0000,  33.2000,   4.6000, 0.0000,  23.0323
train,    25, 18.902504,   12,  48
train,    26, 14.304011,   12,  48
train,    27, 8.429116,    8,  48
train,    28, 18.867506,   13,  48
train,    29, 49.801991,   31,  48
train,    30, 1.283973,    5,  48
train,    31, 78.354951,   44,  48
train,    32, 26.512334,   21,  49
train,    33, -1.291221,    4,  49
train,    34, 14.207392,    9,  49
train,    35, 13.670783,    9,  49
train,    36, 15.108653,   12,  49
train,    37, 6.250021,    6,  49
train,    38, 38.761129,   23,  49
train,    39, 30.230132,   21,  49
train,    40, 67.208268,   39,  49
train,    41, 26.231979,   14,  49
train,    42, 8.816932,    9,  49
train,    43, 6.213387,    7,  49
train,    44, 48.882629,   42,  49
train,    45, 24.436447,   11,  50
train,    46, -5.674130,    3,  50
train,    47, 0.210288,    7,  50
train,    48, 14.869312,   13,  50
train,    49, 18.019647,   13,  50
val_save, 49, 44.610856, 1.0000,  44.8000,   4.2000, 0.0000,  21.8619
val,      49, 44.610856, 1.0000,  44.8000,   4.2000, 0.0000,  21.8619
train,    50, 8.477421,   11,  50
train,    51, 42.432588,   24,  50
train,    52, 2.992882,    5,  50
train,    53, 32.095529,   21,  50
train,    54, 52.795000,   43,  50
train,    55, 2.357020,    7,  50
train,    56, 8.254417,    8,  50
train,    57, 73.320744,   46,  51
train,    58, 10.393008,   11,  51
train,    59, 51.115775,   35,  51
train,    60, 17.850156,   20,  51
train,    61, 47.980336,   27,  51
train,    62, -2.325915,    4,  51
train,    63, 29.833161,   17,  51
train,    64, 3.031410,    8,  51
train,    65, 67.494627,   36,  51
train,    66, 46.606789,   26,  51
train,    67, 62.515088,   37,  51
train,    68, 15.450021,   11,  51
train,    69, 12.208714,   15,  51
train,    70, 42.602888,   27,  52
train,    71, 116.216885,   87,  52
train,    72, 98.547311,   65,  52
train,    73, 15.715086,   14,  52
train,    74, 37.236545,   24,  52
val_save, 74, 51.281246, 0.8000,  50.0000,   2.8000, 0.0000,  21.5500
val,      74, 51.281246, 0.8000,  50.0000,   2.8000, 0.0000,  21.5500
train,    75, 11.161939,   12,  52
train,    76, 38.505373,   34,  52
train,    77, 23.142534,   15,  52
train,    78, 21.257994,   13,  52
train,    79, 57.481609,   56,  52
train,    80, 4.106081,   10,  52
train,    81, 3.106906,    8,  52
train,    82, 89.791687,   84,  52
train,    83, 13.922087,   14,  53
train,    84, 174.229989,  150,  53
train,    85, 171.997171,  150,  53
train,    86, 61.377443,   66,  53
train,    87, 19.939662,   27,  53
train,    88, 25.757980,   25,  53
train,    89, -2.472870,    5,  53
train,    90, 172.358080,  150,  53
train,    91, 187.042679,  150,  53
train,    92, 25.548941,   28,  53
train,    93, 27.972027,   27,  53
train,    94, 19.499823,   19,  53
train,    95, 16.350654,   21,  54
train,    96, 17.593785,   20,  54
train,    97, 189.088462,  150,  54
train,    98, 38.698816,   30,  54
train,    99, 25.563469,   18,  54
val_save, 99, 61.219232, 0.8000,  54.0000,   4.2000, 0.0000,  22.2428
val,      99, 61.219232, 0.8000,  54.0000,   4.2000, 0.0000,  22.2428
train,    100, 167.097031,  150,  54
train,    101, 180.925245,  150,  54
train,    102, 45.182096,   46,  54
train,    103, 48.324586,   46,  54
train,    104, 11.386909,   15,  54
train,    105, 19.365322,   21,  54
train,    106, 41.159261,   42,  54
train,    107, 151.049893,  150,  54
train,    108, 35.092697,   39,  55
train,    109, 47.977939,   44,  55
train,    110, 6.414687,   10,  55
train,    111, 54.234864,   42,  55
train,    112, 156.392267,  150,  55
train,    113, 80.495615,   74,  55
train,    114, 36.993065,   27,  55
train,    115, 178.195628,  150,  55
train,    116, 157.560485,  150,  55
train,    117, 25.494438,   29,  55
train,    118, 43.479800,   39,  55
