init,     2026-04-13 00:47:21.896230
arguments,Namespace(PPO_epochs=4, alg='ppo', cuda=0, entropy=0.35, eps_clip=0.15, gamma=0.995, gymip_train_xml='inverted_pendulum_ChangeThk_0.050000.xml', hid_group_num=8, hid_group_size=8, hidden_num=64, ignore_checkpoint=False, lr=0.0006, model='rwtaspk', monitor_time=False, optimizer='rmsprop', rep=13072, response_window=40, road_scenario='highway', rwta_del_connection='none', skip_post_tests=True, snn_num_steps=15, task='gymip', thread=-1, traffic_level='dense', train_num=6000)
profile,  lr->0.0006; gamma->0.995; entropy->0.35; PPO_epochs->4; eps_clip->0.15
model_dir,/root/autodl-tmp/SVPG2023/LANE/training_runs/baseline/highway_dense/models
log_dir,  /root/autodl-tmp/SVPG2023/LANE/training_runs/baseline/highway_dense/logs
train,    1, -12.826299,    1,  32
train,    2, -13.019133,    1,  32
train,    3, 15.026783,    6,  32
train,    4, -8.542805,    3,  32
train,    5, -11.361067,    3,  33
train,    6, -13.357050,    1,  33
train,    7, -14.673209,    2,  33
train,    8, 10.247166,    6,  33
train,    9, 2.112303,    6,  33
train,    10, -12.834667,    1,  33
train,    11, 13.259966,    5,  33
train,    12, -13.812296,    2,  33
train,    13, -11.607257,    1,  33
train,    14, 14.556719,    7,  34
train,    15, -14.011813,    2,  34
train,    16, -14.841869,    3,  34
train,    17, 0.686802,    5,  34
train,    18, 9.144235,    4,  34
train,    19, -13.734239,    2,  34
train,    20, -15.073735,    4,  34
train,    21, -12.337545,    1,  34
train,    22, -10.414267,    2,  35
train,    23, -0.252432,    4,  35
train,    24, 24.801333,    7,  35
val_save, 24, -3.114531, 1.0000,   3.4000,   3.0000, 0.0000,  27.1534
val,      24, -3.114531, 1.0000,   3.4000,   3.0000, 0.0000,  27.1534
train,    25, -12.711105,    1,  35
train,    26, -12.402492,    2,  35
train,    27, -6.194954,    3,  35
train,    28, -12.711105,    1,  35
train,    29, -12.428791,    2,  35
train,    30, -13.000034,    2,  35
train,    31, -11.205500,    1,  36
train,    32, -10.414267,    2,  36
train,    33, -7.347600,    2,  36
train,    34, -12.710691,    1,  36
train,    35, -13.990354,    2,  36
train,    36, -13.921355,    2,  36
train,    37, -13.854096,    2,  36
train,    38, -11.691449,    1,  36
train,    39, -14.055833,    2,  36
train,    40, 2.098720,    5,  37
train,    41, -7.785552,    2,  37
train,    42, -4.553790,    3,  37
train,    43, -10.414267,    2,  37
train,    44, -13.933991,    2,  37
train,    45, -13.559251,    2,  37
train,    46, 12.715508,    8,  37
train,    47, -7.017669,    3,  37
train,    48, -11.205500,    1,  37
train,    49, -16.723129,    5,  38
val_save, 49, 12.247273, 1.0000,   6.6000,   6.6000, 0.0000,  27.9272
val,      49, 12.247273, 1.0000,   6.6000,   6.6000, 0.0000,  27.9272
train,    50, -12.899005,    1,  38
train,    51, -12.709895,    1,  38
train,    52, -11.205500,    1,  38
train,    53, -12.708863,    1,  38
train,    54, -5.003843,   11,  38
train,    55, -7.992281,    2,  38
train,    56, -6.482863,    3,  38
train,    57, -8.998314,    4,  39
train,    58, -12.708992,    1,  39
train,    59, 4.370837,    6,  39
train,    60, -7.181027,    3,  39
train,    61, -11.828365,    1,  39
train,    62, -2.452341,    4,  39
train,    63, -13.953664,    2,  39
train,    64, -0.937043,    4,  39
train,    65, 6.739448,    5,  39
train,    66, 15.185993,    7,  40
train,    67, -12.445738,    2,  40
train,    68, -14.246956,    2,  40
train,    69, -12.711105,    1,  40
train,    70, -12.710527,    1,  40
train,    71, -11.691460,    1,  40
train,    72, -1.785482,    7,  40
train,    73, 9.484215,    4,  40
train,    74, -11.693166,    1,  40
val,      74, 7.569876, 1.0000,   5.6000,   5.6000, 0.0000,  28.3900
train,    75, -11.805651,    1,  41
train,    76, -8.024570,    2,  41
train,    77, -12.854426,    1,  41
train,    78, -7.585483,    3,  41
train,    79, -11.693327,    1,  41
train,    80, 5.197098,    5,  41
train,    81, -0.483451,    4,  41
train,    82, -11.794312,    1,  41
train,    83, 10.238281,    6,  41
train,    84, -12.648782,    2,  42
train,    85, -11.683972,    1,  42
train,    86, -12.477252,    2,  42
train,    87, -14.041774,    2,  42
train,    88, -4.885491,    3,  42
train,    89, -11.713707,    1,  42
train,    90, -5.023962,    5,  42
train,    91, -11.322500,    1,  42
train,    92, 4.997592,    4,  43
train,    93, 18.236489,    7,  43
train,    94, -4.880570,    4,  43
train,    95, 2.947082,    5,  43
train,    96, -11.828577,    1,  43
train,    97, -12.424970,    2,  43
train,    98, -12.710926,    1,  43
train,    99, -11.693729,    1,  43
val_save, 99, 11.331031, 1.0000,   5.8000,   5.8000, 0.0000,  29.2414
val,      99, 11.331031, 1.0000,   5.8000,   5.8000, 0.0000,  29.2414
train,    100, -11.205500,    1,  43
train,    101, -11.205500,    1,  44
train,    102, -11.205500,    1,  44
train,    103, -12.424415,    2,  44
train,    104, -12.828748,    1,  44
train,    105, 4.948560,    6,  44
train,    106, 2.683926,    8,  44
train,    107, -6.821769,    2,  44
train,    108, 14.946897,    5,  44
train,    109, -7.479098,    3,  44
train,    110, -7.834042,    3,  45
train,    111, -7.160007,    3,  45
train,    112, -11.595146,    1,  45
train,    113, -9.536887,    2,  45
train,    114, -9.249448,    4,  45
train,    115, 7.106759,    4,  45
train,    116, -8.534479,    3,  45
train,    117, 16.874081,    6,  45
train,    118, -12.711105,    1,  45
train,    119, -0.084898,    3,  46
train,    120, -9.376278,    2,  46
train,    121, -7.143100,    2,  46
train,    122, -8.896006,    9,  46
train,    123, 17.639121,    7,  46
train,    124, 19.765344,    7,  46
val,      124, 0.588868, 1.0000,   4.6000,   4.6000, 0.0000,  26.4146
train,    125, 15.561588,   11,  46
train,    126, -12.836215,    1,  46
train,    127, -10.414267,    2,  47
train,    128, -12.811990,    1,  47
train,    129, 3.008875,    5,  47
train,    130, -26.857465,   14,  47
train,    131, 12.306341,    7,  47
train,    132, -10.637427,    3,  47
train,    133, -2.205310,    6,  47
train,    134, -13.907984,    2,  47
train,    135, -0.765313,    5,  47
train,    136, 8.997513,    5,  48
train,    137, -11.694888,    1,  48
train,    138, 24.737675,    7,  48
train,    139, -11.694888,    1,  48
train,    140, -14.058199,    2,  48
train,    141, 15.910830,    5,  48
train,    142, 0.173780,    4,  48
train,    143, -4.076035,    3,  48
train,    144, -3.969175,    3,  48
train,    145, 0.519294,    4,  49
train,    146, -7.070516,    2,  49
train,    147, 18.669149,    5,  49
train,    148, -12.711105,    1,  49
train,    149, 15.983064,    5,  49
val,      149, 3.828077, 1.0000,   5.2000,   5.2000, 0.0000,  27.6432
train,    150, -12.890547,    1,  49
train,    151, -1.288488,    5,  49
train,    152, -0.605790,    3,  49
train,    153, -11.796052,    1,  49
train,    154, -11.694467,    1,  50
train,    155, -12.720200,    1,  50
train,    156, 12.678090,    5,  50
train,    157, -12.711105,    1,  50
train,    158, -2.766415,    3,  50
train,    159, -11.795307,    1,  50
train,    160, 4.094742,    4,  50
train,    161, -12.304014,    2,  50
train,    162, 7.140816,    6,  51
train,    163, -13.918634,    2,  51
train,    164, 12.976155,    7,  51
train,    165, -11.811888,    1,  51
train,    166, -11.205500,    1,  51
train,    167, -6.503333,    2,  51
train,    168, 4.904155,    4,  51
train,    169, 24.757548,    6,  51
train,    170, -12.901335,    1,  51
train,    171, 4.613878,    6,  52
train,    172, 6.440629,    4,  52
train,    173, -12.708445,    1,  52
train,    174, -11.712702,    1,  52
val,      174, 0.365045, 1.0000,   4.0000,   4.0000, 0.0000,  27.0583
train,    175, 2.594886,    5,  52
train,    176, -12.709929,    1,  52
train,    177, 8.578778,    6,  52
train,    178, -6.503333,    2,  52
train,    179, -11.322500,    1,  52
train,    180, 7.828766,    6,  53
train,    181, -9.524622,    2,  53
train,    182, 2.285695,    4,  53
train,    183, -12.711105,    1,  53
train,    184, -5.672518,    4,  53
train,    185, -11.695327,    1,  53
train,    186, -12.903159,    1,  53
train,    187, 21.252694,    6,  53
train,    188, -7.347600,    2,  53
train,    189, -14.010211,    2,  54
train,    190, 12.995708,    4,  54
train,    191, 3.286491,    5,  54
train,    192, 3.648564,    5,  54
train,    193, -11.694888,    1,  54
train,    194, -7.075075,    2,  54
train,    195, 10.156723,    6,  54
train,    196, 14.260902,    6,  54
train,    197, 9.580834,    5,  55
train,    198, -11.693253,    1,  55
train,    199, 24.404233,    8,  55
val,      199, 1.150196, 1.0000,   4.4000,   4.4000, 0.0000,  27.1792
train,    200, 12.161356,    9,  55
train,    201, 28.728381,    7,  55
train,    202, -12.264282,    2,  55
train,    203, -6.493234,    3,  55
train,    204, 2.686889,    5,  55
train,    205, -11.553275,    1,  55
train,    206, 11.127659,    4,  56
train,    207, 23.336689,    7,  56
train,    208, 16.287704,    5,  56
train,    209, -0.591240,    4,  56
train,    210, -7.975922,    2,  56
train,    211, -7.234850,    2,  56
train,    212, 51.035135,   14,  56
train,    213, 17.420595,    9,  56
train,    214, -12.897731,    1,  56
train,    215, -7.983790,    2,  57
train,    216, -11.205500,    1,  57
train,    217, 10.419218,    6,  57
train,    218, -10.277650,    3,  57
train,    219, -9.527286,    2,  57
train,    220, -12.125654,    2,  57
train,    221, 18.473107,    7,  57
train,    222, 19.748246,    7,  57
train,    223, 15.488610,    4,  57
train,    224, 7.932472,    5,  58
val,      224, 0.836917, 1.0000,   4.2000,   4.2000, 0.0000,  26.5451
train,    225, -10.414267,    2,  58
train,    226, -11.693145,    1,  58
train,    227, 9.133198,   10,  58
train,    228, -12.711105,    1,  58
train,    229, -12.896594,    1,  58
train,    230, 9.726720,    6,  58
train,    231, -0.048992,    5,  58
train,    232, 16.033933,    6,  59
train,    233, 11.953401,    4,  59
train,    234, -12.711105,    1,  59
train,    235, 18.240434,    7,  59
train,    236, -0.557373,    4,  59
train,    237, -5.454753,    3,  59
train,    238, -2.238177,    3,  59
train,    239, 1.897568,    3,  59
train,    240, -11.205500,    1,  59
train,    241, 25.464158,    9,  60
train,    242, -2.766167,    4,  60
train,    243, -7.293313,    2,  60
train,    244, 8.380230,    6,  60
train,    245, 6.281166,    5,  60
train,    246, 8.856010,    7,  60
resume,   2026-04-13 01:00:59.341875
train,    247, 9.882072,    5,  60
train,    248, -6.843313,    2,  60
train,    249, -6.900849,    2,  60
val,      249, 1.883864, 1.0000,   4.2000,   4.2000, 0.0000,  27.6655
train,    250, -1.918415,    3,  61
train,    251, -12.353753,    2,  61
train,    252, -7.963624,    2,  61
train,    253, 3.896965,    5,  61
train,    254, 7.135763,    4,  61
train,    255, 9.021045,    6,  61
train,    256, -9.728971,    2,  61
train,    257, 2.302068,    5,  61
train,    258, -3.844812,    5,  61
train,    259, 5.967001,    6,  62
train,    260, 4.865236,    4,  62
train,    261, -6.843313,    2,  62
train,    262, -1.861978,    4,  62
train,    263, 11.991074,    6,  62
train,    264, 18.240802,    6,  62
train,    265, -5.441581,    3,  62
train,    266, 6.021674,    3,  62
train,    267, -6.237478,    3,  63
train,    268, -11.205500,    1,  63
train,    269, 10.304933,    7,  63
train,    270, 4.824275,    4,  63
train,    271, 15.369218,    7,  63
train,    272, 8.679849,    6,  63
train,    273, 4.242989,    4,  63
train,    274, 9.114054,    6,  63
val,      274, 7.058700, 1.0000,   5.2000,   5.2000, 0.0000,  28.1586
train,    275, 1.981409,    4,  63
train,    276, -12.708549,    1,  64
train,    277, 2.106184,    3,  64
train,    278, 24.334574,   11,  64
train,    279, -6.503333,    2,  64
train,    280, -0.170499,    3,  64
train,    281, -7.347600,    2,  64
train,    282, 10.304167,    5,  64
train,    283, -12.896103,    1,  64
train,    284, 11.738991,    5,  64
train,    285, -11.322500,    1,  65
train,    286, -12.707822,    1,  65
train,    287, -11.800638,    1,  65
train,    288, 1.137643,    6,  65
train,    289, -6.122736,    3,  65
train,    290, -2.658417,    3,  65
train,    291, 8.406255,    4,  65
train,    292, -12.921427,    1,  65
train,    293, 3.367837,    4,  65
train,    294, -6.779177,    3,  66
train,    295, 16.268202,    6,  66
train,    296, -3.802701,    4,  66
train,    297, 2.695543,    5,  66
train,    298, -6.503333,    2,  66
train,    299, -4.698613,    4,  66
val,      299, 1.493341, 1.0000,   4.4000,   4.4000, 0.0000,  27.0084
train,    300, 16.638060,    8,  66
train,    301, -0.423319,    4,  66
train,    302, 13.015552,    7,  67
train,    303, 7.924875,    6,  67
train,    304, -7.828415,    2,  67
train,    305, 16.544781,    6,  67
train,    306, 15.081614,    7,  67
train,    307, -9.440631,    2,  67
train,    308, -3.034482,    3,  67
train,    309, 13.502941,    6,  67
train,    310, 11.092942,    5,  67
train,    311, -10.183847,    2,  68
train,    312, -9.601649,    2,  68
train,    313, -1.443038,    6,  68
train,    314, 2.063720,    7,  68
train,    315, 5.961838,    6,  68
train,    316, 3.409540,    5,  68
train,    317, 18.340442,    8,  68
train,    318, -5.168804,    3,  68
train,    319, 4.679631,    4,  68
train,    320, 0.327381,    3,  69
train,    321, -6.844670,    3,  69
train,    322, 15.953053,    8,  69
train,    323, -6.409739,    2,  69
train,    324, -2.828284,    4,  69
val,      324, 5.203792, 1.0000,   4.6000,   4.6000, 0.0000,  28.3249
train,    325, -0.949563,    4,  69
train,    326, -3.712389,    3,  69
train,    327, -7.909466,    2,  69
train,    328, 5.759075,    6,  69
train,    329, 0.535308,    5,  70
train,    330, -9.478075,    3,  70
train,    331, 4.142210,    4,  70
train,    332, 9.958200,    6,  70
train,    333, 8.122848,    6,  70
train,    334, -5.539785,    3,  70
train,    335, -7.387388,    2,  70
train,    336, 8.656945,    6,  70
train,    337, -5.909314,    3,  71
train,    338, 4.864798,    4,  71
train,    339, -0.220005,    4,  71
train,    340, 8.024673,    5,  71
train,    341, 4.334859,    5,  71
train,    342, -3.663105,    4,  71
train,    343, 23.719327,   18,  71
train,    344, 21.808970,    8,  71
train,    345, 4.597612,    5,  71
train,    346, -1.806232,    4,  72
train,    347, -2.658423,    3,  72
train,    348, -6.003460,    3,  72
train,    349, 1.817224,    5,  72
val,      349, 7.137332, 1.0000,   5.6000,   5.6000, 0.0000,  27.2926
train,    350, -1.177635,    4,  72
train,    351, 8.804167,    5,  72
train,    352, -1.346683,    3,  72
train,    353, -10.285138,    3,  72
train,    354, 2.625098,    6,  72
train,    355, 7.024069,    5,  73
train,    356, -6.676725,    2,  73
train,    357, 1.963580,    5,  73
train,    358, -12.711105,    1,  73
train,    359, 0.404582,    3,  73
train,    360, 1.035890,    5,  73
train,    361, 2.237548,    3,  73
train,    362, 9.679936,    6,  73
train,    363, -6.669900,    3,  73
train,    364, -0.084901,    3,  74
train,    365, -6.843313,    2,  74
train,    366, 4.731062,    5,  74
train,    367, -3.802308,    4,  74
train,    368, 0.404582,    3,  74
train,    369, -2.909191,    4,  74
train,    370, -1.767019,    4,  74
train,    371, 17.141141,    7,  74
train,    372, 25.154167,    8,  75
train,    373, 1.790732,    5,  75
train,    374, -6.303131,    3,  75
val,      374, 3.452092, 1.0000,   4.4000,   4.4000, 0.0000,  27.0840
train,    375, 5.869067,    6,  75
train,    376, 12.277780,    7,  75
train,    377, 18.191107,   10,  75
train,    378, 1.776815,    5,  75
train,    379, 3.659939,    5,  75
train,    380, -7.938887,    2,  75
train,    381, 22.113767,    8,  76
train,    382, 3.749542,    5,  76
train,    383, 22.091141,    8,  76
train,    384, -12.711105,    1,  76
train,    385, 11.804167,    5,  76
train,    386, -1.346680,    3,  76
train,    387, -10.214418,    2,  76
train,    388, -6.477368,    3,  76
train,    389, 43.454167,   12,  76
train,    390, 7.124264,    4,  77
train,    391, 5.354186,    4,  77
train,    392, 1.656148,    3,  77
train,    393, -9.607328,    2,  77
train,    394, 11.465474,    7,  77
train,    395, -5.909065,    3,  77
train,    396, -2.658423,    3,  77
train,    397, 2.781867,    4,  77
train,    398, 7.241142,    5,  77
train,    399, -4.493835,    3,  78
val,      399, 5.739239, 1.0000,   5.4000,   5.4000, 0.0000,  27.5059
train,    400, -4.039895,    4,  78
train,    401, -3.712391,    3,  78
train,    402, 16.087100,    7,  78
train,    403, 55.930833,   14,  78
train,    404, 4.829568,    5,  78
train,    405, -2.469981,    7,  78
train,    406, -6.856146,    3,  78
train,    407, 14.292552,    7,  79
train,    408, -3.427798,    4,  79
train,    409, 5.806605,    5,  79
train,    410, 2.237548,    3,  79
train,    411, 12.598924,    7,  79
train,    412, 11.549600,    6,  79
train,    413, 1.902965,    4,  79
train,    414, 16.087100,    7,  79
train,    415, -6.503333,    2,  79
train,    416, 20.204167,    7,  80
train,    417, -3.448863,    4,  80
train,    418, -0.084897,    3,  80
train,    419, -7.938159,    2,  80
train,    420, -10.414267,    2,  80
train,    421, 10.381534,    6,  80
train,    422, 9.814779,    5,  80
train,    423, 14.764779,    6,  80
train,    424, -10.474678,    2,  80
val,      424, 1.550759, 1.0000,   4.2000,   4.2000, 0.0000,  27.5590
train,    425, 26.057113,   10,  80
train,    426, 7.116344,    5,  80
train,    427, 9.814779,    5,  80
train,    428, 14.995479,    7,  80
train,    429, 1.324207,    5,  80
train,    430, -6.241698,    3,  80
train,    431, 4.273352,    5,  80
train,    432, 2.993477,    5,  80
train,    433, 1.308921,    5,  80
train,    434, 25.154167,    8,  80
train,    435, 14.260902,    6,  80
train,    436, 9.353641,    5,  80
train,    437, -1.751517,    4,  80
train,    438, 12.533622,    7,  80
train,    439, 7.639686,    6,  80
train,    440, 15.841447,    6,  80
train,    441, 8.552796,    5,  80
train,    442, 4.664798,    4,  80
train,    443, 1.602018,    5,  80
train,    444, 31.991141,   10,  80
train,    445, 11.334379,    6,  80
train,    446, 1.112315,    5,  80
train,    447, -12.828105,    1,  80
train,    448, 5.431535,    5,  80
train,    449, 6.854186,    4,  80
val,      449, 8.848681, 1.0000,   6.2000,   6.2000, 0.0000,  27.4773
train,    450, 16.593560,    8,  80
train,    451, 2.291171,    4,  80
train,    452, 9.088381,    6,  80
train,    453, 9.679940,    6,  80
train,    454, 3.736895,    5,  80
train,    455, 20.471816,    8,  80
train,    456, 1.829059,    5,  80
train,    457, 12.772614,    7,  80
train,    458, 0.481581,    4,  80
train,    459, 20.591141,    8,  80
train,    460, -0.084897,    3,  80
train,    461, 41.891141,   12,  80
train,    462, 2.129609,    5,  80
train,    463, 6.044034,    5,  80
