init,     2026-04-15 21:28:15.227368
arguments,Namespace(PPO_epochs=4, alg='ppo', cuda=-1, entropy=0.35, eps_clip=0.15, gae_lambda=0.99, gamma=0.998, gymip_train_xml='inverted_pendulum_ChangeThk_0.050000.xml', hid_group_num=8, hid_group_size=8, hidden_num=64, ignore_checkpoint=False, lr=0.0006, model='rwtaspk', monitor_time=False, optimizer='rmsprop', rep=42, response_window=40, road_scenario='highway', rwta_del_connection='none', skip_post_tests=False, snn_num_steps=15, task='gymip', thread=-1, traffic_level='dense', train_num=4200)
profile,  lr->0.0006; gamma->0.998; gae_lambda->0.99; entropy->0.35; PPO_epochs->4; eps_clip->0.15; train_num->4200
model_dir,/root/autodl-tmp/SVPG2023/LANE/training_runs/baseline/highway_dense/models
log_dir,  /root/autodl-tmp/SVPG2023/LANE/training_runs/baseline/highway_dense/logs
train,    1, 12.616664,   12,  46
train,    2, 460.817066,  200,  46
train,    3, 7.997553,   10,  46
train,    4, 489.420841,  200,  46
train,    5, 2.111705,    8,  46
train,    6, 34.942962,   23,  46
train,    7, 10.399456,   13,  47
train,    8, 92.941656,   54,  47
train,    9, 41.068083,   34,  47
train,    10, 37.722326,   18,  47
train,    11, 389.131881,  200,  47
train,    12, 33.217161,   27,  47
train,    13, 35.292649,   33,  47
train,    14, 506.022311,  200,  47
train,    15, 107.392776,   65,  47
train,    16, 91.885175,   42,  47
train,    17, 504.410150,  200,  47
train,    18, 92.513963,   51,  47
train,    19, -12.273138,    2,  48
train,    20, 7.644762,    9,  48
train,    21, 42.992521,   27,  48
train,    22, 22.858459,   16,  48
train,    23, 9.058931,   20,  48
train,    24, 20.069825,   16,  48
val_save, 24, 52.813723, 1.0000,  41.6000,   4.6000, 0.0000,  25.7355
val,      24, 52.813723, 1.0000,  41.6000,   4.6000, 0.0000,  25.7355
train,    25, 2.794703,    9,  48
train,    26, 13.986517,   13,  48
train,    27, 38.424128,   24,  48
train,    28, 23.231860,   16,  48
train,    29, 19.283042,   16,  48
train,    30, -13.132536,    2,  48
train,    31, 116.460423,   70,  48
train,    32, 43.253176,   26,  49
train,    33, 64.398863,   44,  49
train,    34, 33.201112,   18,  49
train,    35, 81.089946,   38,  49
train,    36, 1.099732,   11,  49
train,    37, 1.214712,    8,  49
train,    38, 80.883487,   46,  49
train,    39, 88.195516,   38,  49
train,    40, 1.303661,    8,  49
train,    41, -0.300288,    7,  49
train,    42, 41.808876,   20,  49
train,    43, 58.799625,   30,  49
train,    44, 39.473510,   47,  49
train,    45, -13.188331,    2,  50
train,    46, 3.996861,    9,  50
train,    47, 44.734853,   23,  50
train,    48, 90.606915,   42,  50
train,    49, 72.406403,   42,  50
val,      49, 58.001288, 1.0000,  35.2000,  11.6000, 0.0000,  27.3419
train,    50, 61.538743,   31,  50
train,    51, 507.520550,  200,  50
train,    52, 87.815291,   54,  50
train,    53, 118.514227,   58,  50
train,    54, 90.413514,   54,  50
train,    55, 492.886476,  200,  50
train,    56, 50.362291,   45,  50
train,    57, 31.817643,   22,  51
train,    58, 248.176240,  200,  51
train,    59, 260.644855,  200,  51
train,    60, 22.226469,   16,  51
train,    61, -5.706709,    5,  51
train,    62, 474.660862,  200,  51
train,    63, 270.845999,  200,  51
train,    64, -0.114094,    7,  51
train,    65, 70.244887,   30,  51
train,    66, 368.181643,  200,  51
train,    67, -0.667072,    7,  51
train,    68, 1.809758,    7,  51
train,    69, 55.125621,   33,  51
train,    70, 335.566014,  187,  52
train,    71, 86.171533,   50,  52
train,    72, 71.421101,   35,  52
train,    73, 122.501895,   74,  52
train,    74, 9.251005,   10,  52
val_save, 74, 164.545922, 0.6000,  98.4000,  11.0000, 0.4000,  26.1948
val,      74, 164.545922, 0.6000,  98.4000,  11.0000, 0.4000,  26.1948
train,    75, 12.277271,   12,  52
train,    76, 16.060697,   24,  52
train,    77, 76.175257,   46,  52
train,    78, 65.391388,   79,  52
train,    79, 475.732526,  200,  52
train,    80, 418.594549,  200,  52
train,    81, 0.192986,    7,  52
train,    82, 73.523949,   38,  52
train,    83, -11.203338,    3,  53
train,    84, 32.431798,   21,  53
train,    85, 44.917896,   33,  53
train,    86, -0.471601,    7,  53
train,    87, 3.281780,    9,  53
train,    88, 31.004193,   19,  53
train,    89, 26.766344,   21,  53
train,    90, 12.151565,   12,  53
train,    91, 5.655093,   10,  53
train,    92, 28.965124,   17,  53
train,    93, 38.687968,   23,  53
train,    94, 30.820487,   23,  53
train,    95, 56.178092,   31,  54
train,    96, 26.258216,   22,  54
train,    97, 486.913120,  200,  54
train,    98, 40.657818,   26,  54
train,    99, 132.802428,   60,  54
val,      99, 40.823735, 1.0000,  26.4000,   4.0000, 0.0000,  26.4453
train,    100, 141.573571,   64,  54
train,    101, -9.107200,    4,  54
train,    102, 35.516990,   24,  54
train,    103, 10.689388,   12,  54
train,    104, 29.289459,   15,  54
train,    105, 49.908690,   31,  54
train,    106, 82.641569,   43,  54
train,    107, 368.205787,  200,  54
train,    108, 232.477277,  200,  55
train,    109, -3.369926,    6,  55
train,    110, 79.131816,   54,  55
train,    111, 67.512504,   33,  55
train,    112, 374.503719,  200,  55
train,    113, 288.047197,  200,  55
train,    114, 22.791325,   13,  55
train,    115, 166.577460,   82,  55
train,    116, 50.436602,   27,  55
train,    117, 12.137973,   12,  55
train,    118, 18.611710,   12,  55
train,    119, -4.731290,    5,  55
train,    120, 55.798363,   31,  56
train,    121, 0.319539,    8,  56
train,    122, 55.304784,   30,  56
train,    123, 32.592179,   22,  56
train,    124, 46.721802,   27,  56
val,      124, 72.778343, 0.8000,  56.8000,   6.6000, 0.0000,  26.8658
train,    125, 50.239786,   26,  56
train,    126, 91.766837,   60,  56
train,    127, 32.484604,   33,  56
train,    128, -7.732207,    4,  56
train,    129, 107.310704,   59,  56
train,    130, 39.835913,   26,  56
train,    131, 62.432100,   50,  56
train,    132, 0.774283,    7,  56
train,    133, 25.264326,   21,  57
train,    134, 10.540443,   11,  57
train,    135, 69.579085,   47,  57
train,    136, 179.187161,   89,  57
train,    137, 109.046450,   63,  57
train,    138, 19.415889,   14,  57
train,    139, 455.350094,  200,  57
train,    140, 464.725062,  200,  57
train,    141, 38.023343,   25,  57
train,    142, -8.189847,    4,  57
train,    143, -0.343653,    7,  57
train,    144, 211.569079,  200,  57
train,    145, 30.717833,   19,  57
train,    146, 9.558879,   13,  58
train,    147, 11.655219,   11,  58
train,    148, 50.122445,   30,  58
train,    149, 288.527905,  200,  58
val,      149, 89.911188, 1.0000,  62.0000,  10.0000, 0.0000,  24.9386
train,    150, 19.784201,   16,  58
train,    151, 78.797485,   46,  58
train,    152, 30.785412,   37,  58
train,    153, 36.938228,   22,  58
train,    154, 40.165826,   22,  58
train,    155, 27.218406,   17,  58
train,    156, 5.441654,   12,  58
train,    157, 27.423888,   18,  58
train,    158, 274.541051,  200,  59
train,    159, 4.238070,    7,  59
train,    160, 256.182444,  200,  59
train,    161, 49.076078,   29,  59
train,    162, 20.642547,   13,  59
train,    163, 186.669510,   96,  59
train,    164, 47.534856,   34,  59
train,    165, 15.302786,   11,  59
train,    166, 70.680753,   34,  59
train,    167, 51.285408,   34,  59
train,    168, 38.187721,   28,  59
train,    169, 77.807195,   35,  59
train,    170, -5.456261,    5,  59
train,    171, 1.033295,    8,  60
train,    172, 130.283965,   81,  60
train,    173, 55.197287,   46,  60
train,    174, 144.855585,   65,  60
val,      174, 57.580795, 1.0000,  37.8000,   5.8000, 0.0000,  27.3970
train,    175, 21.639783,   15,  60
train,    176, 28.424908,   18,  60
train,    177, 122.713468,   60,  60
train,    178, 480.002319,  200,  60
train,    179, 387.370512,  200,  60
train,    180, 87.309283,   48,  60
train,    181, 355.389740,  200,  60
train,    182, 5.371072,    8,  60
train,    183, 77.631718,   42,  60
train,    184, 20.365424,   23,  61
train,    185, 6.218756,   10,  61
train,    186, 122.858611,   61,  61
train,    187, 0.705229,    6,  61
train,    188, 56.208613,   57,  61
train,    189, 105.128246,   67,  61
train,    190, -8.513369,    4,  61
train,    191, -2.313269,    6,  61
train,    192, 2.112404,    9,  61
train,    193, 3.366710,    8,  61
train,    194, 81.626001,   38,  61
train,    195, 87.148818,   51,  61
train,    196, 49.724239,   22,  62
train,    197, 109.213477,   67,  62
train,    198, 20.702213,   24,  62
train,    199, 6.526729,   11,  62
val,      199, 60.513325, 1.0000,  34.4000,   8.0000, 0.0000,  27.7037
train,    200, 113.563458,  104,  62
train,    201, 76.514699,   65,  62
train,    202, 13.767818,   11,  62
train,    203, 4.091377,    8,  62
train,    204, -7.427610,    5,  62
train,    205, 9.341413,   10,  62
train,    206, 11.079982,   10,  62
train,    207, 477.823448,  200,  62
train,    208, 61.023248,   27,  62
train,    209, 135.046177,   63,  63
train,    210, 92.176801,   40,  63
train,    211, 3.340562,    8,  63
train,    212, -5.105602,    5,  63
train,    213, 59.626989,   31,  63
train,    214, 82.036197,   62,  63
train,    215, 37.962976,   21,  63
train,    216, -7.773200,    4,  63
train,    217, 96.958609,   52,  63
train,    218, 86.356810,   50,  63
train,    219, 36.296639,   22,  63
train,    220, 10.845172,   11,  63
train,    221, 59.623269,   44,  63
train,    222, 10.802204,   10,  64
train,    223, 14.946766,   13,  64
train,    224, 54.408636,   45,  64
val,      224, 50.192612, 1.0000,  27.6000,   7.8000, 0.0000,  28.1017
train,    225, 49.023340,   50,  64
train,    226, 236.549550,  200,  64
train,    227, 7.898789,   11,  64
train,    228, 5.347249,   10,  64
train,    229, 147.698495,   68,  64
train,    230, 19.307680,   11,  64
train,    231, 33.277835,   37,  64
train,    232, 4.209407,   12,  64
train,    233, 104.851360,   45,  64
train,    234, 41.699411,   23,  65
train,    235, 41.711353,   27,  65
train,    236, -3.712562,    6,  65
train,    237, -0.518558,    8,  65
train,    238, 33.142657,   26,  65
train,    239, 169.777225,  105,  65
train,    240, 53.260924,   33,  65
train,    241, 18.804645,   15,  65
train,    242, 367.946852,  200,  65
train,    243, 1.267364,    9,  65
train,    244, 27.463773,   16,  65
train,    245, 291.972672,  200,  65
train,    246, 9.092978,   12,  65
train,    247, 3.577338,    9,  66
train,    248, 103.410470,   83,  66
train,    249, 273.953523,  128,  66
val,      249, 23.224850, 1.0000,  16.8000,   3.6000, 0.0000,  27.4539
train,    250, 57.749408,   31,  66
train,    251, 4.178791,   10,  66
train,    252, 2.948308,    8,  66
train,    253, 110.355920,  105,  66
train,    254, 15.209470,   12,  66
train,    255, 24.318938,   22,  66
train,    256, 4.021889,    9,  66
train,    257, 289.259492,  200,  66
train,    258, 18.803575,   21,  66
train,    259, 464.255429,  200,  67
train,    260, 55.353187,   28,  67
train,    261, 435.613514,  200,  67
train,    262, 30.827531,   19,  67
train,    263, 17.212945,   16,  67
train,    264, 105.062331,   52,  67
train,    265, -1.943564,    8,  67
train,    266, 15.039673,   20,  67
train,    267, 109.314865,   93,  67
train,    268, 55.825634,   34,  67
train,    269, 94.715926,   46,  67
train,    270, -5.088500,    6,  67
train,    271, 18.296874,   25,  67
train,    272, 34.580318,   21,  68
train,    273, 67.814329,   42,  68
train,    274, 52.288938,   25,  68
val,      274, 21.322752, 1.0000,  17.2000,   3.6000, 0.0000,  26.7659
train,    275, 21.539343,   17,  68
train,    276, 5.464322,   10,  68
train,    277, 160.626526,   87,  68
train,    278, 231.338113,  200,  68
train,    279, 38.195590,   26,  68
train,    280, 2.148439,    8,  68
train,    281, 395.285573,  200,  68
train,    282, 7.713510,   10,  68
train,    283, 243.449589,  200,  68
train,    284, -7.723705,    4,  68
train,    285, 13.588178,   14,  69
train,    286, 20.887289,   16,  69
train,    287, 415.717805,  200,  69
train,    288, 44.696273,   38,  69
train,    289, 18.547498,   18,  69
train,    290, -8.996900,    4,  69
train,    291, 18.530472,   14,  69
train,    292, 56.668492,   30,  69
train,    293, 50.746289,   27,  69
train,    294, 40.256167,   23,  69
train,    295, 0.133681,    8,  69
train,    296, -1.314031,    7,  69
train,    297, 5.606160,    8,  70
train,    298, 87.883858,   68,  70
train,    299, 0.702256,    7,  70
val,      299, 77.578771, 1.0000,  59.2000,   8.0000, 0.0000,  25.2062
train,    300, 58.576713,   38,  70
train,    301, 252.696875,  134,  70
train,    302, 31.988397,   20,  70
train,    303, 77.270524,   41,  70
train,    304, 453.442835,  200,  70
train,    305, 72.706904,   33,  70
train,    306, 512.977307,  200,  70
train,    307, 43.421963,   26,  70
train,    308, 37.821907,   21,  70
train,    309, 29.134800,   22,  70
train,    310, 7.668942,   21,  71
train,    311, 65.873202,   30,  71
train,    312, -5.419475,    5,  71
train,    313, 228.101388,  200,  71
train,    314, 47.052180,   29,  71
train,    315, 16.920744,   12,  71
train,    316, -13.145426,    2,  71
train,    317, 64.365925,   36,  71
train,    318, 9.742017,   10,  71
train,    319, 115.935196,   87,  71
train,    320, 8.896508,   11,  71
train,    321, 115.472952,   65,  71
train,    322, 12.247842,    9,  71
train,    323, 19.440915,   14,  72
train,    324, -3.169791,    6,  72
val,      324, 56.877890, 1.0000,  35.8000,   7.4000, 0.0000,  25.7694
train,    325, 319.302790,  200,  72
train,    326, 100.950508,   55,  72
train,    327, 90.384057,   56,  72
train,    328, 16.797370,   14,  72
train,    329, 19.717909,   15,  72
train,    330, -7.859028,    4,  72
train,    331, 33.316959,   18,  72
train,    332, 183.540201,   95,  72
train,    333, 6.710382,   10,  72
train,    334, 30.889161,   27,  72
train,    335, 37.707478,   33,  73
train,    336, 112.191025,   50,  73
train,    337, 71.562077,   45,  73
train,    338, 47.867173,   22,  73
train,    339, -5.136321,    6,  73
train,    340, 73.852942,   41,  73
train,    341, 359.684202,  200,  73
train,    342, 52.283113,   29,  73
train,    343, 13.028238,   19,  73
train,    344, 62.766557,   39,  73
train,    345, 8.606811,   10,  73
train,    346, 67.393935,   42,  73
train,    347, 352.030248,  200,  73
train,    348, 18.627942,   13,  74
train,    349, 22.772037,   15,  74
val,      349, 51.795326, 1.0000,  33.6000,   4.6000, 0.0000,  26.4286
train,    350, 113.692962,   53,  74
train,    351, 72.486165,   35,  74
train,    352, 9.342300,   11,  74
train,    353, 73.109259,   34,  74
train,    354, 7.240661,   11,  74
train,    355, 2.793396,    8,  74
train,    356, 25.574785,   15,  74
train,    357, 92.189091,   45,  74
train,    358, 318.552712,  200,  74
train,    359, 167.422638,   97,  74
train,    360, 67.703718,   44,  74
train,    361, 24.679430,   20,  75
train,    362, 141.139801,   78,  75
train,    363, 53.967463,   37,  75
train,    364, 8.673399,   11,  75
train,    365, -5.602861,    6,  75
train,    366, 20.131541,   19,  75
train,    367, 25.462499,   16,  75
train,    368, 0.151206,    7,  75
train,    369, 81.093116,   35,  75
train,    370, 5.089617,   11,  75
train,    371, 35.342867,   19,  75
train,    372, 33.001606,   18,  75
train,    373, 193.098704,   86,  76
train,    374, 31.294690,   23,  76
val,      374, 50.203153, 1.0000,  29.4000,   6.2000, 0.0000,  26.6355
train,    375, 136.515956,  104,  76
train,    376, 66.411830,   33,  76
train,    377, 8.013680,    9,  76
train,    378, 116.974521,   70,  76
train,    379, 2.353575,    8,  76
train,    380, 488.055266,  200,  76
train,    381, 28.944964,   17,  76
train,    382, 28.268055,   19,  76
train,    383, 1.670789,    8,  76
train,    384, 97.374106,   56,  76
train,    385, 382.446615,  200,  76
train,    386, 137.028060,   85,  77
train,    387, 3.211829,    8,  77
train,    388, 109.043966,   61,  77
train,    389, -4.981955,    6,  77
train,    390, 211.056677,  126,  77
train,    391, 3.654255,    8,  77
train,    392, 84.668012,   63,  77
train,    393, 52.198452,   28,  77
train,    394, 27.814121,   16,  77
train,    395, 9.833640,   14,  77
train,    396, 20.538022,   14,  77
train,    397, -7.683097,    5,  77
train,    398, 95.840335,   58,  78
train,    399, 65.737117,   30,  78
val,      399, 84.566210, 0.8000,  55.6000,   6.6000, 0.2000,  26.3419
train,    400, 34.670946,   23,  78
train,    401, 27.563534,   19,  78
train,    402, 58.031813,   42,  78
train,    403, 7.865809,   10,  78
train,    404, 404.697759,  200,  78
train,    405, 3.867510,    8,  78
train,    406, 52.176979,   29,  78
train,    407, 5.223554,    9,  78
train,    408, 65.244655,   40,  78
train,    409, 27.826851,   20,  78
train,    410, 67.498140,   42,  78
train,    411, 13.823229,   12,  79
train,    412, -6.535028,    4,  79
train,    413, 73.017747,   41,  79
train,    414, 161.197064,  110,  79
train,    415, 236.887671,  200,  79
train,    416, 38.166306,   32,  79
train,    417, 7.290307,    9,  79
train,    418, 4.890365,    8,  79
train,    419, 506.597604,  200,  79
train,    420, 38.433459,   37,  79
train,    421, -3.763667,    5,  79
train,    422, 96.030224,   42,  79
train,    423, 21.289095,   14,  79
train,    424, 21.617203,   20,  80
val,      424, 76.940826, 0.8000,  61.4000,   5.8000, 0.0000,  25.5952
train,    425, 118.706971,   61,  80
train,    426, 1.913990,    8,  80
train,    427, 29.591875,   19,  80
train,    428, 51.825687,   40,  80
train,    429, 50.442633,   41,  80
train,    430, 461.698236,  200,  80
train,    431, 40.706437,   23,  80
train,    432, 58.159683,   37,  80
train,    433, 48.480180,   28,  80
train,    434, 62.291867,   44,  80
train,    435, -13.116487,    2,  80
train,    436, 49.788897,   30,  81
train,    437, 92.037247,   46,  81
train,    438, 14.167881,   13,  81
train,    439, 8.185820,   10,  81
train,    440, 8.605335,   13,  81
train,    441, -13.226576,    2,  81
train,    442, 28.718379,   18,  81
train,    443, 26.390716,   24,  81
train,    444, 64.661743,   43,  81
train,    445, 323.284332,  200,  81
train,    446, 33.630720,   18,  81
train,    447, 18.549069,   21,  81
train,    448, -11.512462,    3,  81
train,    449, 52.579534,   26,  82
val,      449, 88.020946, 0.8000,  65.8000,   3.8000, 0.0000,  26.2848
train,    450, 8.105565,   11,  82
train,    451, 49.348940,   28,  82
train,    452, 27.812205,   33,  82
train,    453, 282.433390,  200,  82
train,    454, 13.159975,   11,  82
train,    455, 28.490334,   19,  82
train,    456, 56.310411,   27,  82
train,    457, 92.279215,   78,  82
train,    458, 13.456699,   16,  82
train,    459, 48.638698,   40,  82
train,    460, 48.912561,   42,  82
train,    461, 75.113928,   46,  82
train,    462, 75.240775,   52,  83
train,    463, 91.963307,   44,  83
train,    464, 30.826487,   23,  83
train,    465, 143.371160,   87,  83
train,    466, 84.536531,   65,  83
train,    467, -1.075022,    9,  83
train,    468, 63.752628,   34,  83
train,    469, 49.197628,   26,  83
train,    470, 61.135260,   36,  83
train,    471, 15.038926,   13,  83
train,    472, 16.922964,   14,  83
train,    473, 90.255671,   42,  83
train,    474, 18.326994,   18,  84
val,      474, 103.685858, 1.0000,  66.2000,  11.4000, 0.0000,  25.8448
train,    475, 65.263643,   37,  84
train,    476, 23.116388,   17,  84
train,    477, -3.337702,    6,  84
train,    478, 31.283112,   24,  84
train,    479, 48.872013,   26,  84
train,    480, 36.813198,   21,  84
train,    481, 91.316658,   48,  84
train,    482, 47.850216,   28,  84
train,    483, -4.918503,    5,  84
train,    484, 69.113278,   37,  84
train,    485, 107.188983,   48,  84
train,    486, -6.935265,    5,  84
train,    487, 24.430529,   16,  84
train,    488, 314.456624,  194,  84
train,    489, 49.629596,   33,  84
train,    490, -3.810053,    6,  84
train,    491, 153.884363,  109,  84
train,    492, 19.238216,   15,  84
train,    493, 72.096283,   53,  84
train,    494, 108.157852,   74,  84
train,    495, 173.406731,  102,  84
train,    496, 25.650360,   19,  84
train,    497, 3.807105,    9,  84
train,    498, -11.652544,    3,  84
train,    499, 22.444830,   30,  84
val,      499, 95.868408, 1.0000,  58.8000,   9.8000, 0.0000,  26.5433
train,    500, 9.874583,   11,  84
train,    501, 50.998845,   30,  84
train,    502, 4.237454,    9,  84
train,    503, -3.340848,    7,  84
train,    504, 2.007033,    8,  84
train,    505, -7.742521,    4,  84
train,    506, 16.019577,   13,  84
train,    507, 99.068357,   61,  84
train,    508, 27.373506,   17,  84
train,    509, 56.477580,   37,  84
train,    510, 106.480081,   74,  84
train,    511, 119.116656,   56,  84
train,    512, 15.367230,   14,  84
train,    513, -2.017369,    6,  84
train,    514, 12.335359,   11,  84
train,    515, 34.475670,   27,  84
train,    516, 55.277631,   30,  84
train,    517, 93.917094,   48,  84
train,    518, 40.669733,   23,  84
train,    519, 13.282993,   13,  84
train,    520, 157.175965,  115,  84
train,    521, 381.337689,  200,  84
train,    522, 20.204311,   13,  84
train,    523, 39.244120,   27,  84
train,    524, 149.345209,  106,  84
val_save, 524, 183.501313, 0.6000,  94.8000,  15.6000, 0.4000,  27.5829
val,      524, 183.501313, 0.6000,  94.8000,  15.6000, 0.4000,  27.5829
train,    525, 26.635936,   18,  84
train,    526, 50.759314,   28,  84
train,    527, -7.755937,    4,  84
train,    528, 72.944790,   44,  84
train,    529, 42.237069,   27,  84
train,    530, 8.563116,   11,  84
train,    531, 27.670621,   26,  84
train,    532, 106.019403,   76,  84
train,    533, 74.523165,   51,  84
train,    534, 83.539469,   48,  84
train,    535, 19.641395,   16,  84
train,    536, 92.177395,   49,  84
train,    537, 53.341893,   34,  84
train,    538, 3.745418,    8,  84
train,    539, 36.797464,   29,  84
train,    540, 403.132465,  200,  84
train,    541, 70.971477,   45,  84
train,    542, 293.812652,  200,  84
train,    543, 117.496739,   66,  84
train,    544, 18.766438,   14,  84
train,    545, 133.808908,  112,  84
train,    546, 385.194690,  200,  84
train,    547, 23.951540,   16,  84
train,    548, 4.369588,    8,  84
train,    549, 9.062543,   11,  84
val,      549, 70.732755, 1.0000,  39.8000,   7.6000, 0.0000,  26.7616
train,    550, 9.848315,   10,  84
train,    551, -4.739042,    5,  84
train,    552, 34.389429,   20,  84
train,    553, 25.115517,   15,  84
train,    554, 175.343556,  125,  84
train,    555, 94.438146,   83,  84
train,    556, 61.050600,   33,  84
train,    557, 77.679987,   39,  84
train,    558, 47.296449,   27,  84
train,    559, 213.652500,   97,  84
train,    560, 45.975711,   21,  84
train,    561, 423.126824,  200,  84
train,    562, 45.886600,   25,  84
train,    563, 39.126963,   22,  84
train,    564, 79.801967,   36,  84
train,    565, 31.502094,   20,  84
train,    566, 52.323142,   27,  84
train,    567, -12.456281,    2,  84
train,    568, 253.042741,  200,  84
train,    569, 138.149819,  103,  84
train,    570, 103.316857,   46,  84
train,    571, 92.517900,   55,  84
train,    572, 45.419504,   32,  84
train,    573, 194.080318,   87,  84
train,    574, 1.243985,    8,  84
val,      574, 127.323162, 0.8000,  67.2000,  11.6000, 0.2000,  26.2397
train,    575, 24.680300,   19,  84
train,    576, 52.903071,   61,  84
train,    577, 278.328369,  200,  84
train,    578, 65.692184,   32,  84
train,    579, -7.129772,    7,  84
train,    580, 58.283568,   35,  84
train,    581, 3.680360,    9,  84
train,    582, 89.694107,   50,  84
train,    583, 176.296692,  131,  84
train,    584, 47.329371,   25,  84
train,    585, 91.433793,   68,  84
train,    586, 30.866708,   17,  84
train,    587, 2.039709,    9,  84
train,    588, 99.153621,   72,  84
train,    589, 107.046197,   77,  84
train,    590, 36.826186,   50,  84
train,    591, 31.487714,   31,  84
train,    592, 2.503246,    7,  84
train,    593, 96.588674,   46,  84
train,    594, 10.811459,   11,  84
train,    595, 2.314507,    8,  84
train,    596, 95.916155,   48,  84
train,    597, 20.175628,   16,  84
train,    598, 24.913823,   23,  84
train,    599, 27.237868,   25,  84
val,      599, 22.811085, 1.0000,  18.2000,   5.4000, 0.0000,  26.9331
train,    600, 143.531943,   67,  84
train,    601, 28.887876,   16,  84
train,    602, -4.498482,    6,  84
train,    603, 279.751623,  200,  84
train,    604, 44.260964,   24,  84
train,    605, 2.152724,    8,  84
train,    606, 327.303312,  200,  84
train,    607, 33.309928,   22,  84
train,    608, 50.677904,   29,  84
train,    609, 54.196915,   31,  84
train,    610, 159.964262,   68,  84
train,    611, 84.703600,   37,  84
train,    612, 23.412773,   15,  84
train,    613, 33.981977,   37,  84
train,    614, -4.695256,    6,  84
train,    615, 30.270339,   19,  84
train,    616, 5.109384,    8,  84
train,    617, 47.580528,   30,  84
train,    618, 82.373166,   47,  84
train,    619, 65.316225,   38,  84
train,    620, -1.533791,    6,  84
train,    621, 85.431086,   40,  84
train,    622, 56.314717,   27,  84
train,    623, -0.165450,    6,  84
train,    624, 217.904113,  200,  84
val_save, 624, 181.661259, 0.6000,  99.6000,  13.2000, 0.4000,  26.2372
val,      624, 181.661259, 0.6000,  99.6000,  13.2000, 0.4000,  26.2372
train,    625, 65.619059,   36,  84
train,    626, 27.730362,   21,  84
train,    627, 50.131921,   25,  84
train,    628, 316.178861,  200,  84
train,    629, 107.119138,   76,  84
train,    630, 281.271090,  117,  84
train,    631, 97.386365,   54,  84
train,    632, -4.182354,    5,  84
train,    633, 15.650444,   12,  84
train,    634, 135.715529,  116,  84
train,    635, 15.277917,   12,  84
train,    636, 58.590270,   47,  84
train,    637, 51.179879,   22,  84
train,    638, 20.033328,   14,  84
train,    639, 20.997384,   19,  84
train,    640, 87.030867,   50,  84
train,    641, 17.002954,   15,  84
train,    642, 14.552751,   13,  84
train,    643, 114.453432,   74,  84
train,    644, 185.243628,  189,  84
train,    645, 70.803179,   34,  84
train,    646, 110.529938,   68,  84
train,    647, 9.146108,   11,  84
train,    648, 58.969030,   52,  84
train,    649, 57.340300,   28,  84
val,      649, 102.813860, 0.8000,  65.6000,   8.4000, 0.2000,  26.7211
train,    650, 83.687678,   40,  84
train,    651, 70.133135,   31,  84
train,    652, 5.894681,   10,  84
train,    653, 8.851601,   14,  84
train,    654, 24.026178,   14,  84
train,    655, -1.819231,    6,  84
train,    656, 80.672098,   42,  84
train,    657, 473.468204,  200,  84
train,    658, 22.901214,   17,  84
train,    659, 124.877423,   70,  84
train,    660, 7.302480,   10,  84
train,    661, 11.768369,   10,  84
train,    662, 129.327675,   67,  84
train,    663, 131.612740,  108,  84
train,    664, -5.620701,    5,  84
train,    665, 91.396047,   48,  84
train,    666, 115.573462,   49,  84
train,    667, 39.346409,   23,  84
train,    668, 8.398599,   11,  84
train,    669, 51.277023,   30,  84
train,    670, -3.943289,    6,  84
train,    671, 10.059246,    9,  84
train,    672, 31.156339,   17,  84
train,    673, 110.027221,  120,  84
train,    674, 81.944089,   39,  84
val,      674, 64.630862, 0.8000,  54.6000,   3.2000, 0.0000,  26.5076
train,    675, 14.891487,   12,  84
train,    676, 15.738476,   15,  84
train,    677, 35.138989,   21,  84
train,    678, 30.970860,   18,  84
train,    679, 35.758846,   18,  84
train,    680, 58.509993,   37,  84
train,    681, 25.251666,   16,  84
train,    682, 4.588354,    8,  84
train,    683, 103.465502,   52,  84
train,    684, 2.604567,    9,  84
train,    685, 45.488348,   22,  84
train,    686, 16.903473,   13,  84
train,    687, 2.039911,   10,  84
train,    688, 28.142885,   17,  84
train,    689, 21.831886,   15,  84
train,    690, 131.869601,   75,  84
train,    691, 0.279890,    7,  84
train,    692, 157.033342,   72,  84
train,    693, 16.585759,   12,  84
train,    694, 177.003335,   86,  84
train,    695, 0.809895,    8,  84
train,    696, -3.472610,    6,  84
train,    697, 3.066515,    9,  84
train,    698, 89.011573,   77,  84
train,    699, 281.037989,  200,  84
val,      699, 100.441598, 0.6000,  95.4000,   5.2000, 0.0000,  25.1914
train,    700, 5.731621,   10,  84
train,    701, 8.466913,   11,  84
train,    702, -5.553507,    5,  84
train,    703, 92.672006,   47,  84
train,    704, 19.514418,   14,  84
train,    705, 32.066024,   21,  84
train,    706, 85.972752,   46,  84
train,    707, 66.623853,   42,  84
train,    708, -0.172943,    7,  84
train,    709, 25.765101,   21,  84
train,    710, -4.469845,    7,  84
train,    711, 24.266206,   37,  84
train,    712, 27.377733,   18,  84
train,    713, 20.475386,   14,  84
train,    714, 17.479555,   12,  84
train,    715, 97.704089,   44,  84
train,    716, 21.282067,   20,  84
train,    717, 459.921118,  200,  84
train,    718, 124.651078,   52,  84
train,    719, 77.209064,   45,  84
train,    720, 96.972533,   54,  84
train,    721, 26.660464,   18,  84
train,    722, 10.003545,    9,  84
train,    723, 135.861333,   78,  84
train,    724, -7.284384,    5,  84
val,      724, 70.300802, 0.8000,  56.6000,   7.2000, 0.0000,  26.3900
train,    725, 29.107256,   18,  84
train,    726, 3.036000,    9,  84
train,    727, 103.199810,   61,  84
train,    728, 285.387047,  200,  84
train,    729, 40.584677,   30,  84
train,    730, 43.628085,   27,  84
train,    731, 82.208347,   38,  84
train,    732, -8.005509,    5,  84
train,    733, 13.847192,   15,  84
train,    734, 11.442853,   10,  84
train,    735, 41.426270,   25,  84
train,    736, 81.251064,   45,  84
train,    737, 275.106048,  199,  84
train,    738, 38.162689,   25,  84
train,    739, 14.997045,   12,  84
train,    740, 213.048746,  200,  84
train,    741, 46.803532,   47,  84
train,    742, 66.398603,   35,  84
train,    743, 44.138063,   23,  84
train,    744, 12.797247,   13,  84
train,    745, 174.827846,   69,  84
train,    746, 28.743035,   20,  84
train,    747, 26.729242,   17,  84
train,    748, 3.496067,    9,  84
train,    749, -4.442575,    7,  84
val_save, 749, 152.168513, 0.6000,  91.2000,  13.0000, 0.4000,  26.4673
val,      749, 152.168513, 0.6000,  91.2000,  13.0000, 0.4000,  26.4673
train,    750, 45.397330,   25,  84
train,    751, 52.469168,   35,  84
train,    752, 10.946019,    9,  84
train,    753, 70.388558,   56,  84
train,    754, 60.256511,   32,  84
train,    755, 39.392130,   22,  84
train,    756, 99.635290,   63,  84
train,    757, 20.007079,   19,  84
train,    758, 8.378780,   11,  84
train,    759, 248.449103,  200,  84
train,    760, 54.254683,   39,  84
train,    761, 134.945709,  109,  84
train,    762, 46.617873,   26,  84
train,    763, 54.136363,   29,  84
train,    764, -0.733925,    6,  84
train,    765, 70.943850,   34,  84
train,    766, 111.440897,   50,  84
train,    767, 10.500688,   13,  84
train,    768, 12.751263,   13,  84
train,    769, 142.908889,   67,  84
train,    770, 14.008300,   17,  84
train,    771, 43.912921,   23,  84
train,    772, 41.062863,   23,  84
train,    773, 93.628915,   56,  84
train,    774, 331.596582,  200,  84
val,      774, 85.123857, 1.0000,  60.8000,   9.2000, 0.0000,  25.0992
train,    775, 73.158794,   36,  84
train,    776, 8.488570,   19,  84
train,    777, 106.002898,   53,  84
train,    778, 4.040575,    8,  84
train,    779, 34.403075,   17,  84
train,    780, -12.380762,    2,  84
train,    781, 26.938651,   20,  84
train,    782, 256.574248,  200,  84
train,    783, 24.775157,   17,  84
train,    784, 33.593363,   20,  84
train,    785, 105.173976,   74,  84
train,    786, 40.603320,   23,  84
train,    787, -13.090450,    2,  84
train,    788, 26.324551,   22,  84
train,    789, 29.947324,   18,  84
train,    790, 7.968654,    9,  84
train,    791, 198.544428,  200,  84
train,    792, 7.526030,   11,  84
train,    793, 0.260209,    7,  84
train,    794, 0.171588,    7,  84
train,    795, 0.177040,    8,  84
train,    796, 53.270197,   37,  84
train,    797, 274.478235,  200,  84
train,    798, -2.924424,    7,  84
train,    799, -7.287068,    5,  84
val,      799, 59.291218, 1.0000,  45.0000,   6.0000, 0.0000,  24.4618
train,    800, 14.485191,   10,  84
train,    801, 19.826809,   13,  84
train,    802, 5.762054,   10,  84
train,    803, 6.438119,    9,  84
train,    804, 39.790146,   27,  84
train,    805, -3.013081,    6,  84
train,    806, 90.711837,   49,  84
train,    807, 19.587505,   15,  84
train,    808, 73.435846,   43,  84
train,    809, 46.164455,   45,  84
train,    810, 11.801164,   12,  84
train,    811, 20.299450,   18,  84
train,    812, 145.409399,   85,  84
train,    813, 64.836605,   28,  84
train,    814, 36.990357,   22,  84
train,    815, 74.531298,   34,  84
train,    816, 16.090190,   12,  84
train,    817, 19.925098,   16,  84
train,    818, 27.579822,   18,  84
train,    819, 250.908929,  140,  84
train,    820, -8.267629,    5,  84
train,    821, 25.090789,   20,  84
train,    822, -1.915983,    5,  84
train,    823, -1.767472,    6,  84
train,    824, 25.986203,   15,  84
val,      824, 129.899137, 0.8000,  69.2000,  10.4000, 0.2000,  26.7433
train,    825, 21.320711,   21,  84
train,    826, 17.304998,   11,  84
train,    827, 329.970887,  200,  84
train,    828, 6.420308,    8,  84
train,    829, 87.205534,   87,  84
train,    830, 49.824974,   29,  84
train,    831, 154.304405,  120,  84
train,    832, 9.633117,   10,  84
train,    833, 59.802974,   35,  84
train,    834, 318.680724,  200,  84
train,    835, 25.198767,   17,  84
train,    836, 54.724060,   30,  84
train,    837, 27.162141,   20,  84
train,    838, 277.427131,  200,  84
train,    839, 13.299785,   12,  84
train,    840, 135.394156,  124,  84
train,    841, 55.120773,   34,  84
train,    842, 173.460153,  136,  84
train,    843, 0.850174,    8,  84
train,    844, 51.543287,   41,  84
train,    845, -1.509046,    7,  84
train,    846, 53.297613,   27,  84
train,    847, 179.556698,   98,  84
train,    848, 67.747455,   40,  84
train,    849, 110.868048,   50,  84
val,      849, 102.124959, 0.8000,  55.4000,  10.8000, 0.2000,  25.6060
train,    850, 69.301202,   53,  84
train,    851, 306.712591,  200,  84
train,    852, 45.226694,   22,  84
train,    853, 166.256925,   87,  84
train,    854, 16.600560,   13,  84
train,    855, 9.985543,   10,  84
train,    856, 18.873329,   15,  84
train,    857, 488.142639,  200,  84
train,    858, 22.085111,   17,  84
train,    859, 6.748395,    9,  84
train,    860, 2.865666,   11,  84
train,    861, 244.103025,  200,  84
train,    862, 336.734146,  200,  84
train,    863, 12.480659,   13,  84
train,    864, 157.106629,   89,  84
train,    865, 276.985354,  200,  84
train,    866, 75.059221,   41,  84
train,    867, 48.452150,   23,  84
train,    868, 26.603565,   21,  84
train,    869, 61.550872,   44,  84
train,    870, 56.105249,   56,  84
train,    871, 14.855162,   13,  84
train,    872, 91.240236,   51,  84
train,    873, -3.635153,    7,  84
train,    874, 18.691584,   12,  84
val,      874, 40.485541, 1.0000,  29.8000,   4.8000, 0.0000,  25.9198
train,    875, 33.081218,   30,  84
train,    876, 67.952054,   36,  84
train,    877, 69.463198,   37,  84
train,    878, 106.767678,   55,  84
train,    879, 165.620219,   94,  84
train,    880, 3.694607,    9,  84
train,    881, 87.676306,   61,  84
train,    882, -12.331840,    2,  84
train,    883, 101.142230,   76,  84
train,    884, 25.469083,   14,  84
train,    885, 78.185828,   38,  84
train,    886, 17.733116,   18,  84
train,    887, 28.664369,   23,  84
train,    888, 69.598817,   36,  84
train,    889, 30.399588,   22,  84
train,    890, 377.775978,  200,  84
train,    891, 344.348284,  200,  84
train,    892, 54.543324,   32,  84
train,    893, 0.471996,    7,  84
train,    894, 21.239088,   20,  84
train,    895, 16.711934,   14,  84
train,    896, 441.702202,  200,  84
train,    897, 43.531822,   24,  84
train,    898, 63.400235,   27,  84
train,    899, 11.527713,   11,  84
val,      899, 32.250073, 1.0000,  20.6000,   3.8000, 0.0000,  27.7628
train,    900, -6.269014,    4,  84
train,    901, 183.251626,  129,  84
