init,     2026-04-13 00:47:21.410099
arguments,Namespace(PPO_epochs=4, alg='ppo', cuda=0, entropy=0.3, eps_clip=0.15, gamma=0.994, gymip_train_xml='inverted_pendulum_ChangeThk_0.050000.xml', hid_group_num=8, hid_group_size=8, hidden_num=64, ignore_checkpoint=False, lr=0.0007, model='rwtaspk', monitor_time=False, optimizer='rmsprop', rep=13071, response_window=40, road_scenario='highway', rwta_del_connection='none', skip_post_tests=True, snn_num_steps=15, task='gymip', thread=-1, traffic_level='standard', train_num=5000)
profile,  lr->0.0007; gamma->0.994; entropy->0.3; PPO_epochs->4; eps_clip->0.15
model_dir,/root/autodl-tmp/SVPG2023/LANE/training_runs/baseline/highway_standard/models
log_dir,  /root/autodl-tmp/SVPG2023/LANE/training_runs/baseline/highway_standard/logs
train,    1, -13.166432,    2,  24
train,    2, 1.927745,    5,  24
train,    3, 8.631862,    6,  24
train,    4, -22.236732,   10,  24
train,    5, -5.629533,    6,  24
train,    6, -10.200482,    4,  25
train,    7, -12.557258,    2,  25
train,    8, 26.205012,   12,  25
train,    9, 13.726254,    9,  25
train,    10, 22.845355,   10,  25
train,    11, -1.591229,    4,  25
train,    12, -79.881848,   92,  25
train,    13, 36.300364,   57,  25
train,    14, -9.046715,    2,  25
train,    15, 34.004919,   11,  25
train,    16, -13.320746,    2,  25
train,    17, 49.424284,   26,  26
train,    18, 12.333627,    8,  26
train,    19, -13.037527,    3,  26
train,    20, -17.624396,  108,  26
train,    21, 116.526446,   48,  26
train,    22, 542.733186,  118,  26
train,    23, 32.533175,   12,  26
train,    24, 25.759947,   12,  26
val_save, 24, -10.911744, 1.0000,   2.8000,   0.0000, 0.0000,  25.6255
val,      24, -10.911744, 1.0000,   2.8000,   0.0000, 0.0000,  25.6255
train,    25, -13.357585,    2,  26
train,    26, 4.620991,    6,  26
train,    27, -12.575574,    2,  26
train,    28, -13.586350,    2,  27
train,    29, 43.011893,   14,  27
train,    30, -12.236552,    2,  27
train,    31, 26.601614,   11,  27
train,    32, -12.571489,    2,  27
train,    33, 17.253923,   10,  27
train,    34, -12.567264,    2,  27
train,    35, 5.139453,    5,  27
train,    36, 17.047590,    8,  27
train,    37, 47.975660,   12,  27
train,    38, 47.916064,   13,  28
train,    39, -13.566878,    2,  28
train,    40, -13.402365,    2,  28
train,    41, -12.051847,    2,  28
train,    42, 19.475564,    6,  28
train,    43, 59.593403,   15,  28
train,    44, 20.427820,   16,  28
train,    45, 5.525543,    5,  28
train,    46, 145.759514,   33,  28
train,    47, -9.061359,    2,  28
train,    48, -12.575612,    2,  28
train,    49, 26.721162,   10,  29
val_save, 49, -7.834222, 1.0000,   3.6000,   0.0000, 0.0000,  26.7414
val,      49, -7.834222, 1.0000,   3.6000,   0.0000, 0.0000,  26.7414
train,    50, -4.566936,    5,  29
train,    51, 51.669248,   14,  29
train,    52, 82.190218,   18,  29
train,    53, 58.808782,   14,  29
train,    54, 48.043487,   15,  29
train,    55, -12.196566,    2,  29
train,    56, 14.912451,    8,  29
train,    57, 56.993234,   13,  29
train,    58, -13.528067,    2,  29
train,    59, 35.756208,   12,  29
train,    60, 45.983502,   14,  30
train,    61, 8.814487,    6,  30
train,    62, 82.555960,   18,  30
train,    63, -13.386068,    2,  30
train,    64, 3.601639,    7,  30
train,    65, 56.064948,   16,  30
train,    66, -12.268281,    2,  30
train,    67, 58.533352,   15,  30
train,    68, -5.077184,    5,  30
train,    69, 278.417566,   66,  30
train,    70, -13.345084,    2,  30
train,    71, 56.078438,   15,  31
train,    72, 390.524087,  150,  31
train,    73, -13.500621,    2,  31
train,    74, -8.214753,    4,  31
val,      74, -10.182166, 1.0000,   3.0000,   0.0000, 0.0000,  26.5295
train,    75, 42.394860,   12,  31
train,    76, -12.213878,    2,  31
train,    77, 53.756576,   13,  31
train,    78, -12.248986,    2,  31
train,    79, -13.366059,    2,  31
train,    80, 219.112710,   45,  31
train,    81, -13.372846,    2,  31
train,    82, -5.300689,    5,  32
train,    83, -5.767234,    5,  32
train,    84, 94.378404,   16,  32
train,    85, -13.021769,    2,  32
train,    86, -12.241242,    2,  32
train,    87, -12.683662,    2,  32
train,    88, 88.002418,   23,  32
train,    89, -13.026397,    2,  32
train,    90, -12.203828,    2,  32
train,    91, -8.709546,    4,  32
train,    92, -3.465949,    5,  32
train,    93, 45.945397,   13,  33
train,    94, 90.597624,   18,  33
train,    95, -13.001275,    2,  33
train,    96, -13.495072,    2,  33
train,    97, 18.522028,    9,  33
train,    98, -13.392986,    2,  33
train,    99, 2.381322,    5,  33
val,      99, -11.743008, 1.0000,   2.6000,   0.0000, 0.0000,  25.4854
train,    100, 41.970152,   11,  33
train,    101, 43.484139,   14,  33
train,    102, -0.692958,    6,  33
train,    103, -13.325655,    2,  34
train,    104, -13.368388,    2,  34
train,    105, 113.491522,   19,  34
train,    106, -12.277690,    2,  34
train,    107, -12.968464,    2,  34
train,    108, -12.991949,    2,  34
train,    109, -13.345758,    2,  34
train,    110, -13.357759,    2,  34
train,    111, -1.897644,    6,  34
train,    112, -12.014339,    2,  34
train,    113, 45.096103,   14,  34
train,    114, -13.377717,    2,  35
train,    115, -13.333241,    2,  35
train,    116, -12.182729,    2,  35
train,    117, -12.597165,    2,  35
train,    118, -12.975380,    2,  35
train,    119, 3.467741,    6,  35
train,    120, 138.265976,   24,  35
train,    121, -13.347671,    2,  35
train,    122, -12.258631,    2,  35
train,    123, -13.356187,    2,  35
train,    124, -13.393507,    2,  35
val_save, 124, -0.344445, 1.0000,   5.6000,   0.0000, 0.0000,  26.3259
val,      124, -0.344445, 1.0000,   5.6000,   0.0000, 0.0000,  26.3259
train,    125, -3.454443,    5,  36
train,    126, -11.203993,    2,  36
train,    127, -12.223354,    2,  36
train,    128, 5.149563,    7,  36
train,    129, -13.427289,    2,  36
train,    130, -12.979658,    2,  36
train,    131, 19.179522,   10,  36
train,    132, -13.006046,    2,  36
train,    133, -13.508828,    2,  36
train,    134, 89.245641,   22,  36
train,    135, 50.416453,   11,  36
train,    136, -12.255054,    2,  37
train,    137, -3.788303,    4,  37
train,    138, -12.276268,    2,  37
train,    139, 49.654010,   27,  37
train,    140, -12.568023,    2,  37
train,    141, 0.822081,    5,  37
train,    142, -13.373015,    2,  37
train,    143, -13.362192,    2,  37
train,    144, -12.581082,    2,  37
train,    145, -12.273081,    2,  37
train,    146, -13.341185,    2,  37
train,    147, -13.318373,    2,  38
train,    148, -12.975646,    2,  38
train,    149, 68.157162,   18,  38
val,      149, -3.917547, 1.0000,   4.2000,   0.0000, 0.0000,  25.1038
train,    150, -12.073605,    2,  38
train,    151, -12.567478,    2,  38
train,    152, -12.220745,    2,  38
train,    153, 6.282569,    7,  38
train,    154, 54.536179,   17,  38
train,    155, -6.932680,    4,  38
train,    156, -13.345150,    2,  38
train,    157, -12.582836,    2,  38
train,    158, -13.516214,    2,  39
train,    159, 175.220704,   29,  39
train,    160, 82.896703,   16,  39
train,    161, -4.577926,    5,  39
train,    162, -13.357584,    2,  39
train,    163, -1.524634,    5,  39
train,    164, -13.006595,    2,  39
train,    165, -13.338122,    2,  39
train,    166, 119.868644,   22,  39
train,    167, -13.003022,    2,  39
train,    168, -5.133090,    5,  40
train,    169, -13.370476,    2,  40
train,    170, -13.359798,    2,  40
train,    171, -12.038226,    2,  40
train,    172, -13.376447,    2,  40
train,    173, -4.201295,    5,  40
train,    174, -13.362177,    2,  40
val,      174, -13.333458, 1.0000,   2.0000,   0.0000, 0.0000,  23.9971
train,    175, 17.105687,    8,  40
train,    176, 138.814612,   27,  40
train,    177, 37.797808,   13,  40
train,    178, -13.504941,    2,  40
train,    179, -3.492934,    5,  41
train,    180, -13.349930,    2,  41
train,    181, -0.861699,    6,  41
train,    182, 53.662790,   15,  41
train,    183, 199.801888,   37,  41
train,    184, -13.361864,    2,  41
train,    185, -13.331840,    2,  41
train,    186, -12.570006,    2,  41
train,    187, -13.346295,    2,  41
train,    188, -13.335215,    2,  41
train,    189, -0.189237,    5,  41
train,    190, -13.568028,    2,  42
train,    191, -13.524035,    2,  42
train,    192, 40.152185,   13,  42
train,    193, -6.072490,    4,  42
train,    194, -13.361110,    2,  42
train,    195, -13.399677,    2,  42
train,    196, -11.206773,    2,  42
train,    197, -2.837646,    4,  42
train,    198, -6.615314,    5,  42
train,    199, 96.127922,   19,  42
val,      199, -12.969745, 1.0000,   2.0000,   0.0000, 0.0000,  25.6338
train,    200, -13.402620,    2,  42
resume,   2026-04-13 01:01:00.449230
train,    201, -12.980456,    2,  43
train,    202, -5.518870,    5,  43
train,    203, -13.354812,    2,  43
train,    204, -13.396775,    2,  43
train,    205, -13.402963,    2,  43
train,    206, -13.600990,    2,  43
train,    207, -2.668089,    4,  43
train,    208, -13.526054,    2,  43
train,    209, -13.511434,    2,  43
train,    210, 0.830749,    5,  43
train,    211, -12.990843,    2,  43
train,    212, -13.421718,    2,  44
train,    213, -12.192666,    2,  44
train,    214, -13.382059,    2,  44
train,    215, 100.274916,   24,  44
train,    216, -0.328098,    5,  44
train,    217, -12.559111,    2,  44
train,    218, -12.584282,    2,  44
train,    219, 51.660917,   15,  44
train,    220, -3.186327,    5,  44
train,    221, 7.746033,    7,  44
train,    222, -12.048028,    2,  44
train,    223, -13.348688,    2,  45
train,    224, -13.009282,    2,  45
val_save, 224, 22.893995, 1.0000,   8.6000,   0.0000, 0.0000,  28.0142
val,      224, 22.893995, 1.0000,   8.6000,   0.0000, 0.0000,  28.0142
train,    225, -12.983243,    2,  45
train,    226, 148.517191,   31,  45
train,    227, -17.059435,    4,  45
train,    228, 22.862389,  108,  45
train,    229, 133.304724,   24,  45
train,    230, 85.439145,   15,  45
train,    231, -13.524532,    2,  45
train,    232, -13.550096,    2,  45
train,    233, -12.251120,    2,  46
train,    234, -13.346753,    2,  46
train,    235, -12.995266,    2,  46
train,    236, -13.405281,    2,  46
train,    237, -12.026421,    2,  46
train,    238, -13.346969,    2,  46
train,    239, -13.372452,    2,  46
train,    240, -13.550374,    2,  46
train,    241, -13.408733,    2,  46
train,    242, -12.051239,    2,  46
train,    243, -13.971631,    2,  46
train,    244, 76.641238,   19,  47
train,    245, -13.499908,    2,  47
train,    246, -13.360904,    2,  47
train,    247, -12.554576,    2,  47
train,    248, -13.354856,    2,  47
train,    249, -13.011577,    2,  47
val,      249, -12.564132, 1.0000,   2.0000,   0.0000, 0.0000,  22.0293
train,    250, -13.369806,    2,  47
train,    251, 14.221771,    7,  47
train,    252, -6.769894,    5,  47
train,    253, -12.591401,    2,  47
train,    254, -13.572025,    2,  47
train,    255, -13.380207,    2,  48
train,    256, -12.999794,    2,  48
train,    257, -10.281204,    2,  48
train,    258, -12.041677,    2,  48
train,    259, -12.541350,    2,  48
train,    260, -13.345389,    2,  48
train,    261, -1.547579,    5,  48
train,    262, -13.025276,    2,  48
train,    263, 66.460847,   19,  48
train,    264, -3.235394,    5,  48
train,    265, -3.298297,    6,  48
train,    266, -12.558284,    2,  48
train,    267, -13.389650,    2,  48
train,    268, -12.988077,    2,  48
train,    269, 24.230345,    9,  48
train,    270, -13.522486,    2,  48
train,    271, -8.259661,    6,  48
train,    272, 21.374437,    9,  48
train,    273, -12.975245,    2,  48
train,    274, -13.517843,    2,  48
val,      274, -9.550690, 1.0000,   3.0000,   0.0000, 0.0000,  25.1741
train,    275, -12.220646,    2,  48
train,    276, -12.248033,    2,  48
train,    277, 80.709632,   17,  48
train,    278, -12.980790,    2,  48
train,    279, -11.828125,    2,  48
train,    280, -1.653374,    5,  48
train,    281, -13.378288,    2,  48
train,    282, -13.558487,    2,  48
train,    283, 0.776754,    6,  48
train,    284, 18.286276,    8,  48
train,    285, -0.414918,    5,  48
train,    286, -12.237647,    2,  48
train,    287, 5.010601,    6,  48
train,    288, -12.763983,    2,  48
train,    289, -12.176259,    2,  48
train,    290, -13.335249,    2,  48
train,    291, -13.365882,    2,  48
train,    292, -13.362093,    2,  48
train,    293, -12.043846,    2,  48
train,    294, -13.370312,    2,  48
train,    295, -1.080247,    4,  48
train,    296, -5.118606,    5,  48
train,    297, -13.590310,    2,  48
train,    298, -12.195844,    2,  48
train,    299, -5.355326,    5,  48
val,      299, -11.256279, 1.0000,   2.6000,   0.0000, 0.0000,  24.3156
train,    300, -3.245902,    5,  48
train,    301, -13.370572,    2,  48
train,    302, -12.579808,    2,  48
train,    303, -13.542923,    2,  48
train,    304, -12.196477,    2,  48
train,    305, -12.225750,    2,  48
train,    306, -12.253402,    2,  48
train,    307, -13.395474,    2,  48
train,    308, -12.987038,    2,  48
train,    309, -11.177319,    2,  48
train,    310, -12.278608,    2,  48
train,    311, -3.019532,    6,  48
train,    312, -12.409242,    2,  48
train,    313, -12.200254,    2,  48
train,    314, -6.749153,   10,  48
train,    315, -13.336422,    2,  48
train,    316, 8.924605,    8,  48
train,    317, -13.594927,    2,  48
train,    318, -13.376127,    2,  48
train,    319, -12.579724,    2,  48
train,    320, 69.132159,   17,  48
train,    321, -12.250409,    2,  48
train,    322, 93.182127,   19,  48
train,    323, -13.577952,    2,  48
train,    324, -3.046050,    6,  48
val,      324, -7.861470, 1.0000,   3.2000,   0.0000, 0.0000,  23.9200
train,    325, -12.237605,    2,  48
train,    326, -12.952530,    2,  48
train,    327, 95.731376,   19,  48
train,    328, -2.720531,    5,  48
train,    329, -13.372505,    2,  48
train,    330, -12.053533,    2,  48
train,    331, 53.262247,   15,  48
train,    332, -13.540968,    2,  48
train,    333, -2.421418,    5,  48
train,    334, -13.553940,    2,  48
train,    335, 70.279962,   19,  48
train,    336, -12.264061,    2,  48
train,    337, -13.359720,    2,  48
train,    338, -13.381239,    2,  48
train,    339, -13.582981,    2,  48
train,    340, -6.094670,    4,  48
train,    341, -3.178040,    6,  48
train,    342, -13.357105,    2,  48
train,    343, -5.805010,    4,  48
train,    344, -12.330765,    2,  48
train,    345, -12.571483,    2,  48
train,    346, 50.257153,   15,  48
train,    347, -13.577803,    2,  48
train,    348, -13.307870,    2,  48
train,    349, -12.578230,    2,  48
val,      349, -11.345720, 1.0000,   2.6000,   0.0000, 0.0000,  25.1875
train,    350, -13.339481,    2,  48
train,    351, -5.131497,    5,  48
train,    352, -12.985253,    2,  48
train,    353, -12.235827,    2,  48
train,    354, -3.823035,    5,  48
train,    355, -3.174330,    5,  48
train,    356, -33.307857,   78,  48
train,    357, -13.356103,    2,  48
train,    358, 10.627957,    8,  48
train,    359, -12.204882,    2,  48
train,    360, 9.929286,    7,  48
train,    361, -14.152106,    2,  48
train,    362, -11.201985,    2,  48
train,    363, -12.158047,    2,  48
train,    364, -13.368840,    2,  48
train,    365, -13.336810,    2,  48
train,    366, 24.702098,   10,  48
train,    367, -13.357045,    2,  48
train,    368, -13.361781,    2,  48
train,    369, -12.243271,    2,  48
train,    370, 20.311435,    8,  48
train,    371, -12.314200,    2,  48
train,    372, -12.719727,    2,  48
train,    373, -12.549537,    2,  48
train,    374, -12.028150,    2,  48
val,      374, -13.256789, 1.0000,   2.0000,   0.0000, 0.0000,  24.3943
train,    375, -13.595544,    2,  48
train,    376, -13.379208,    2,  48
train,    377, -13.406859,    2,  48
train,    378, -12.973374,    2,  48
train,    379, -13.380805,    2,  48
train,    380, -13.541133,    2,  48
train,    381, 69.220524,   53,  48
train,    382, -13.509491,    2,  48
train,    383, -12.045359,    2,  48
train,    384, -12.192805,    2,  48
train,    385, -12.975023,    2,  48
train,    386, -13.325469,    2,  48
train,    387, -12.043653,    2,  48
train,    388, -12.959293,    2,  48
train,    389, -12.569381,    2,  48
train,    390, -13.535335,    2,  48
train,    391, -13.351178,    2,  48
train,    392, -6.819223,    5,  48
train,    393, -6.710432,    5,  48
train,    394, 26.436326,   11,  48
train,    395, 1.854094,    6,  48
train,    396, -1.694326,    5,  48
train,    397, -5.119342,    5,  48
train,    398, -2.187495,    6,  48
train,    399, -13.304334,    2,  48
val,      399, 2.648020, 1.0000,   5.2000,   0.0000, 0.0000,  26.7469
train,    400, -12.210027,    2,  48
train,    401, 65.557254,   17,  48
train,    402, -12.979671,    2,  48
train,    403, -13.332997,    2,  48
train,    404, -13.309464,    2,  48
train,    405, -12.037631,    2,  48
train,    406, -1.458871,    6,  48
train,    407, -1.586196,    6,  48
train,    408, -1.832850,    6,  48
train,    409, -13.016858,    2,  48
train,    410, -3.245440,    6,  48
train,    411, 10.419509,    7,  48
train,    412, -13.385696,    2,  48
train,    413, -12.250361,    2,  48
train,    414, 33.912883,   27,  48
train,    415, -12.991564,    2,  48
train,    416, 8.485161,    7,  48
train,    417, -12.207107,    2,  48
train,    418, -13.393830,    2,  48
train,    419, -12.979656,    2,  48
train,    420, -6.143286,    5,  48
train,    421, -13.422118,    2,  48
train,    422, -12.234705,    2,  48
train,    423, -12.582586,    2,  48
train,    424, -12.251999,    2,  48
val,      424, -7.801563, 1.0000,   3.8000,   0.0000, 0.0000,  26.7558
train,    425, -13.386921,    2,  48
train,    426, -13.009219,    2,  48
train,    427, -13.510992,    2,  48
train,    428, -12.232949,    2,  48
train,    429, 26.314886,   12,  48
train,    430, -12.051812,    2,  48
train,    431, -13.373819,    2,  48
train,    432, 80.529028,   20,  48
train,    433, -12.586927,    2,  48
train,    434, 55.579259,   14,  48
train,    435, -2.200317,    6,  48
train,    436, -13.416874,    2,  48
train,    437, -13.361247,    2,  48
train,    438, -12.343042,    2,  48
train,    439, -12.027958,    2,  48
train,    440, -13.348643,    2,  48
train,    441, -12.360042,    2,  48
train,    442, 77.069937,   20,  48
train,    443, -13.355925,    2,  48
train,    444, -13.340315,    2,  48
train,    445, 10.763618,    8,  48
train,    446, -12.590176,    2,  48
train,    447, -12.554233,    2,  48
train,    448, -13.344480,    2,  48
train,    449, -13.335492,    2,  48
val,      449, -8.552643, 1.0000,   3.2000,   0.0000, 0.0000,  24.9096
train,    450, -12.955159,    2,  48
train,    451, -3.279215,    5,  48
train,    452, -13.338684,    2,  48
train,    453, -12.037077,    2,  48
train,    454, -3.138539,    6,  48
train,    455, -12.553969,    2,  48
train,    456, -12.039694,    2,  48
train,    457, -13.317366,    2,  48
train,    458, -13.547754,    2,  48
train,    459, -13.355371,    2,  48
train,    460, -8.345434,    4,  48
train,    461, -13.491350,    2,  48
train,    462, -13.003449,    2,  48
train,    463, -12.795362,    2,  48
train,    464, -7.730910,    4,  48
train,    465, -1.530365,    5,  48
train,    466, -3.811926,    4,  48
train,    467, -5.776220,    5,  48
train,    468, -12.985366,    2,  48
train,    469, -12.580074,    2,  48
train,    470, -12.217014,    2,  48
train,    471, 31.413644,   12,  48
train,    472, -13.329052,    2,  48
train,    473, 56.788218,   16,  48
train,    474, -13.344200,    2,  48
val,      474, -12.797326, 1.0000,   2.0000,   0.0000, 0.0000,  23.2674
train,    475, 40.969463,   12,  48
train,    476, -13.421709,    2,  48
train,    477, -13.375941,    2,  48
train,    478, 3.054111,    6,  48
train,    479, -13.001393,    2,  48
train,    480, -13.387486,    2,  48
train,    481, -12.187732,    2,  48
train,    482, -12.173505,    2,  48
train,    483, 19.562803,    9,  48
train,    484, -13.314586,    2,  48
train,    485, -12.581991,    2,  48
train,    486, -5.360815,    5,  48
train,    487, 70.870394,   19,  48
train,    488, -12.261792,    2,  48
train,    489, -13.000318,    2,  48
train,    490, -13.563895,    2,  48
train,    491, -12.020875,    2,  48
train,    492, -13.347599,    2,  48
train,    493, -12.313724,    2,  48
train,    494, -12.557679,    2,  48
train,    495, -13.007981,    2,  48
train,    496, -13.490570,    2,  48
train,    497, -12.211076,    2,  48
train,    498, -4.087528,    5,  48
train,    499, -13.357253,    2,  48
val,      499, -13.083612, 1.0000,   2.0000,   0.0000, 0.0000,  24.9136
train,    500, -13.346773,    2,  48
train,    501, -5.056686,    5,  48
train,    502, -13.530703,    2,  48
train,    503, -12.576433,    2,  48
train,    504, -1.626966,    5,  48
train,    505, -13.341692,    2,  48
train,    506, -4.605351,    5,  48
train,    507, -12.799982,    2,  48
train,    508, -13.377064,    2,  48
train,    509, -13.380072,    2,  48
train,    510, -12.555093,    2,  48
train,    511, -2.579610,    4,  48
train,    512, -13.329396,    2,  48
train,    513, -12.174310,    2,  48
train,    514, -12.602487,    2,  48
train,    515, -12.201962,    2,  48
train,    516, -4.817614,    5,  48
train,    517, -12.995276,    2,  48
train,    518, -13.009526,    2,  48
train,    519, -12.027923,    2,  48
train,    520, -13.360104,    2,  48
train,    521, -6.750999,    5,  48
train,    522, -13.367668,    2,  48
train,    523, -1.626391,    5,  48
train,    524, -12.184747,    2,  48
val,      524, 0.791877, 1.0000,   4.6000,   0.0000, 0.0000,  23.9477
train,    525, -13.009947,    2,  48
train,    526, -6.389057,    5,  48
train,    527, 20.211263,    8,  48
train,    528, -13.379761,    2,  48
train,    529, -13.360961,    2,  48
train,    530, -12.578605,    2,  48
train,    531, -12.033611,    2,  48
train,    532, 38.401989,   13,  48
train,    533, -4.503154,    5,  48
train,    534, -12.237658,    2,  48
train,    535, -13.341425,    2,  48
train,    536, 82.181613,   20,  48
train,    537, -12.344530,    2,  48
train,    538, -11.786183,    2,  48
train,    539, -12.188819,    2,  48
train,    540, -14.065717,    2,  48
train,    541, -12.295091,    2,  48
train,    542, -13.527368,    2,  48
train,    543, -13.346585,    2,  48
train,    544, -12.031050,    2,  48
train,    545, -13.389514,    2,  48
train,    546, -12.031836,    2,  48
train,    547, -13.347480,    2,  48
train,    548, -12.262093,    2,  48
train,    549, 35.127345,   12,  48
val,      549, -8.360451, 1.0000,   2.8000,   0.0000, 0.0000,  25.4044
train,    550, -12.265413,    2,  48
train,    551, -11.372023,    2,  48
train,    552, -12.580485,    2,  48
train,    553, -3.712410,    4,  48
train,    554, 27.409873,   11,  48
train,    555, -1.688630,    6,  48
train,    556, -11.169345,    2,  48
train,    557, -12.565746,    2,  48
train,    558, -6.544834,    5,  48
train,    559, 38.943939,   12,  48
train,    560, -13.506067,    2,  48
train,    561, -12.999477,    2,  48
train,    562, -13.388319,    2,  48
train,    563, -12.547231,    2,  48
train,    564, 6.219438,    7,  48
train,    565, -12.989342,    2,  48
train,    566, -5.433261,    5,  48
train,    567, -13.378668,    2,  48
train,    568, -12.575634,    2,  48
train,    569, -12.983638,    2,  48
train,    570, 57.117807,   16,  48
train,    571, -5.025535,    4,  48
train,    572, -13.355021,    2,  48
train,    573, -12.551472,    2,  48
train,    574, -13.380252,    2,  48
val,      574, 2.605293, 1.0000,   5.4000,   0.0000, 0.0000,  25.7115
train,    575, -13.414415,    2,  48
train,    576, -6.373917,    5,  48
train,    577, -13.320876,    2,  48
train,    578, 15.231543,    7,  48
train,    579, -13.374492,    2,  48
train,    580, -12.552369,    2,  48
train,    581, -12.282661,    2,  48
train,    582, -6.201239,    4,  48
train,    583, -13.578761,    2,  48
train,    584, -6.830074,    4,  48
train,    585, -12.984972,    2,  48
train,    586, -13.539970,    2,  48
train,    587, -13.314723,    2,  48
train,    588, -13.331052,    2,  48
train,    589, -12.208972,    2,  48
train,    590, -13.578100,    2,  48
train,    591, -2.229246,    5,  48
train,    592, 23.875017,   11,  48
train,    593, -11.915609,    2,  48
train,    594, -11.198799,    2,  48
train,    595, -12.716251,    2,  48
train,    596, -13.496488,    2,  48
train,    597, -5.310382,    5,  48
train,    598, -12.180092,    2,  48
train,    599, 62.510348,   17,  48
val,      599, -9.734502, 1.0000,   3.0000,   0.0000, 0.0000,  25.9031
train,    600, -11.165968,    2,  48
train,    601, -12.188544,    2,  48
train,    602, -3.186317,    6,  48
train,    603, -12.547592,    2,  48
train,    604, -13.530507,    2,  48
train,    605, -12.990532,    2,  48
train,    606, -13.368021,    2,  48
train,    607, 59.222852,   15,  48
