init,     2026-04-09 12:12:24.940150
arguments,Namespace(PPO_epochs=5, alg='ppo', cuda=0, entropy=0.1, eps_clip=0.2, gamma=0.97, gymip_train_xml='inverted_pendulum_ChangeThk_0.050000.xml', hid_group_num=8, hid_group_size=8, hidden_num=64, ignore_checkpoint=True, lr=0.001, model='rwtaspk', monitor_time=False, optimizer='rmsprop', rep=11, response_window=40, road_scenario='highway', rwta_del_connection='none', skip_post_tests=True, snn_num_steps=15, task='gymip', thread=3, traffic_level='standard', train_num=2000)
model_dir,/root/autodl-tmp/SVPG2023/LANE/training_runs/baseline/highway_standard/models
log_dir,  /root/autodl-tmp/SVPG2023/LANE/training_runs/baseline/highway_standard/logs
train,    1, -7.416966,   27
train,    2, 7.783455,   16
train,    3, 20.848702,   29
train,    4, -3.261593,   14
train,    5, -0.348323,    7
train,    6, 1.951726,   11
train,    7, 3.234207,   11
train,    8, 11.651872,   20
train,    9, 1.219800,    9
train,    10, -4.385758,    6
train,    11, 16.606804,   20
train,    12, -0.063271,    9
train,    13, -0.590335,    6
train,    14, 5.157578,   13
train,    15, 2.576394,   13
train,    16, 8.962203,   15
train,    17, -3.120799,    5
train,    18, -6.268980,    3
train,    19, 4.648760,   12
train,    20, -0.820798,    6
train,    21, -2.466500,    5
train,    22, -1.587797,    6
train,    23, 7.258204,   13
train,    24, -3.150472,    6
train,    25, -4.980510,    3
train,    26, -5.261582,    3
train,    27, 3.174226,   10
train,    28, 8.275063,   14
train,    29, -4.733403,    3
train,    30, 7.077707,   15
train,    31, 8.469907,   14
train,    32, 3.125361,    9
train,    33, -3.409890,    5
train,    34, -1.134106,    7
train,    35, -2.044185,    5
train,    36, 14.604401,   18
train,    37, 0.300704,    7
train,    38, 0.131307,    8
train,    39, 13.708736,   19
train,    40, -3.244671,    5
train,    41, -1.319674,    6
train,    42, 0.398242,    9
train,    43, 15.884758,   20
train,    44, 5.020066,   14
train,    45, 6.264238,   13
train,    46, 3.422162,   10
train,    47, -0.079317,    8
train,    48, 0.190160,    9
train,    49, 0.525147,    9
train,    50, 0.238501,   11
train,    51, 7.597716,   13
train,    52, 28.597513,   33
train,    53, -2.035899,    6
train,    54, 9.507580,   16
train,    55, 6.477420,   14
train,    56, 8.390751,   17
train,    57, -3.617351,    5
train,    58, 6.305719,   14
train,    59, 15.625892,   27
train,    60, 27.305685,   46
train,    61, 4.398252,   14
train,    62, 40.389269,   58
train,    63, 3.276197,   12
train,    64, 22.045857,   32
train,    65, 21.233553,   34
train,    66, -0.755478,    7
train,    67, 66.001942,   98
train,    68, 18.917715,   36
train,    69, 14.506968,   27
train,    70, 83.512936,  135
train,    71, -2.740702,    6
train,    72, 13.745937,   27
train,    73, -5.039116,    3
train,    74, 91.620666,  132
train,    75, 102.228406,  150
train,    76, 48.253096,   83
train,    77, 95.197692,  150
train,    78, 104.044146,  150
train,    79, 89.723143,  150
train,    80, 91.281037,  150
train,    81, 100.965248,  150
train,    82, 49.724128,   82
train,    83, 6.336249,   16
train,    84, 7.841601,   19
train,    85, 21.247784,   37
train,    86, 26.306940,   32
train,    87, 3.630843,   15
train,    88, 14.770268,   29
train,    89, 0.895123,   12
train,    90, 115.067880,  150
train,    91, 43.058269,   74
train,    92, 16.842414,   32
train,    93, 34.748581,   50
train,    94, 97.728406,  150
train,    95, 105.830986,  150
train,    96, 42.024385,   70
train,    97, 97.489857,  150
train,    98, 42.513302,   73
train,    99, 92.307353,  150
val_save, 99,   93.307353,   150.0000
val,      99,   93.307353,   150.0000
train,    100, 93.623143,  150
train,    101, 101.649409,  150
train,    102, 79.375355,  125
train,    103, 94.639468,  150
train,    104, 92.647363,  150
train,    105, 32.295195,   54
train,    106, 9.784628,   26
train,    107, 18.366418,   35
train,    108, 42.389667,   67
train,    109, 2.520698,   16
train,    110, 3.776381,   16
train,    111, 2.940189,   16
train,    112, 106.717880,  150
train,    113, 90.938932,  150
train,    114, 101.307353,  150
train,    115, 95.438932,  150
train,    116, 100.965248,  150
train,    117, 89.560521,  150
train,    118, 83.702090,  150
train,    119, 98.846827,  150
train,    120, 20.200845,   38
train,    121, 101.596827,  150
train,    122, 89.902626,  150
train,    123, 83.359985,  150
train,    124, 83.702090,  150
train,    125, 95.438932,  150
train,    126, 99.938932,  150
train,    127, 36.918315,   68
train,    128, 83.359985,  150
train,    129, 95.096827,  150
train,    130, 45.608071,   67
train,    131, 115.675774,  150
train,    132, 96.465248,  150
train,    133, 103.017878,  150
train,    134, 99.938932,  150
train,    135, 100.281038,  150
train,    136, 3.132629,   19
train,    137, 94.412617,  150
train,    138, 99.938932,  150
train,    139, 89.912617,  150
train,    140, 101.307353,  150
train,    141, 84.728406,  150
train,    142, 94.754722,  150
train,    143, 100.965248,  150
train,    144, 99.938932,  150
train,    145, 94.754722,  150
train,    146, 94.412617,  150
train,    147, 95.781038,  150
train,    148, 113.953550,  150
train,    149, 2.389091,    9
train,    150, 20.620485,   31
train,    151, 8.487919,   22
train,    152, 5.604164,   12
train,    153, 4.362941,   15
train,    154, 17.477860,   31
train,    155, 98.859985,  150
train,    156, 94.412617,  150
train,    157, 95.781038,  150
train,    158, 89.570503,  150
train,    159, 103.359985,  150
train,    160, 100.965248,  150
train,    161, 99.938932,  150
train,    162, 95.781038,  150
train,    163, 91.281038,  150
train,    164, 15.003229,   34
train,    165, 53.193376,  102
train,    166, 6.203603,   22
train,    167, 103.649459,  150
train,    168, 96.123143,  150
train,    169, 83.359985,  150
train,    170, 96.807353,  150
train,    171, -2.650000,    6
train,    172, 84.386301,  150
train,    173, 95.096827,  150
train,    174, 95.096827,  150
train,    175, 95.096827,  150
train,    176, 83.702090,  150
train,    177, 101.590997,  150
train,    178, 99.938932,  150
train,    179, 83.702090,  150
train,    180, 89.228406,  150
train,    181, 100.965248,  150
train,    182, 94.412617,  150
train,    183, 88.886301,  150
train,    184, 100.965248,  150
train,    185, 83.702090,  150
train,    186, 89.570511,  150
train,    187, 100.281038,  150
train,    188, 100.965248,  150
train,    189, 83.702090,  150
train,    190, 84.386301,  150
train,    191, 89.228406,  150
train,    192, 100.623143,  150
train,    193, 100.281038,  150
train,    194, 95.096827,  150
train,    195, 83.359985,  150
train,    196, 84.386301,  150
train,    197, 89.570511,  150
train,    198, 83.359985,  150
train,    199, 94.412617,  150
val,      199,   13.389341,    24.2000
train,    200, 94.754722,  150
train,    201, 100.965240,  150
train,    202, 83.359985,  150
train,    203, 94.412617,  150
train,    204, 100.623143,  150
train,    205, 85.070511,  150
train,    206, 88.886301,  150
train,    207, 90.938932,  150
train,    208, 89.570511,  150
train,    209, 105.070511,  150
train,    210, 100.623143,  150
train,    211, 100.965248,  150
train,    212, 94.412617,  150
train,    213, 88.886301,  150
train,    214, 94.754722,  150
train,    215, 83.359985,  150
train,    216, 89.570511,  150
train,    217, 95.044196,  150
train,    218, 90.596827,  150
train,    219, 89.228406,  150
train,    220, 88.886301,  150
train,    221, 88.886301,  150
train,    222, 88.886301,  150
train,    223, 88.886301,  150
train,    224, 94.412617,  150
train,    225, 99.938932,  150
train,    226, 94.412617,  150
train,    227, 83.359985,  150
train,    228, 83.359985,  150
train,    229, 89.228406,  150
train,    230, 95.096827,  150
train,    231, 89.570511,  150
train,    232, 102.953549,  150
train,    233, 20.733162,   34
train,    234, 51.606792,   79
train,    235, 78.643434,  107
train,    236, 27.250953,   47
train,    237, 33.367651,   69
train,    238, 5.376867,   15
train,    239, 11.773682,   19
train,    240, 0.104913,    9
train,    241, 10.694764,   19
train,    242, 29.304249,   60
train,    243, 100.859985,  150
train,    244, 17.114347,   38
train,    245, 91.623143,  150
train,    246, 102.675774,  150
train,    247, 98.175774,  150
train,    248, 97.149459,  150
train,    249, 99.938932,  150
train,    250, 86.722566,  150
train,    251, 94.754722,  150
train,    252, 84.044196,  150
train,    253, 91.281038,  150
train,    254, 94.754722,  150
train,    255, 83.702090,  150
train,    256, 85.754722,  150
train,    257, 89.570511,  150
train,    258, 99.938932,  150
train,    259, 88.886301,  150
train,    260, 94.412617,  150
train,    261, 100.281038,  150
train,    262, 89.228406,  150
train,    263, 94.412617,  150
train,    264, -0.624166,   13
train,    265, 94.412617,  150
train,    266, 85.070511,  150
train,    267, 94.412617,  150
train,    268, 88.886301,  150
train,    269, 94.754722,  150
train,    270, 95.096827,  150
train,    271, 99.938932,  150
train,    272, 95.781038,  150
train,    273, 94.412617,  150
train,    274, 85.412617,  150
train,    275, 83.359985,  150
train,    276, 94.412617,  150
train,    277, 90.596827,  150
train,    278, 89.912617,  150
train,    279, 85.754722,  150
train,    280, 84.728406,  150
train,    281, 84.728406,  150
train,    282, 88.886301,  150
train,    283, 84.044196,  150
train,    284, 103.017880,  150
train,    285, 105.412617,  150
train,    286, 86.096827,  150
train,    287, 89.912617,  150
train,    288, 104.728406,  150
train,    289, 106.096825,  150
train,    290, 79.106123,  119
train,    291, 89.517880,  150
train,    292, 85.070511,  150
train,    293, 24.631787,   53
train,    294, 94.359985,  150
train,    295, 87.465248,  150
train,    296, 53.810252,   83
train,    297, 9.399553,   17
train,    298, 60.005748,   96
train,    299, 25.263299,   44
val,      299,   26.318433,    44.1000
train,    300, 9.804937,   22
train,    301, -6.209917,    3
train,    302, 37.464223,   62
train,    303, -3.669659,    5
train,    304, 3.953617,   10
train,    305, 17.560445,   24
train,    306, 1.980934,    9
train,    307, -6.088775,    3
train,    308, -4.413276,    5
train,    309, 18.628915,   24
train,    310, -4.873717,    3
train,    311, 7.288556,   13
train,    312, 9.639499,   15
train,    313, -0.672918,    9
train,    314, 27.790190,   40
train,    315, 9.261917,   15
train,    316, 10.756251,   15
train,    317, 5.968881,   13
train,    318, 12.023791,   22
train,    319, 21.993094,   37
train,    320, 21.496235,   34
train,    321, 14.254206,   33
train,    322, -2.426169,    8
train,    323, 17.591244,   27
train,    324, 1.530487,   11
train,    325, 3.587383,    9
train,    326, 22.967701,   30
train,    327, 61.442130,  103
train,    328, 3.072970,   11
train,    329, -4.707537,    3
train,    330, 0.340017,    7
train,    331, 59.369303,   97
train,    332, 14.413468,   22
train,    333, 16.182192,   32
train,    334, -3.390764,    7
train,    335, 28.307384,   50
resume,   2026-04-09 17:41:55.322572
train,    336, 21.096668,   32
train,    337, 3.184465,   10
train,    338, 2.445628,   12
train,    339, 22.822437,   31
train,    340, 2.404304,   11
train,    341, 12.052126,   21
train,    342, 20.730338,   41
train,    343, 90.815790,  150
train,    344, 12.407910,   21
train,    345, 20.874398,   31
train,    346, 4.513699,   11
train,    347, 13.332526,   29
train,    348, 91.570511,  150
train,    349, 47.384752,   76
train,    350, 9.179801,   19
train,    351, 3.196491,   13
train,    352, -4.643489,    4
train,    353, 3.865789,   14
train,    354, 13.103524,   19
train,    355, -5.107895,    4
train,    356, 94.991564,  150
train,    357, 101.538365,  150
train,    358, 24.934317,   36
train,    359, 50.959241,   88
train,    360, 110.816141,  150
train,    361, 106.438932,  150
train,    362, 84.044196,  150
train,    363, 89.228406,  150
train,    364, 83.359985,  150
train,    365, 89.570511,  150
train,    366, 84.044196,  150
train,    367, 95.428942,  150
train,    368, 95.438932,  150
train,    369, 88.886301,  150
train,    370, 90.938932,  150
train,    371, 94.412617,  150
train,    372, 83.702090,  150
train,    373, 89.228406,  150
train,    374, 88.886301,  150
train,    375, 94.754722,  150
train,    376, 88.886301,  150
train,    377, 94.412617,  150
train,    378, 83.359985,  150
train,    379, 83.359985,  150
train,    380, 83.359985,  150
train,    381, 100.564681,  150
train,    382, 99.938932,  150
train,    383, 94.754722,  150
train,    384, 88.886301,  150
train,    385, 94.412617,  150
train,    386, 89.228406,  150
train,    387, 88.886301,  150
train,    388, 83.359985,  150
train,    389, 6.314929,   23
train,    390, 101.307353,  150
train,    391, 83.359985,  150
train,    392, 83.359985,  150
train,    393, 83.359985,  150
train,    394, 99.938932,  150
train,    395, 88.886301,  150
train,    396, 83.702090,  150
train,    397, 94.412617,  150
train,    398, -2.340334,   10
train,    399, 83.359985,  150
val_save, 399,   92.202090,   150.0000
val,      399,   92.202090,   150.0000
train,    400, 94.412617,  150
train,    401, 88.886301,  150
train,    402, 83.359985,  150
train,    403, 83.359985,  150
train,    404, 99.938932,  150
train,    405, 94.412617,  150
train,    406, 83.359985,  150
train,    407, 99.938932,  150
train,    408, 88.886301,  150
train,    409, 83.359985,  150
train,    410, 100.281038,  150
train,    411, 94.412617,  150
train,    412, 88.886301,  150
train,    413, 83.359985,  150
train,    414, 88.886301,  150
train,    415, 83.702090,  150
train,    416, 88.886301,  150
train,    417, 98.447370,  150
train,    418, 90.596827,  150
train,    419, 88.886301,  150
train,    420, 83.359985,  150
train,    421, 83.359985,  150
train,    422, 88.886301,  150
train,    423, 83.359985,  150
train,    424, 100.965248,  150
train,    425, 88.886301,  150
train,    426, 89.228406,  150
train,    427, 110.202090,  150
train,    428, 106.096827,  150
train,    429, 7.273795,   29
train,    430, 96.070511,  150
train,    431, -3.876356,    6
train,    432, 98.175483,  150
train,    433, 95.781038,  150
train,    434, 83.359985,  150
train,    435, 94.412617,  150
train,    436, 83.359985,  150
train,    437, 94.754722,  150
train,    438, 84.386301,  150
train,    439, 96.807353,  150
train,    440, 89.570511,  150
train,    441, 88.886301,  150
train,    442, 103.359985,  150
train,    443, 83.359985,  150
train,    444, 96.807353,  150
train,    445, 89.228406,  150
train,    446, 84.044196,  150
train,    447, 83.359985,  150
train,    448, 88.886301,  150
train,    449, 100.623143,  150
train,    450, 100.281038,  150
train,    451, 88.886301,  150
train,    452, 100.281038,  150
train,    453, 84.044196,  150
train,    454, 100.281038,  150
train,    455, 88.886301,  150
train,    456, 83.359985,  150
train,    457, 100.281038,  150
train,    458, 88.886301,  150
train,    459, 89.228406,  150
train,    460, 89.228406,  150
train,    461, 100.965248,  150
train,    462, 95.781038,  150
train,    463, 99.886301,  150
train,    464, 85.400919,  150
train,    465, 106.368773,  150
train,    466, 100.912617,  150
train,    467, 97.781038,  150
train,    468, 46.782958,   78
train,    469, 83.702090,  150
train,    470, 84.044196,  150
train,    471, 89.228406,  150
train,    472, 83.005323,  129
train,    473, 103.359985,  150
train,    474, 94.412617,  150
train,    475, 83.359985,  150
train,    476, 95.086837,  150
train,    477, 95.096827,  150
train,    478, 90.938932,  150
train,    479, 84.044196,  150
train,    480, 100.965248,  150
train,    481, 89.570511,  150
train,    482, 89.912617,  150
train,    483, 89.570511,  150
train,    484, 90.596827,  150
train,    485, 85.000352,  150
train,    486, 102.675774,  150
train,    487, 110.190092,  150
train,    488, 91.281028,  150
train,    489, 73.906670,  132
train,    490, 32.130409,   60
train,    491, 15.122290,   27
train,    492, 92.649450,  150
train,    493, 97.491562,  150
train,    494, 91.623143,  150
train,    495, 93.333669,  150
train,    496, 96.807353,  150
train,    497, 100.965248,  150
train,    498, 92.991564,  150
train,    499, 96.070511,  150
val,      499,   43.071845,    69.2000
train,    500, 58.061915,  107
train,    501, -5.661217,    3
train,    502, 70.232374,  102
train,    503, 67.008203,  108
train,    504, 107.465248,  150
train,    505, 38.090016,   68
train,    506, 30.288535,   55
train,    507, 30.822109,   54
train,    508, 14.798328,   27
train,    509, 21.615600,   45
train,    510, 19.584908,   35
train,    511, 32.640632,   50
train,    512, 38.258773,   65
train,    513, 5.485143,   16
train,    514, 9.585265,   22
train,    515, 11.368141,   24
train,    516, 49.841834,   83
train,    517, 14.575299,   29
train,    518, 39.932170,   63
train,    519, -1.517008,    9
train,    520, 19.470664,   31
train,    521, 107.123143,  150
train,    522, 107.463541,  150
train,    523, 104.386301,  150
train,    524, 103.359985,  150
train,    525, 84.386301,  150
train,    526, 100.281038,  150
train,    527, 84.728406,  150
train,    528, 112.254722,  150
train,    529, 103.017880,  150
train,    530, 86.781038,  150
train,    531, 86.710586,  150
train,    532, 86.781038,  150
train,    533, 86.781036,  150
train,    534, 91.228406,  150
train,    535, 62.804007,   95
train,    536, 13.713268,   28
train,    537, 13.818976,   28
train,    538, 1.972730,   12
train,    539, 10.282625,   26
train,    540, 95.386301,  150
train,    541, 89.175482,  150
train,    542, 95.386301,  150
train,    543, 88.833669,  150
train,    544, 84.728406,  150
train,    545, 100.965248,  150
train,    546, 85.070511,  150
train,    547, 98.175774,  150
train,    548, 86.438932,  150
train,    549, 95.781038,  150
train,    550, 97.149458,  150
train,    551, 94.359985,  150
train,    552, 47.323578,   82
train,    553, 12.284520,   36
train,    554, 99.149459,  150
train,    555, 3.465172,   21
train,    556, 22.767369,   41
train,    557, 98.175774,  150
train,    558, 84.728406,  150
train,    559, 84.728406,  150
train,    560, 100.965248,  150
train,    561, 90.254722,  150
train,    562, 85.070511,  150
train,    563, 88.886301,  150
train,    564, 90.254722,  150
train,    565, 102.331962,  150
train,    566, 103.702082,  150
train,    567, 112.252321,  150
train,    568, 80.172604,  142
train,    569, 91.912617,  150
train,    570, 89.175774,  150
train,    571, 93.333377,  150
train,    572, 106.780969,  150
train,    573, 100.912617,  150
train,    574, 88.149459,  150
train,    575, 16.099459,   32
train,    576, 29.969317,   52
train,    577, 58.883630,  102
train,    578, 47.588029,   79
train,    579, 4.657451,   11
train,    580, 12.769551,   30
train,    581, 4.300979,   13
train,    582, 10.102430,   21
train,    583, 19.189401,   28
train,    584, 6.026130,   13
train,    585, 83.568968,  124
train,    586, 88.763158,  150
train,    587, 97.833669,  150
train,    588, -5.678003,    4
train,    589, 76.925454,  116
train,    590, 102.333669,  150
train,    591, 18.754114,   40
train,    592, 105.754722,  150
train,    593, 90.254722,  150
train,    594, 96.123143,  150
train,    595, 84.327839,  150
train,    596, 97.491564,  150
train,    597, 94.412617,  150
train,    598, 84.728406,  150
train,    599, 94.412617,  150
val_save, 599,   95.683669,   150.0000
val,      599,   95.683669,   150.0000
train,    600, 100.281038,  150
train,    601, 100.965248,  150
train,    602, 94.412617,  150
train,    603, 83.702090,  150
train,    604, 88.886301,  150
train,    605, 100.965248,  150
train,    606, 83.702090,  150
train,    607, 90.938932,  150
train,    608, 83.702090,  150
train,    609, 83.359985,  150
train,    610, 94.412617,  150
train,    611, 89.228406,  150
train,    612, 83.359985,  150
train,    613, 100.281038,  150
train,    614, 88.886301,  150
train,    615, 94.412617,  150
train,    616, 88.886301,  150
train,    617, 94.412617,  150
train,    618, 89.228406,  150
train,    619, 89.570511,  150
train,    620, 83.702090,  150
train,    621, 89.570511,  150
train,    622, 101.307353,  150
train,    623, 83.702090,  150
train,    624, 88.491514,  150
train,    625, 97.491564,  150
train,    626, 87.807353,  150
train,    627, 54.236839,   89
train,    628, 4.882181,   13
train,    629, 55.961421,   89
train,    630, 86.438922,  150
train,    631, 20.637014,   47
train,    632, 88.139468,  150
train,    633, -6.340981,    3
train,    634, 54.848143,   85
train,    635, -6.540576,    2
train,    636, 37.760660,   74
train,    637, 11.250110,   21
train,    638, 26.747477,   46
train,    639, 30.216997,   44
train,    640, 104.386301,  150
train,    641, 104.032206,  150
train,    642, 101.307353,  150
train,    643, 104.034205,  150
train,    644, 95.438932,  150
train,    645, 89.228406,  150
train,    646, 108.149459,  150
train,    647, 98.175483,  150
train,    648, 100.228406,  150
train,    649, 85.012050,  150
train,    650, 86.438931,  150
train,    651, 5.602935,   26
train,    652, 2.666677,   14
train,    653, 93.675774,  150
train,    654, 111.900225,  150
train,    655, 83.159959,  132
train,    656, -5.422737,    4
train,    657, 88.833669,  150
train,    658, -5.882270,    3
train,    659, 110.202090,  150
train,    660, 94.702090,  150
train,    661, 96.412617,  150
train,    662, 91.228406,  150
train,    663, 93.959418,  150
train,    664, 106.096827,  150
train,    665, 111.912617,  150
train,    666, 103.702090,  150
train,    667, 104.675774,  150
train,    668, 88.833318,  150
train,    669, 85.070511,  150
train,    670, 94.093022,  138
train,    671, 96.070511,  150
train,    672, 91.061378,  144
train,    673, 89.859985,  150
train,    674, 28.281905,   36
train,    675, 94.359985,  150
train,    676, 90.595120,  150
train,    677, 89.570511,  150
train,    678, 98.859985,  150
train,    679, 74.115885,  111
train,    680, 99.884243,  150
train,    681, 90.596827,  150
train,    682, 100.175764,  150
train,    683, 55.930204,  101
train,    684, 7.049478,   16
train,    685, 8.945733,   21
train,    686, 0.706091,    9
train,    687, 12.729267,   21
train,    688, 90.544196,  150
train,    689, 105.754722,  150
train,    690, 68.948294,  111
train,    691, 83.702090,  150
train,    692, 99.201740,  150
train,    693, 91.965248,  150
train,    694, 90.254722,  150
train,    695, 87.807353,  150
train,    696, 99.544187,  150
train,    697, 95.044196,  150
train,    698, 107.686270,  150
train,    699, 42.910084,   76
val,      699,   26.165714,    42.9000
train,    700, -1.992652,    6
train,    701, 18.846158,   37
train,    702, 86.096827,  150
train,    703, 85.412617,  150
train,    704, 85.070511,  150
train,    705, 89.517880,  150
train,    706, 83.359985,  150
train,    707, 92.991555,  150
train,    708, 99.874593,  150
train,    709, 100.175774,  150
train,    710, 30.461997,   57
train,    711, 24.696202,   34
train,    712, 7.060436,   18
train,    713, 14.862000,   34
train,    714, 109.383041,  150
train,    715, 92.511452,  132
train,    716, 102.281038,  150
train,    717, 92.649409,  150
train,    718, 94.643629,  150
train,    719, 92.649390,  150
train,    720, 84.044196,  150
train,    721, 87.121144,  150
train,    722, 0.546332,   10
train,    723, 93.333669,  150
train,    724, 95.386301,  150
train,    725, 96.807353,  150
train,    726, 106.096819,  150
train,    727, 92.307353,  150
train,    728, 85.412617,  150
train,    729, 102.965248,  150
train,    730, 115.333669,  150
train,    731, 87.807353,  150
train,    732, 54.010694,   80
train,    733, 98.054681,  150
train,    734, 29.935480,   48
train,    735, 87.123143,  150
train,    736, 95.728405,  150
train,    737, 6.798747,   20
train,    738, 29.323177,   50
train,    739, 88.149459,  150
train,    740, 83.702090,  150
train,    741, 90.596827,  150
train,    742, 90.596827,  150
train,    743, 95.438922,  150
train,    744, 76.638574,  123
train,    745, 84.728406,  150
train,    746, 98.175774,  150
train,    747, 98.517880,  150
train,    748, 108.491562,  150
train,    749, 97.833659,  150
train,    750, 95.044196,  150
train,    751, 72.175483,  131
train,    752, 112.538365,  150
train,    753, 92.307353,  150
train,    754, 87.465248,  150
train,    755, 90.544196,  150
train,    756, 99.833669,  150
train,    757, 42.418472,   77
train,    758, 108.438932,  150
train,    759, 89.801523,  150
train,    760, 64.791272,  119
train,    761, 81.192447,  116
train,    762, 91.570511,  150
train,    763, 101.596827,  150
train,    764, 100.228406,  150
train,    765, 89.859985,  150
train,    766, 95.728406,  150
train,    767, 90.876300,  150
train,    768, 28.136231,   52
train,    769, 42.787814,   73
train,    770, 90.886301,  150
train,    771, 88.149459,  150
train,    772, 100.912617,  150
train,    773, 99.544196,  150
train,    774, 74.776009,  134
train,    775, 101.254722,  150
train,    776, 98.123081,  150
train,    777, 98.517880,  150
train,    778, 91.965248,  150
train,    779, 98.175774,  150
train,    780, 86.438931,  150
train,    781, 99.532498,  150
train,    782, 103.700091,  150
train,    783, 104.726699,  150
train,    784, 94.017530,  150
train,    785, 92.649459,  150
train,    786, 92.307353,  150
train,    787, 109.517880,  150
train,    788, 106.780678,  150
train,    789, 91.912316,  150
train,    790, 16.368875,   32
train,    791, 13.216434,   32
train,    792, 90.938932,  150
train,    793, 99.765217,  150
train,    794, 89.859976,  150
train,    795, 94.359985,  150
train,    796, 97.779330,  150
train,    797, 100.570511,  150
train,    798, 75.895321,  128
train,    799, 25.838782,   46
val_save, 799,   97.749414,   148.2000
val,      799,   97.749414,   148.2000
train,    800, 116.985441,  150
train,    801, 36.224889,   62
train,    802, 98.070503,  150
train,    803, -5.049609,    4
train,    804, 105.310576,  149
train,    805, 103.884594,  150
train,    806, 111.511998,  150
train,    807, 100.859985,  150
train,    808, 92.880412,  150
train,    809, 91.570461,  150
train,    810, 36.913595,   71
train,    811, 105.400577,  150
train,    812, 102.675774,  150
train,    813, 58.442414,  109
train,    814, 106.599443,  150
train,    815, 29.027302,   52
train,    816, 103.017880,  150
train,    817, 100.228406,  150
train,    818, 99.886301,  150
train,    819, 92.596825,  150
train,    820, 100.859985,  150
train,    821, 94.307353,  150
train,    822, 54.374518,   94
train,    823, 100.912617,  150
train,    824, 62.424557,  104
train,    825, 108.090997,  150
train,    826, 2.706329,   11
train,    827, 101.254722,  150
train,    828, 99.833669,  150
train,    829, 100.859935,  150
train,    830, 107.465248,  150
train,    831, 45.206469,   81
train,    832, 102.623143,  150
train,    833, 92.991564,  150
train,    834, 107.807353,  150
train,    835, 2.843898,   19
train,    836, 104.386301,  150
train,    837, 15.491410,   35
train,    838, 96.007889,  150
train,    839, 98.412617,  150
train,    840, 108.647964,  150
train,    841, 9.105518,   16
train,    842, 6.071128,   15
train,    843, 13.045999,   28
train,    844, 3.736908,   14
train,    845, 6.851272,   17
train,    846, 50.954356,   84
train,    847, -0.176754,    8
train,    848, 6.326101,   17
train,    849, 55.207610,   72
train,    850, 7.021828,   15
train,    851, 10.895782,   18
train,    852, 63.637062,   86
train,    853, 41.084701,   53
train,    854, -3.797277,    5
train,    855, 1.889265,    9
train,    856, 3.271470,   13
train,    857, 25.343752,   39
train,    858, -1.153346,    6
train,    859, 20.888519,   29
train,    860, 5.846265,   12
train,    861, 2.785980,    9
train,    862, -5.075372,    5
train,    863, 3.426947,   12
train,    864, 7.342183,   19
train,    865, -0.682744,    8
train,    866, -2.543844,    5
train,    867, 27.141248,   42
train,    868, 32.700377,   50
train,    869, 25.577391,   40
train,    870, 108.149450,  150
train,    871, -0.648623,    9
train,    872, 57.495419,   94
train,    873, 44.128683,   68
train,    874, 34.925156,   59
train,    875, 101.938932,  150
train,    876, 29.521596,   56
train,    877, 97.833669,  150
train,    878, 87.112861,  150
train,    879, 105.002059,  150
train,    880, 96.465238,  150
train,    881, 94.412617,  150
train,    882, 89.228406,  150
train,    883, 94.017880,  150
train,    884, 101.926601,  150
train,    885, 102.222284,  150
train,    886, 91.623143,  150
train,    887, 99.938932,  150
train,    888, 99.938932,  150
train,    889, 100.965248,  150
train,    890, 94.754722,  150
train,    891, 99.938932,  150
train,    892, 94.412617,  150
train,    893, 100.281038,  150
train,    894, 94.412617,  150
train,    895, 83.702090,  150
train,    896, 94.754722,  150
train,    897, 84.386301,  150
train,    898, 101.307353,  150
train,    899, 91.281038,  150
val,      899,   86.310401,   136.4000
train,    900, 99.886301,  150
train,    901, 97.833669,  150
train,    902, 90.886301,  150
train,    903, 96.123143,  150
train,    904, 97.489856,  150
train,    905, 96.807353,  150
train,    906, 99.886301,  150
train,    907, 87.804994,  150
train,    908, 94.985725,  150
train,    909, 91.226690,  150
train,    910, 101.297363,  150
train,    911, 92.649459,  150
train,    912, 91.281038,  150
train,    913, 94.699983,  150
train,    914, 98.517880,  150
train,    915, 77.179994,  124
train,    916, 88.833609,  150
train,    917, 92.254722,  150
train,    918, 103.307353,  150
train,    919, 5.863512,   21
train,    920, 91.228406,  150
train,    921, 98.859985,  150
train,    922, 86.438932,  150
train,    923, 99.938932,  150
train,    924, 101.649459,  150
train,    925, 100.623143,  150
train,    926, 88.886301,  150
train,    927, 6.978109,   20
train,    928, 99.131579,  150
train,    929, 88.139468,  150
train,    930, 65.674670,   98
train,    931, 103.307353,  150
train,    932, 89.329268,  144
train,    933, -5.340640,    3
train,    934, 105.359985,  150
train,    935, 89.517879,  150
train,    936, 33.026460,   70
train,    937, 103.359985,  150
train,    938, 41.858125,   89
train,    939, 100.623143,  150
train,    940, 87.807345,  150
train,    941, 103.359985,  150
train,    942, 101.649459,  150
train,    943, 98.175774,  150
train,    944, 91.222576,  150
train,    945, 84.044196,  150
train,    946, 95.438932,  150
train,    947, 100.965248,  150
train,    948, 84.327831,  150
train,    949, 89.169944,  150
train,    950, 83.359985,  150
train,    951, 94.412617,  150
train,    952, 83.359985,  150
train,    953, 94.412617,  150
train,    954, 94.412617,  150
train,    955, 94.412617,  150
train,    956, 94.754722,  150
train,    957, 83.702090,  150
train,    958, 100.281038,  150
train,    959, 83.359985,  150
train,    960, 88.886301,  150
train,    961, 83.359985,  150
train,    962, 89.570511,  150
train,    963, 94.412617,  150
train,    964, 83.359985,  150
train,    965, 88.886301,  150
train,    966, 83.359985,  150
train,    967, 88.886301,  150
train,    968, 100.281038,  150
train,    969, 83.359985,  150
train,    970, 83.359985,  150
train,    971, 83.359985,  150
train,    972, 83.702090,  150
train,    973, 100.965248,  150
train,    974, -6.413158,    2
train,    975, 94.754722,  150
train,    976, 99.938932,  150
train,    977, 88.886301,  150
train,    978, 88.886301,  150
train,    979, 83.359985,  150
resume,   2026-04-10 09:20:13.417937
train,    980, 99.938932,  150
train,    981, 100.623143,  150
train,    982, 94.412617,  150
train,    983, 99.938932,  150
train,    984, 99.938932,  150
train,    985, 83.702090,  150
train,    986, 99.938932,  150
train,    987, 89.228406,  150
train,    988, 99.938932,  150
train,    989, 89.912616,  150
train,    990, 94.412617,  150
train,    991, 100.281038,  150
train,    992, 95.781038,  150
train,    993, 89.228406,  150
train,    994, 103.702030,  150
train,    995, 89.912617,  150
train,    996, 95.778989,  150
train,    997, 83.359985,  150
train,    998, 84.044196,  150
train,    999, 91.281038,  150
val_save, 999,   91.096827,   150.0000
val,      999,   91.096827,   150.0000
train,    1000, 83.359985,  150
train,    1001, 94.754722,  150
train,    1002, 84.386301,  150
train,    1003, 85.070511,  150
train,    1004, 89.228406,  150
train,    1005, 83.702090,  150
train,    1006, 89.568804,  150
train,    1007, 103.701680,  150
train,    1008, 103.017880,  150
train,    1009, 92.639468,  150
train,    1010, 95.386301,  150
train,    1011, 29.314628,   53
train,    1012, 88.833669,  150
train,    1013, 97.149459,  150
train,    1014, 86.781038,  150
train,    1015, 27.191266,   61
train,    1016, 91.965248,  150
train,    1017, 92.693906,  142
train,    1018, 19.448170,   38
train,    1019, 25.672809,   55
train,    1020, 41.923059,   65
train,    1021, 69.809358,  121
train,    1022, 24.049424,   44
train,    1023, 100.228406,  150
train,    1024, 90.586837,  150
train,    1025, 101.989857,  150
train,    1026, 100.965248,  150
train,    1027, 94.412617,  150
train,    1028, 103.017880,  150
train,    1029, 88.886301,  150
train,    1030, 105.754722,  150
train,    1031, 91.222576,  150
train,    1032, 90.938932,  150
train,    1033, 96.123143,  150
train,    1034, 94.412617,  150
train,    1035, 98.719024,  150
train,    1036, 83.702090,  150
train,    1037, 94.754713,  150
train,    1038, 84.728406,  150
train,    1039, 89.105273,  150
train,    1040, 86.086837,  150
train,    1041, 92.307343,  150
train,    1042, 84.728406,  150
train,    1043, 91.280686,  150
train,    1044, 86.438874,  150
train,    1045, 89.517820,  150
train,    1046, 101.938932,  150
train,    1047, 103.305646,  150
train,    1048, 91.570511,  150
train,    1049, 88.833669,  150
train,    1050, 93.333669,  150
train,    1051, 6.776474,   19
train,    1052, 89.517880,  150
train,    1053, 96.797071,  150
train,    1054, 87.123143,  150
train,    1055, 92.991564,  150
train,    1056, 105.070511,  150
train,    1057, 93.333669,  150
train,    1058, 86.438931,  150
train,    1059, 99.202090,  150
train,    1060, 98.517880,  150
train,    1061, 92.237194,  150
train,    1062, 96.123141,  150
train,    1063, 87.738901,  150
train,    1064, 104.728406,  150
train,    1065, 86.096827,  150
train,    1066, 99.544127,  150
train,    1067, 107.122851,  150
train,    1068, 104.728356,  150
train,    1069, 112.254672,  150
train,    1070, 32.672690,   71
train,    1071, 45.030957,   74
train,    1072, 14.659448,   26
train,    1073, 101.876310,  150
train,    1074, 10.216801,   26
train,    1075, 2.718662,   15
train,    1076, 54.310770,   90
train,    1077, -5.961757,    3
train,    1078, 59.976220,   98
train,    1079, 49.708079,   96
train,    1080, 23.925897,   51
train,    1081, 97.096826,  150
train,    1082, 106.042488,  150
train,    1083, 94.359985,  150
train,    1084, 94.643629,  150
train,    1085, 93.675774,  150
train,    1086, 91.281038,  150
train,    1087, 90.938932,  150
train,    1088, 88.886301,  150
train,    1089, 98.517880,  150
train,    1090, 95.781029,  150
train,    1091, 89.912617,  150
train,    1092, 86.995937,  150
train,    1093, 89.175774,  150
train,    1094, 85.060521,  150
train,    1095, 107.463541,  150
train,    1096, 94.017880,  150
train,    1097, 89.859985,  150
train,    1098, 97.491564,  150
train,    1099, 102.965198,  150
val_save, 1099,   93.845023,   150.0000
val,      1099,   93.845023,   150.0000
train,    1100, -1.848513,    9
train,    1101, 98.465198,  150
train,    1102, 107.754722,  150
train,    1103, 95.386292,  150
train,    1104, 98.070511,  150
train,    1105, 40.345639,   59
train,    1106, 104.273500,  150
train,    1107, 93.890966,  150
train,    1108, 105.070511,  150
train,    1109, 87.807353,  150
train,    1110, 84.728406,  150
train,    1111, 94.754722,  150
train,    1112, 91.281038,  150
train,    1113, 101.649459,  150
train,    1114, 104.728404,  150
train,    1115, 28.520859,   60
train,    1116, 104.959418,  150
train,    1117, 99.544196,  150
train,    1118, 84.659954,  150
train,    1119, 101.991564,  150
train,    1120, 97.149459,  150
train,    1121, 95.096827,  150
train,    1122, 86.096827,  150
train,    1123, 83.359985,  150
train,    1124, 97.149459,  150
train,    1125, 86.096827,  150
train,    1126, 102.884806,  150
train,    1127, 110.544136,  150
train,    1128, 98.754722,  150
train,    1129, 65.866941,   94
train,    1130, 3.831013,   15
train,    1131, 103.991564,  150
train,    1132, 106.438922,  150
train,    1133, 38.240318,   75
train,    1134, 56.055052,  101
train,    1135, 86.096827,  150
train,    1136, 90.938932,  150
train,    1137, 90.868431,  150
train,    1138, 84.044196,  150
train,    1139, 101.307353,  150
train,    1140, 100.623143,  150
train,    1141, 99.938932,  150
train,    1142, 83.702090,  150
train,    1143, 93.333669,  150
train,    1144, 88.833669,  150
train,    1145, 87.797361,  150
train,    1146, 101.254712,  150
train,    1147, 50.300966,   93
train,    1148, 36.006158,   58
train,    1149, 92.991564,  150
train,    1150, 84.044196,  150
train,    1151, 98.517880,  150
train,    1152, 97.149459,  150
train,    1153, 96.807352,  150
train,    1154, 101.649459,  150
train,    1155, 99.544195,  150
train,    1156, 97.833669,  150
train,    1157, 112.596817,  150
train,    1158, 101.596819,  150
train,    1159, 99.833669,  150
train,    1160, 97.438932,  150
train,    1161, 98.807353,  150
train,    1162, 73.234698,  110
train,    1163, 91.912617,  150
train,    1164, 89.175774,  150
train,    1165, 38.513215,   67
train,    1166, 76.423867,  136
train,    1167, 111.228406,  150
train,    1168, 88.149459,  150
train,    1169, 99.886301,  150
train,    1170, 88.491204,  150
train,    1171, 88.433100,  150
train,    1172, 92.649459,  150
train,    1173, 88.409415,  150
train,    1174, 92.307353,  150
train,    1175, 89.175474,  150
train,    1176, 87.807353,  150
train,    1177, 89.107322,  150
train,    1178, 84.385951,  150
train,    1179, 100.228406,  150
train,    1180, 70.351553,  109
train,    1181, 58.368735,  107
train,    1182, 96.402626,  150
train,    1183, 22.411198,   45
train,    1184, 70.712945,  109
train,    1185, 15.696352,   29
train,    1186, 112.594760,  150
train,    1187, 103.991222,  150
train,    1188, 97.710586,  150
train,    1189, 29.687303,   52
train,    1190, 95.386301,  150
train,    1191, 88.149459,  150
train,    1192, 91.623143,  150
train,    1193, 102.333611,  150
train,    1194, 93.675774,  150
train,    1195, 88.491564,  150
train,    1196, 101.938932,  150
train,    1197, 94.017880,  150
train,    1198, 39.939883,   73
train,    1199, 10.628268,   24
val,      1199,   68.311150,   104.9000
train,    1200, 12.441889,   25
train,    1201, 0.402251,   14
train,    1202, 89.859985,  150
train,    1203, 97.149459,  150
train,    1204, 87.123143,  150
train,    1205, 96.465248,  150
train,    1206, 102.333669,  150
train,    1207, 89.228406,  150
train,    1208, 83.359985,  150
train,    1209, 96.464956,  150
train,    1210, 96.807353,  150
train,    1211, 14.814867,   41
train,    1212, 101.649459,  150
train,    1213, 83.359985,  150
train,    1214, 94.412617,  150
train,    1215, 84.386301,  150
train,    1216, 101.933102,  150
train,    1217, 99.938932,  150
train,    1218, 99.938932,  150
train,    1219, 83.359985,  150
train,    1220, 94.412617,  150
train,    1221, 83.359985,  150
