init,     2026-04-15 21:24:10.919571
arguments,Namespace(PPO_epochs=4, alg='ppo', cuda=-1, entropy=0.3, eps_clip=0.15, gae_lambda=0.99, gamma=0.998, gymip_train_xml='inverted_pendulum_ChangeThk_0.050000.xml', hid_group_num=8, hid_group_size=8, hidden_num=64, ignore_checkpoint=False, lr=0.0007, model='rwtaspk', monitor_time=False, optimizer='rmsprop', rep=42, response_window=40, road_scenario='highway', rwta_del_connection='none', skip_post_tests=False, snn_num_steps=15, task='gymip', thread=-1, traffic_level='standard', train_num=3200)
profile,  lr->0.0007; gamma->0.998; gae_lambda->0.99; entropy->0.3; PPO_epochs->4; eps_clip->0.15; train_num->3200
model_dir,/root/autodl-tmp/SVPG2023/LANE/training_runs/baseline/highway_standard/models
log_dir,  /root/autodl-tmp/SVPG2023/LANE/training_runs/baseline/highway_standard/logs
train,    1, 439.932506,  200,  36
train,    2, 92.719828,   65,  36
train,    3, 23.836289,   26,  36
train,    4, 133.486078,   67,  36
train,    5, 7.394482,   10,  36
train,    6, 139.724454,   68,  36
train,    7, 81.200775,   38,  37
train,    8, 37.809549,   22,  37
train,    9, 55.787854,   27,  37
train,    10, 53.926213,   26,  37
train,    11, 264.213557,  200,  37
train,    12, 180.978083,   78,  37
train,    13, 7.606043,    9,  37
train,    14, 135.972432,   62,  37
train,    15, 160.218674,   87,  37
train,    16, 25.138419,   16,  37
train,    17, 368.196427,  200,  37
train,    18, 447.471830,  200,  37
train,    19, 82.014402,   37,  37
train,    20, 241.668714,  119,  38
train,    21, 127.175613,   57,  38
train,    22, 198.423793,   87,  38
train,    23, 95.472894,   44,  38
train,    24, 91.031675,   43,  38
val_save, 24, 62.014389, 1.0000,  30.6000,   4.8000, 0.0000,  28.6103
val,      24, 62.014389, 1.0000,  30.6000,   4.8000, 0.0000,  28.6103
train,    25, 61.065659,   30,  38
train,    26, 47.076758,   25,  38
train,    27, 77.108888,   37,  38
train,    28, 23.528166,   15,  38
train,    29, 79.145095,   35,  38
train,    30, 131.068655,   56,  38
train,    31, 48.799439,   30,  38
train,    32, 260.532793,  200,  38
train,    33, 505.239305,  200,  38
train,    34, 147.929647,   68,  39
train,    35, 45.249501,   22,  39
train,    36, 490.904733,  200,  39
train,    37, 372.442484,  200,  39
train,    38, 69.043656,   33,  39
train,    39, 464.568136,  200,  39
train,    40, 83.604632,   41,  39
train,    41, 434.184929,  200,  39
train,    42, 66.311540,   32,  39
train,    43, 509.856105,  200,  39
train,    44, 168.994270,  125,  39
train,    45, 76.399558,   36,  39
train,    46, 154.926217,  104,  39
train,    47, 52.245334,   27,  40
train,    48, 62.212603,   31,  40
train,    49, 43.600226,   23,  40
val_save, 49, 144.328565, 1.0000,  62.2000,  10.6000, 0.0000,  29.4156
val,      49, 144.328565, 1.0000,  62.2000,  10.6000, 0.0000,  29.4156
train,    50, 31.771170,   17,  40
train,    51, 209.574725,  200,  40
train,    52, 78.132099,   39,  40
train,    53, 34.552845,   17,  40
train,    54, 469.224962,  200,  40
train,    55, 13.010806,   10,  40
train,    56, 427.127671,  200,  40
train,    57, 156.130029,   88,  40
train,    58, 36.899589,   19,  40
train,    59, 67.462233,   34,  40
train,    60, 237.332353,  173,  40
train,    61, 38.296776,   21,  41
train,    62, 12.079618,   11,  41
train,    63, 280.835977,  177,  41
train,    64, 272.740876,  200,  41
train,    65, 123.314165,   56,  41
train,    66, 104.371173,   47,  41
train,    67, 139.738811,   60,  41
train,    68, 30.534024,   18,  41
train,    69, 92.730551,   42,  41
train,    70, 496.687507,  200,  41
train,    71, 492.069896,  200,  41
train,    72, 159.892860,   68,  41
train,    73, 148.097993,   89,  41
train,    74, 62.774162,   30,  42
val_save, 74, 106.267742, 0.8000,  63.4000,   6.6000, 0.2000,  28.1638
val,      74, 106.267742, 0.8000,  63.4000,   6.6000, 0.2000,  28.1638
train,    75, 451.292992,  200,  42
train,    76, 22.867073,   15,  42
train,    77, 32.298623,   18,  42
train,    78, 103.244217,   47,  42
train,    79, 69.702456,   36,  42
train,    80, 134.124275,   61,  42
train,    81, 111.476881,   50,  42
train,    82, 299.057912,  200,  42
train,    83, 165.323692,  101,  42
train,    84, 80.572991,   39,  42
train,    85, 16.496743,   12,  42
train,    86, 33.635972,   18,  42
train,    87, 53.792976,   27,  43
train,    88, 510.047609,  200,  43
train,    89, 493.715489,  200,  43
train,    90, 71.056568,   33,  43
train,    91, 9.953898,   10,  43
train,    92, 250.835547,  162,  43
train,    93, 6.932110,    9,  43
train,    94, 21.050604,   13,  43
train,    95, 153.091845,   68,  43
train,    96, 105.402348,   48,  43
train,    97, 11.835789,   11,  43
train,    98, 32.984370,   18,  43
train,    99, 41.603865,   22,  43
val,      99, 144.776573, 0.8000,  83.8000,   9.2000, 0.0000,  27.3103
train,    100, 118.361531,   51,  44
train,    101, 31.243031,   18,  44
train,    102, 73.244386,   35,  44
train,    103, 140.189517,  114,  44
train,    104, 164.922481,   72,  44
train,    105, 187.832381,  154,  44
train,    106, 135.348402,   58,  44
train,    107, 62.892266,   30,  44
train,    108, 237.917237,  200,  44
train,    109, 30.841756,   16,  44
train,    110, 56.229644,   29,  44
train,    111, 107.663455,   51,  44
train,    112, 61.341773,   30,  44
train,    113, 408.385114,  200,  44
train,    114, 70.562956,   34,  45
train,    115, 15.299766,   11,  45
train,    116, 64.425921,   32,  45
train,    117, 131.257639,   55,  45
train,    118, 27.829718,   16,  45
train,    119, 494.669056,  200,  45
train,    120, 41.814396,   22,  45
train,    121, 386.354076,  200,  45
train,    122, 36.667718,   20,  45
train,    123, 216.437540,  134,  45
train,    124, 54.127393,   24,  45
val,      124, 130.623807, 0.8000,  65.8000,   8.2000, 0.0000,  27.7799
train,    125, 73.211478,   33,  45
train,    126, 6.497302,    8,  45
train,    127, 38.021747,   21,  46
train,    128, 72.750543,   35,  46
train,    129, 458.796874,  200,  46
train,    130, 8.574678,    9,  46
train,    131, 22.651976,   15,  46
train,    132, 125.744363,   89,  46
train,    133, 18.071416,   12,  46
train,    134, 167.444498,  103,  46
train,    135, 27.403082,   16,  46
train,    136, 159.046454,   67,  46
train,    137, 11.537427,   10,  46
train,    138, 249.931469,  181,  46
train,    139, 11.659840,   10,  46
train,    140, 161.909423,   68,  46
train,    141, 31.815276,   18,  47
train,    142, 47.641212,   24,  47
train,    143, 75.209509,   37,  47
train,    144, 48.565235,   25,  47
train,    145, 21.891909,   14,  47
train,    146, 125.255317,   57,  47
train,    147, 16.347807,   12,  47
train,    148, 144.024411,   61,  47
train,    149, 222.467483,  101,  47
val_save, 149, 201.508049, 0.6000, 117.0000,  14.2000, 0.2000,  27.0982
val,      149, 201.508049, 0.6000, 117.0000,  14.2000, 0.2000,  27.0982
train,    150, 143.249761,   62,  47
train,    151, 189.538702,   79,  47
train,    152, 57.306017,   28,  47
train,    153, 37.897382,   21,  47
train,    154, 9.148732,    9,  48
train,    155, 331.375761,  199,  48
train,    156, 109.260973,   51,  48
train,    157, 54.911965,   26,  48
train,    158, 447.380911,  200,  48
train,    159, 115.361415,   53,  48
train,    160, 103.490746,   50,  48
train,    161, 16.540838,   12,  48
train,    162, 16.082813,   12,  48
train,    163, 21.362110,   14,  48
train,    164, 225.430425,   96,  48
train,    165, 452.159453,  200,  48
train,    166, 469.240143,  200,  48
train,    167, 71.280499,   30,  49
train,    168, 98.968350,   43,  49
train,    169, 65.604457,   33,  49
train,    170, 22.549094,   15,  49
train,    171, 43.352553,   22,  49
train,    172, 21.468744,   14,  49
train,    173, 335.352360,  200,  49
train,    174, 86.695931,   39,  49
val,      174, 155.911330, 0.8000,  87.4000,  10.6000, 0.0000,  27.8136
train,    175, 184.008796,   82,  49
train,    176, 57.903703,   28,  49
train,    177, 416.681572,  200,  49
train,    178, 29.519786,   17,  49
train,    179, 59.113929,   30,  49
train,    180, 225.410472,  200,  50
train,    181, 165.961003,   69,  50
train,    182, 275.279441,  200,  50
train,    183, 91.874580,   42,  50
train,    184, 134.424506,   78,  50
train,    185, 171.127499,   75,  50
train,    186, 67.826625,   31,  50
train,    187, 105.879724,   48,  50
train,    188, 112.277321,   54,  50
train,    189, 42.151358,   22,  50
train,    190, 65.722152,   31,  50
train,    191, 74.936795,   35,  50
train,    192, 446.378501,  200,  50
train,    193, 56.060946,   27,  50
train,    194, 57.986626,   28,  51
train,    195, 44.738685,   23,  51
train,    196, 24.453896,   15,  51
train,    197, 20.891956,   12,  51
train,    198, 159.894986,   69,  51
train,    199, 46.493547,   24,  51
val,      199, 118.987017, 1.0000,  62.0000,   8.8000, 0.0000,  28.2112
train,    200, 124.080986,   57,  51
train,    201, 63.298816,   31,  51
train,    202, 95.434246,   44,  51
train,    203, 142.817757,   63,  51
train,    204, 106.351468,   57,  51
train,    205, 36.084598,   20,  51
train,    206, 102.869158,   46,  51
train,    207, 14.812647,   11,  52
train,    208, 311.089965,  200,  52
train,    209, 14.562252,   11,  52
train,    210, 172.942021,   73,  52
train,    211, 245.009187,  106,  52
train,    212, 85.185827,   40,  52
train,    213, 131.421542,   60,  52
train,    214, 32.950405,   19,  52
train,    215, 11.596430,   10,  52
train,    216, 31.647144,   19,  52
train,    217, 47.131338,   25,  52
train,    218, 103.252631,   46,  52
train,    219, 27.429704,   16,  52
train,    220, 145.330547,   65,  52
train,    221, 16.241117,   12,  53
train,    222, 143.284725,   59,  53
train,    223, 124.987927,   57,  53
train,    224, 99.634479,   45,  53
val,      224, 108.293699, 0.8000,  71.0000,   5.6000, 0.0000,  27.4349
train,    225, 100.373314,   46,  53
train,    226, 36.916482,   20,  53
train,    227, 57.690530,   29,  53
train,    228, 231.645769,  142,  53
train,    229, 12.002758,   10,  53
train,    230, 106.934351,   80,  53
train,    231, 52.652292,   27,  53
train,    232, 133.884419,   57,  53
train,    233, 35.981079,   19,  53
train,    234, 179.783059,   81,  54
train,    235, 116.572463,   54,  54
train,    236, 354.630819,  183,  54
train,    237, 193.083076,   81,  54
train,    238, 341.856893,  179,  54
train,    239, 30.830169,   18,  54
train,    240, 188.813691,   82,  54
train,    241, 27.906206,   17,  54
train,    242, 71.638954,   33,  54
train,    243, 196.516154,   85,  54
train,    244, 33.553021,   18,  54
train,    245, 59.578532,   30,  54
train,    246, 73.318765,   35,  54
train,    247, 0.141148,    5,  55
train,    248, 139.013042,   63,  55
train,    249, 8.822380,    9,  55
val_save, 249, 247.251586, 0.6000, 104.2000,  15.2000, 0.2000,  29.2267
val,      249, 247.251586, 0.6000, 104.2000,  15.2000, 0.2000,  29.2267
train,    250, 44.116129,   22,  55
train,    251, 2.829192,    6,  55
train,    252, 136.041821,   62,  55
train,    253, 315.394492,  154,  55
train,    254, 256.986951,  109,  55
train,    255, 29.296962,   16,  55
train,    256, 53.629562,   26,  55
train,    257, 16.587433,   13,  55
train,    258, 172.236667,   75,  55
train,    259, 380.810414,  199,  55
train,    260, 19.131929,   14,  56
train,    261, 20.644193,   14,  56
train,    262, 198.958887,   86,  56
train,    263, 15.977661,   12,  56
train,    264, 187.788274,   95,  56
train,    265, 148.077416,   90,  56
train,    266, 83.685980,   38,  56
train,    267, 46.262104,   23,  56
train,    268, 21.589048,   13,  56
train,    269, 27.677493,   16,  56
train,    270, 53.895749,   27,  56
train,    271, 32.777661,   19,  56
train,    272, 144.190156,   61,  56
train,    273, 97.354160,   65,  56
train,    274, 73.029926,   36,  57
val,      274, 165.129988, 0.8000,  76.4000,  12.4000, 0.2000,  28.6365
train,    275, 134.356360,   60,  57
train,    276, 33.790460,   19,  57
train,    277, 49.769116,   26,  57
train,    278, 34.292273,   19,  57
train,    279, 65.950556,   32,  57
train,    280, 492.243938,  200,  57
train,    281, 156.481858,   70,  57
train,    282, 44.345853,   23,  57
train,    283, 84.791437,   37,  57
train,    284, 104.466247,   46,  57
train,    285, 122.872153,   55,  57
train,    286, 170.814186,   76,  57
train,    287, 133.810388,   76,  58
train,    288, 21.939318,   13,  58
train,    289, 62.948418,   30,  58
train,    290, 138.539963,   61,  58
train,    291, 312.091516,  162,  58
train,    292, 72.613147,   32,  58
train,    293, 138.295326,   65,  58
train,    294, 148.128974,   67,  58
train,    295, 65.822860,   32,  58
train,    296, 36.181502,   20,  58
train,    297, 167.472745,   73,  58
train,    298, 47.980911,   25,  58
train,    299, 288.775455,  132,  58
val,      299, 104.518164, 1.0000,  61.2000,   8.0000, 0.0000,  27.7545
train,    300, 154.547221,   68,  58
train,    301, 82.520530,   37,  59
train,    302, 126.322830,   56,  59
train,    303, 32.662859,   19,  59
train,    304, 14.706630,   11,  59
train,    305, 243.472872,  106,  59
train,    306, 183.318221,   79,  59
train,    307, 101.898824,   45,  59
train,    308, 32.339752,   19,  59
train,    309, 188.108789,   80,  59
train,    310, 262.275808,  119,  59
train,    311, 108.176646,   49,  59
train,    312, 54.293111,   27,  59
train,    313, 136.990796,  110,  59
train,    314, 498.956757,  200,  60
train,    315, 130.931091,   57,  60
train,    316, 88.780863,   38,  60
train,    317, 36.844343,   19,  60
train,    318, 13.465251,   11,  60
train,    319, 38.977247,   22,  60
train,    320, 115.803347,   51,  60
train,    321, 95.761438,   44,  60
train,    322, 139.991916,   62,  60
train,    323, 192.500408,   82,  60
train,    324, 151.372467,   67,  60
val,      324, 102.481287, 0.8000,  56.0000,   7.4000, 0.2000,  28.4013
train,    325, 148.815170,   65,  60
train,    326, 138.775551,   76,  60
train,    327, 201.642479,   85,  60
train,    328, 199.040415,   88,  60
train,    329, 58.795786,   29,  60
train,    330, 17.014474,   12,  60
train,    331, 169.129150,   74,  60
train,    332, 213.782624,   95,  60
train,    333, 22.283613,   15,  60
train,    334, 50.519939,   26,  60
train,    335, 19.089047,   13,  60
train,    336, 17.083349,   12,  60
train,    337, 49.943625,   26,  60
train,    338, 36.366445,   20,  60
train,    339, 56.217240,   29,  60
train,    340, 58.831201,   30,  60
train,    341, 27.397087,   17,  60
train,    342, 35.879892,   20,  60
train,    343, 77.645988,   37,  60
train,    344, 88.708835,   42,  60
train,    345, 256.560567,  185,  60
train,    346, 22.509019,   14,  60
train,    347, 44.358976,   23,  60
train,    348, 125.403689,   54,  60
train,    349, 79.125681,   38,  60
val,      349, 86.678015, 1.0000,  40.4000,   7.0000, 0.0000,  28.8971
train,    350, 9.637820,    9,  60
train,    351, 76.784671,   35,  60
train,    352, 158.064752,   99,  60
train,    353, 103.993075,   47,  60
train,    354, 10.168962,    8,  60
train,    355, 66.706290,   30,  60
train,    356, 84.055390,   53,  60
train,    357, 236.216640,  129,  60
train,    358, 15.071255,   11,  60
train,    359, 91.324299,   40,  60
train,    360, 40.772804,   22,  60
train,    361, 180.919337,   81,  60
train,    362, 38.897022,   19,  60
train,    363, 44.505180,   24,  60
train,    364, 43.934161,   22,  60
train,    365, 124.531920,   56,  60
train,    366, 200.804140,   90,  60
train,    367, 15.334148,   11,  60
train,    368, 81.237054,   37,  60
train,    369, 297.034144,  139,  60
train,    370, 39.550233,   21,  60
train,    371, 55.932037,   28,  60
train,    372, 444.993559,  200,  60
train,    373, 217.623719,   91,  60
train,    374, 346.422342,  200,  60
val,      374, 147.799231, 0.8000,  94.6000,   8.6000, 0.0000,  26.4599
train,    375, 254.874125,  164,  60
train,    376, 30.927147,   18,  60
train,    377, 82.031704,   37,  60
train,    378, 57.531837,   27,  60
train,    379, 79.464317,   36,  60
train,    380, 119.427539,   60,  60
train,    381, 127.052941,   97,  60
train,    382, 220.981865,  151,  60
train,    383, 14.827822,   11,  60
train,    384, 13.322866,   10,  60
train,    385, 185.090365,   80,  60
train,    386, 158.397717,   91,  60
train,    387, 332.101667,  200,  60
train,    388, 67.194542,   33,  60
train,    389, 252.412965,  109,  60
train,    390, 53.254364,   27,  60
train,    391, 36.022513,   21,  60
train,    392, 83.922927,   38,  60
train,    393, 26.493659,   17,  60
train,    394, 17.148592,   14,  60
train,    395, 81.794004,   39,  60
train,    396, 47.520000,   27,  60
train,    397, 113.059089,   51,  60
train,    398, 96.510713,   46,  60
train,    399, 12.179193,   10,  60
val,      399, 32.908743, 1.0000,  18.6000,   2.2000, 0.0000,  28.3885
train,    400, 68.184014,   32,  60
train,    401, 72.663830,   36,  60
train,    402, 103.284596,   69,  60
train,    403, 77.910472,   57,  60
train,    404, 269.976929,  200,  60
train,    405, 90.630581,   42,  60
train,    406, 39.640696,   21,  60
train,    407, 10.940545,   10,  60
train,    408, 52.603982,   25,  60
train,    409, 51.470347,   26,  60
train,    410, 247.786127,  163,  60
train,    411, 247.980312,  135,  60
train,    412, 122.263378,   53,  60
train,    413, 22.499343,   14,  60
train,    414, 197.652875,  132,  60
train,    415, 76.742762,   37,  60
train,    416, 17.828896,   13,  60
train,    417, 83.692059,   40,  60
train,    418, 57.012419,   28,  60
train,    419, 26.549193,   15,  60
train,    420, -6.366507,    3,  60
train,    421, 61.101927,   54,  60
train,    422, 99.235204,   46,  60
train,    423, 21.844522,   14,  60
train,    424, 29.085787,   17,  60
val,      424, 203.294857, 0.8000, 135.6000,  10.6000, 0.0000,  25.3793
train,    425, 29.685742,   17,  60
train,    426, 44.961342,   23,  60
train,    427, 39.405548,   20,  60
train,    428, -2.640859,    3,  60
train,    429, 42.449005,   21,  60
train,    430, 16.854216,   12,  60
train,    431, 5.041930,    8,  60
train,    432, 466.182307,  200,  60
train,    433, 23.630734,   15,  60
train,    434, 82.220853,   37,  60
train,    435, 230.710348,  200,  60
train,    436, 141.882359,   64,  60
train,    437, 307.649227,  200,  60
train,    438, 150.691451,   69,  60
train,    439, 81.206326,   38,  60
train,    440, 89.679776,   43,  60
train,    441, 213.098891,   95,  60
train,    442, 179.974006,   81,  60
train,    443, 120.940146,   55,  60
train,    444, 364.395049,  200,  60
train,    445, 346.792941,  200,  60
train,    446, 84.951421,   47,  60
train,    447, 64.268903,   59,  60
train,    448, 125.381806,  114,  60
train,    449, 18.587830,   12,  60
val,      449, 125.170370, 0.8000,  55.2000,   7.4000, 0.0000,  28.9642
train,    450, 106.649231,   63,  60
train,    451, 177.474807,   76,  60
train,    452, 135.326079,   63,  60
train,    453, 5.135292,    7,  60
train,    454, 58.329132,   29,  60
train,    455, 215.273063,   90,  60
train,    456, 207.787994,  107,  60
train,    457, 25.537424,   16,  60
train,    458, 113.609967,   52,  60
train,    459, 182.533601,   79,  60
train,    460, 11.571176,   10,  60
train,    461, 84.123988,   41,  60
train,    462, 34.642342,   20,  60
train,    463, 148.237449,   84,  60
train,    464, 14.557866,   11,  60
train,    465, 29.217926,   16,  60
train,    466, 40.577939,   22,  60
train,    467, 37.036628,   20,  60
train,    468, 68.333917,   34,  60
train,    469, 376.842101,  200,  60
train,    470, 84.476328,   53,  60
train,    471, 73.191506,   34,  60
train,    472, 156.147889,   85,  60
train,    473, 15.252323,   12,  60
train,    474, 55.663248,   26,  60
val,      474, 51.165027, 1.0000,  26.0000,   3.2000, 0.0000,  29.0721
train,    475, 75.878647,   42,  60
train,    476, 56.731236,   29,  60
train,    477, 494.365349,  200,  60
train,    478, 116.212654,   53,  60
train,    479, 65.832892,   30,  60
train,    480, 67.108823,   34,  60
train,    481, 70.779046,   59,  60
train,    482, 35.203534,   19,  60
train,    483, 77.937632,   37,  60
train,    484, 96.128515,   70,  60
train,    485, 206.907551,   88,  60
train,    486, 212.373835,  200,  60
train,    487, 54.074928,   28,  60
train,    488, 42.460137,   22,  60
train,    489, 55.373087,   28,  60
train,    490, 56.105024,   29,  60
train,    491, 353.649333,  200,  60
train,    492, 94.782040,   45,  60
train,    493, 19.177570,   13,  60
train,    494, 42.594177,   22,  60
train,    495, 102.799762,   82,  60
train,    496, 116.007864,   53,  60
train,    497, 93.999763,   44,  60
train,    498, 43.383746,   23,  60
train,    499, 32.909879,   20,  60
val,      499, 149.910807, 0.8000,  69.6000,   9.8000, 0.2000,  28.9705
train,    500, 50.469659,   26,  60
train,    501, 66.238431,   31,  60
train,    502, 122.639405,   58,  60
train,    503, 50.574849,   25,  60
train,    504, 260.164375,  105,  60
train,    505, 107.716818,   80,  60
train,    506, 159.047111,   71,  60
train,    507, 33.793562,   19,  60
train,    508, 33.046914,   20,  60
train,    509, 12.394965,   10,  60
train,    510, 107.902345,   54,  60
train,    511, 28.932798,   15,  60
train,    512, 98.567571,   43,  60
train,    513, 146.647235,   65,  60
train,    514, 1.735000,    6,  60
train,    515, 94.321374,   59,  60
train,    516, 48.200953,   25,  60
train,    517, 204.937773,   90,  60
train,    518, 184.554312,   83,  60
train,    519, 146.307448,   64,  60
train,    520, 64.824555,   29,  60
train,    521, 20.091669,   14,  60
train,    522, 193.154823,   84,  60
train,    523, 66.740643,   35,  60
train,    524, 39.367936,   22,  60
val,      524, 110.351772, 1.0000,  56.8000,   9.2000, 0.0000,  28.4283
train,    525, 221.116883,  200,  60
train,    526, 211.929561,  161,  60
train,    527, 116.545295,   63,  60
train,    528, 39.658811,   20,  60
train,    529, 23.971246,   15,  60
train,    530, 260.744272,  153,  60
train,    531, 273.936351,  200,  60
train,    532, 55.508942,   28,  60
train,    533, 146.442569,   65,  60
train,    534, 195.242289,   85,  60
train,    535, 152.163988,   69,  60
train,    536, 12.846479,   10,  60
train,    537, 7.073793,    8,  60
train,    538, 47.040476,   24,  60
train,    539, 289.809565,  161,  60
train,    540, 307.272003,  200,  60
train,    541, 58.568118,   28,  60
train,    542, 114.238429,   49,  60
train,    543, 53.110948,   28,  60
train,    544, 385.419214,  200,  60
train,    545, 123.911075,   56,  60
train,    546, 70.882746,   33,  60
train,    547, 225.279075,  169,  60
train,    548, 185.070791,  130,  60
train,    549, 96.311533,   46,  60
val,      549, 98.498629, 1.0000,  50.6000,   6.2000, 0.0000,  28.0398
train,    550, 226.543303,  113,  60
train,    551, 11.682342,   10,  60
train,    552, 75.317611,   54,  60
train,    553, 136.744094,   57,  60
train,    554, 67.631581,   48,  60
train,    555, 25.268990,   15,  60
train,    556, 82.450569,   39,  60
train,    557, 62.795865,   30,  60
train,    558, 189.781678,  129,  60
train,    559, 103.784371,   49,  60
train,    560, 18.389357,   12,  60
train,    561, 16.197861,   12,  60
train,    562, 60.841085,   30,  60
train,    563, 78.113854,   36,  60
train,    564, 274.131005,  164,  60
train,    565, 30.984778,   18,  60
train,    566, 136.967633,   61,  60
train,    567, 378.716609,  200,  60
train,    568, 41.219789,   22,  60
train,    569, 19.473537,   13,  60
train,    570, 119.658665,   56,  60
train,    571, 252.299517,  200,  60
train,    572, 217.676343,  128,  60
train,    573, 317.398007,  200,  60
train,    574, 29.229648,   16,  60
val,      574, 157.977554, 0.8000,  82.4000,  10.2000, 0.2000,  27.7423
train,    575, 185.866559,   79,  60
train,    576, 101.348604,   46,  60
train,    577, 93.056448,   44,  60
train,    578, 47.967284,   25,  60
train,    579, 63.702959,   31,  60
train,    580, 47.522142,   25,  60
train,    581, 24.818684,   15,  60
train,    582, 16.925094,   11,  60
train,    583, 143.525239,   61,  60
train,    584, 53.787206,   27,  60
train,    585, 256.201903,  147,  60
train,    586, 45.566171,   23,  60
train,    587, 66.657830,   32,  60
train,    588, 110.607412,   49,  60
train,    589, 147.342858,   63,  60
train,    590, 148.192050,   67,  60
train,    591, 73.793198,   35,  60
train,    592, 206.117036,  101,  60
train,    593, 35.829633,   20,  60
train,    594, 346.894669,  147,  60
train,    595, 54.121742,   28,  60
train,    596, 25.647878,   16,  60
train,    597, 326.691045,  200,  60
train,    598, 14.679975,   11,  60
train,    599, 77.741413,   35,  60
val,      599, 148.280397, 0.8000,  66.0000,  11.2000, 0.2000,  28.8856
train,    600, 116.066154,   54,  60
train,    601, 90.579741,   41,  60
train,    602, 128.271900,   82,  60
train,    603, 29.292909,   18,  60
train,    604, 314.256851,  200,  60
train,    605, 92.543806,   43,  60
train,    606, 6.256823,    8,  60
train,    607, 111.123277,   65,  60
train,    608, 27.068786,   16,  60
train,    609, 210.670780,  188,  60
train,    610, 29.735189,   18,  60
train,    611, 95.019772,   43,  60
train,    612, 58.182998,   29,  60
train,    613, 27.459739,   16,  60
train,    614, 34.700014,   19,  60
train,    615, 63.909813,   31,  60
train,    616, 91.502342,   42,  60
train,    617, 86.616771,   41,  60
train,    618, 11.215216,   10,  60
train,    619, 394.718455,  200,  60
train,    620, 200.065502,   85,  60
train,    621, 51.258319,   27,  60
train,    622, 211.431823,  141,  60
train,    623, 86.029291,   39,  60
train,    624, 152.451711,   67,  60
val,      624, 200.991838, 0.8000, 118.0000,  10.4000, 0.2000,  26.7559
train,    625, 31.157772,   18,  60
train,    626, 282.904666,  161,  60
train,    627, 126.325916,   56,  60
train,    628, 44.455083,   22,  60
train,    629, 101.614426,   45,  60
train,    630, 162.176180,  135,  60
train,    631, 186.748277,   82,  60
train,    632, 89.400712,   53,  60
train,    633, 270.175539,  141,  60
train,    634, 28.616476,   17,  60
train,    635, 52.508835,   28,  60
train,    636, 109.066573,   50,  60
train,    637, 120.482465,   56,  60
train,    638, 28.025283,   17,  60
train,    639, 21.516112,   14,  60
train,    640, 108.818385,   49,  60
train,    641, 19.047530,   13,  60
train,    642, 88.532555,   42,  60
train,    643, 16.046392,   12,  60
train,    644, 325.596429,  200,  60
train,    645, 76.711828,   37,  60
train,    646, 52.292397,   26,  60
train,    647, 16.215859,   12,  60
train,    648, 62.386093,   29,  60
train,    649, 137.478009,   92,  60
val,      649, 60.016997, 1.0000,  29.2000,   5.4000, 0.0000,  28.4788
train,    650, 28.474273,   17,  60
train,    651, 32.658642,   19,  60
train,    652, 30.073084,   17,  60
train,    653, 122.303950,   56,  60
train,    654, 63.181701,   31,  60
train,    655, 249.087612,  112,  60
train,    656, 236.730080,  103,  60
train,    657, 230.393705,  148,  60
train,    658, 7.112645,    8,  60
train,    659, 19.372648,   13,  60
train,    660, 95.502416,   43,  60
train,    661, 119.589662,   54,  60
train,    662, 10.053483,    9,  60
train,    663, 35.039111,   20,  60
train,    664, 196.704147,  200,  60
train,    665, 28.421096,   17,  60
train,    666, 17.771918,   13,  60
train,    667, 13.658704,    9,  60
train,    668, 96.250197,   44,  60
train,    669, 26.623118,   17,  60
train,    670, 73.471450,   33,  60
train,    671, 36.543653,   19,  60
train,    672, 306.170427,  200,  60
train,    673, 73.394849,   36,  60
train,    674, 175.724838,   96,  60
val,      674, 77.017182, 1.0000,  37.0000,   7.6000, 0.0000,  29.0357
train,    675, 270.202825,  185,  60
train,    676, 95.305928,   45,  60
train,    677, 99.891639,   46,  60
train,    678, 64.072571,   30,  60
train,    679, 9.313102,    9,  60
train,    680, 16.291973,   12,  60
train,    681, 63.535342,   30,  60
train,    682, 18.819830,   13,  60
train,    683, 14.381650,   10,  60
train,    684, 131.192662,   87,  60
train,    685, 54.961783,   27,  60
train,    686, 28.251909,   16,  60
train,    687, 118.823749,   55,  60
train,    688, 6.387580,    7,  60
train,    689, 94.841916,   42,  60
train,    690, 512.540602,  200,  60
train,    691, 34.331416,   19,  60
train,    692, 111.263013,   63,  60
train,    693, 96.003450,   44,  60
train,    694, 186.951463,  124,  60
train,    695, 308.100447,  193,  60
train,    696, 91.983750,   44,  60
train,    697, 202.778383,  126,  60
train,    698, 33.788361,   18,  60
train,    699, 455.735177,  200,  60
val,      699, 127.636100, 0.8000,  57.8000,   8.0000, 0.2000,  28.8410
train,    700, 511.841270,  200,  60
train,    701, 121.925207,   77,  60
train,    702, 222.125239,   97,  60
train,    703, 201.343404,  106,  60
train,    704, 12.641825,   10,  60
train,    705, 67.968126,   32,  60
train,    706, 104.481105,   49,  60
train,    707, 111.226358,   50,  60
train,    708, 61.065127,   30,  60
train,    709, 10.366201,    9,  60
train,    710, 47.315806,   25,  60
train,    711, 120.289498,   53,  60
train,    712, 93.498803,   41,  60
train,    713, 8.937171,    9,  60
train,    714, -3.884697,    3,  60
train,    715, 140.360224,   86,  60
train,    716, 86.013557,   43,  60
train,    717, 26.972497,   17,  60
train,    718, 23.281177,   14,  60
train,    719, 266.688884,  200,  60
train,    720, 23.132644,   15,  60
train,    721, 229.055974,  134,  60
train,    722, 8.418475,    8,  60
train,    723, 7.077757,    8,  60
train,    724, 133.765218,   61,  60
val,      724, 96.114159, 1.0000,  45.2000,   8.0000, 0.0000,  28.7952
train,    725, 18.369391,   13,  60
train,    726, 130.479277,   60,  60
train,    727, 156.968624,   75,  60
train,    728, 368.947862,  187,  60
train,    729, 120.808548,   66,  60
train,    730, 41.810831,   22,  60
train,    731, 159.156651,   71,  60
train,    732, 183.252081,   97,  60
train,    733, 17.597823,   12,  60
train,    734, 85.761620,   41,  60
train,    735, 18.177949,   13,  60
train,    736, 278.126167,  189,  60
train,    737, 35.249051,   20,  60
train,    738, 70.628446,   34,  60
train,    739, 217.972660,   96,  60
train,    740, 24.872253,   16,  60
train,    741, 6.604621,    8,  60
train,    742, 23.879599,   14,  60
train,    743, 68.340929,   34,  60
train,    744, 54.792678,   26,  60
train,    745, 192.760095,   84,  60
train,    746, 91.880602,   42,  60
train,    747, 59.920034,   29,  60
train,    748, 63.262287,   33,  60
train,    749, 111.328876,   52,  60
val,      749, 118.449752, 1.0000,  67.8000,   8.2000, 0.0000,  27.9671
train,    750, 41.861348,   21,  60
train,    751, 19.869806,   13,  60
train,    752, 39.125249,   20,  60
train,    753, 34.589357,   19,  60
train,    754, 13.888175,   11,  60
train,    755, 67.237770,   50,  60
train,    756, 182.649285,   81,  60
train,    757, 59.789776,   29,  60
train,    758, 136.981408,   64,  60
train,    759, 26.310947,   16,  60
train,    760, 84.602885,   39,  60
train,    761, 58.754312,   30,  60
train,    762, 35.560850,   20,  60
train,    763, 21.294977,   14,  60
train,    764, 103.925036,   48,  60
train,    765, 38.775111,   19,  60
train,    766, 114.899144,   56,  60
train,    767, 226.990254,   98,  60
train,    768, 162.171000,   66,  60
train,    769, 74.345765,   35,  60
train,    770, 11.988683,   10,  60
train,    771, 12.437668,   10,  60
train,    772, 56.276654,   28,  60
train,    773, 18.338630,   13,  60
train,    774, 64.564109,   30,  60
val,      774, 126.756179, 0.8000,  74.6000,   8.2000, 0.0000,  27.8512
train,    775, 146.705710,   66,  60
train,    776, 206.537809,   91,  60
train,    777, 53.034219,   27,  60
train,    778, 67.512297,   33,  60
train,    779, 72.448941,   37,  60
train,    780, 35.096239,   19,  60
train,    781, 196.441879,  105,  60
train,    782, 55.941244,   27,  60
train,    783, 40.550443,   20,  60
train,    784, 166.208447,   73,  60
train,    785, 134.924889,   58,  60
train,    786, 46.819242,   24,  60
train,    787, 24.617258,   15,  60
train,    788, 21.618457,   13,  60
train,    789, 72.908171,   33,  60
train,    790, 10.906596,   10,  60
train,    791, 125.851191,   90,  60
train,    792, 17.322726,   12,  60
train,    793, 24.566145,   15,  60
train,    794, 357.636882,  200,  60
train,    795, 33.040238,   19,  60
train,    796, 129.037841,   58,  60
train,    797, 6.153734,    7,  60
train,    798, 32.488993,   18,  60
train,    799, 88.863568,   41,  60
val,      799, 59.295170, 1.0000,  29.8000,   6.4000, 0.0000,  28.6396
train,    800, 176.987712,  117,  60
train,    801, 41.568702,   21,  60
train,    802, 56.181882,   29,  60
train,    803, 66.544798,   32,  60
train,    804, 210.965454,   93,  60
train,    805, 70.039292,   35,  60
train,    806, 215.478412,   93,  60
train,    807, 205.099016,  134,  60
train,    808, 24.657244,   15,  60
train,    809, 379.659360,  179,  60
train,    810, 74.982329,   36,  60
train,    811, 52.541898,   28,  60
train,    812, 29.122704,   18,  60
train,    813, 78.058390,   38,  60
train,    814, 80.925183,   37,  60
train,    815, 142.868307,   60,  60
train,    816, 100.731710,   47,  60
train,    817, 120.114206,   52,  60
train,    818, 58.922431,   29,  60
train,    819, 56.997719,   30,  60
train,    820, 63.329684,   31,  60
train,    821, 47.414192,   25,  60
train,    822, 31.318206,   18,  60
train,    823, 228.093436,  119,  60
train,    824, 29.758634,   18,  60
val,      824, 92.747070, 1.0000,  55.2000,   6.8000, 0.0000,  27.1756
train,    825, 97.439926,   45,  60
train,    826, 78.458511,   36,  60
train,    827, 431.556522,  200,  60
train,    828, 106.120593,   75,  60
train,    829, 81.724926,   38,  60
train,    830, 7.414520,    8,  60
train,    831, 116.410649,   51,  60
train,    832, 185.953505,  123,  60
train,    833, 91.391370,   66,  60
train,    834, 200.153830,   90,  60
train,    835, 13.857960,   11,  60
train,    836, 71.562691,   34,  60
train,    837, 139.454567,   62,  60
train,    838, 34.284367,   19,  60
train,    839, 52.263031,   26,  60
train,    840, 21.824123,   14,  60
train,    841, 36.155644,   21,  60
train,    842, 98.284803,   50,  60
train,    843, 46.834231,   24,  60
train,    844, 30.846869,   17,  60
train,    845, 37.410388,   21,  60
train,    846, 103.131618,   48,  60
train,    847, 156.540832,   70,  60
train,    848, 28.607590,   17,  60
train,    849, 171.025306,   75,  60
val,      849, 54.392716, 1.0000,  27.2000,   5.4000, 0.0000,  28.9112
train,    850, 13.992170,   10,  60
train,    851, 348.400080,  200,  60
train,    852, 240.932256,  200,  60
train,    853, 142.821972,   64,  60
train,    854, 196.539434,   86,  60
train,    855, 6.923335,    8,  60
train,    856, 231.331237,  134,  60
train,    857, 256.011317,  128,  60
train,    858, 85.909170,   40,  60
train,    859, 185.569507,  148,  60
train,    860, 106.321920,   49,  60
train,    861, 15.962648,   12,  60
train,    862, 51.170084,   26,  60
train,    863, 357.005530,  200,  60
train,    864, 105.154408,  102,  60
train,    865, 82.475010,   40,  60
train,    866, 77.660760,   35,  60
train,    867, 12.079742,   10,  60
train,    868, 171.404513,   73,  60
train,    869, 185.232799,  145,  60
train,    870, 96.559434,   45,  60
train,    871, 151.171526,   67,  60
train,    872, 48.446559,   25,  60
train,    873, 34.020237,   35,  60
train,    874, 225.977969,  200,  60
val,      874, 51.683950, 1.0000,  26.2000,   3.8000, 0.0000,  28.7599
train,    875, 90.873765,   40,  60
train,    876, 70.186929,   31,  60
train,    877, 17.541940,   14,  60
train,    878, 48.238833,   24,  60
train,    879, 90.696170,   43,  60
train,    880, 86.546404,   39,  60
train,    881, 266.146754,  200,  60
train,    882, 173.038651,   78,  60
train,    883, 176.452700,  107,  60
train,    884, 87.327760,   55,  60
train,    885, 98.589320,   46,  60
train,    886, 217.812046,  148,  60
train,    887, 4.299144,    7,  60
train,    888, 41.656186,   23,  60
train,    889, 37.360565,   20,  60
train,    890, 32.754567,   19,  60
train,    891, 27.866256,   17,  60
train,    892, 195.683670,  104,  60
train,    893, 212.144676,  151,  60
train,    894, 195.923550,   83,  60
train,    895, 123.868139,   72,  60
train,    896, 28.822840,   17,  60
train,    897, 58.138505,   29,  60
train,    898, 64.818364,   31,  60
train,    899, 8.307570,    9,  60
val_save, 899, 251.883757, 0.6000, 108.4000,  14.4000, 0.2000,  28.7311
val,      899, 251.883757, 0.6000, 108.4000,  14.4000, 0.2000,  28.7311
train,    900, 273.249745,  132,  60
train,    901, 19.983057,   14,  60
train,    902, 203.102282,  109,  60
train,    903, 43.247743,   23,  60
train,    904, 108.739636,   53,  60
train,    905, 70.844039,   35,  60
train,    906, 17.524758,   12,  60
train,    907, 53.919855,   28,  60
train,    908, 514.312369,  200,  60
train,    909, 16.900196,   13,  60
train,    910, 153.756674,   65,  60
train,    911, 156.875341,   70,  60
train,    912, 50.795126,   26,  60
train,    913, 366.248048,  182,  60
train,    914, 103.376170,   47,  60
train,    915, 30.104774,   18,  60
train,    916, 248.820862,  191,  60
train,    917, 77.576523,   39,  60
train,    918, 11.361675,   10,  60
train,    919, 30.663297,   18,  60
train,    920, 144.584581,   64,  60
train,    921, 65.159051,   31,  60
train,    922, 71.663449,   58,  60
train,    923, 271.559358,  145,  60
train,    924, 41.323756,   22,  60
val,      924, 79.597381, 1.0000,  46.0000,   6.4000, 0.0000,  27.7876
train,    925, 70.682516,   33,  60
train,    926, 63.241878,   30,  60
train,    927, 14.630764,   11,  60
train,    928, 64.127240,   32,  60
train,    929, 35.303584,   20,  60
train,    930, 111.291923,   65,  60
train,    931, 151.447899,   69,  60
train,    932, 75.392992,   36,  60
train,    933, 30.207631,   17,  60
train,    934, 104.753677,   46,  60
train,    935, 50.858977,   27,  60
train,    936, 37.317648,   19,  60
train,    937, 65.503162,   31,  60
train,    938, -2.916103,    4,  60
train,    939, 21.876143,   14,  60
train,    940, 28.753832,   16,  60
train,    941, 315.410199,  200,  60
train,    942, 360.436732,  200,  60
train,    943, 29.584610,   18,  60
train,    944, 109.668737,   49,  60
train,    945, 329.277278,  200,  60
train,    946, 123.055355,   57,  60
train,    947, 493.800038,  200,  60
train,    948, 142.222403,   89,  60
train,    949, 91.069614,   42,  60
val,      949, 166.746894, 0.8000,  76.8000,   9.6000, 0.2000,  28.2043
train,    950, 8.886297,    9,  60
train,    951, 25.593103,   16,  60
train,    952, 61.144187,   29,  60
train,    953, 131.241997,   59,  60
train,    954, 318.975717,  196,  60
train,    955, 7.856282,    8,  60
train,    956, 277.802822,  157,  60
train,    957, 191.194310,   87,  60
train,    958, 60.791790,   29,  60
train,    959, 14.883052,   11,  60
train,    960, 44.882212,   24,  60
train,    961, 39.718632,   21,  60
train,    962, 214.595152,   94,  60
train,    963, 54.303101,   33,  60
train,    964, 60.696839,   31,  60
train,    965, 58.879549,   28,  60
train,    966, 124.936646,   53,  60
train,    967, 77.555361,   37,  60
train,    968, 21.440777,   14,  60
train,    969, 207.068540,  108,  60
train,    970, 67.799712,   32,  60
train,    971, 14.926350,   11,  60
train,    972, 92.411596,   44,  60
train,    973, 80.168858,   37,  60
train,    974, 185.731176,  109,  60
val,      974, 154.104655, 0.8000,  76.2000,  10.2000, 0.0000,  28.1013
train,    975, 181.127163,   75,  60
train,    976, 94.520876,   61,  60
train,    977, 338.487333,  200,  60
train,    978, 69.844977,   33,  60
train,    979, 89.865308,   40,  60
train,    980, 198.442826,  121,  60
train,    981, 9.887621,    9,  60
train,    982, 40.262423,   21,  60
train,    983, 43.146185,   22,  60
train,    984, 172.687743,  105,  60
train,    985, 190.671249,  153,  60
train,    986, 74.288024,   36,  60
train,    987, 50.199140,   26,  60
train,    988, 7.600876,    9,  60
train,    989, 31.323958,   19,  60
train,    990, 48.674146,   23,  60
train,    991, 98.171457,   47,  60
train,    992, 37.055826,   21,  60
train,    993, 61.068766,   29,  60
train,    994, 433.016014,  183,  60
train,    995, 40.236427,   21,  60
train,    996, 173.315008,   86,  60
train,    997, 59.351235,   30,  60
train,    998, 12.283076,   11,  60
train,    999, 119.619389,   52,  60
val,      999, 86.752654, 1.0000,  40.2000,   7.0000, 0.0000,  28.9301
train,    1000, 207.918523,   91,  60
train,    1001, 82.807292,   39,  60
train,    1002, 202.482697,  200,  60
train,    1003, 45.300637,   24,  60
train,    1004, 65.085499,   31,  60
train,    1005, 495.795649,  200,  60
train,    1006, 57.790258,   29,  60
train,    1007, 14.670073,   11,  60
train,    1008, 27.057925,   16,  60
train,    1009, 9.244281,    9,  60
train,    1010, 64.164503,   31,  60
train,    1011, 57.403773,   27,  60
train,    1012, 128.939680,   58,  60
train,    1013, 80.450230,   39,  60
train,    1014, 103.431055,   46,  60
train,    1015, 149.218476,   93,  60
train,    1016, 110.032700,   49,  60
train,    1017, 31.856139,   18,  60
train,    1018, 192.095831,  102,  60
train,    1019, 50.198698,   27,  60
train,    1020, 40.520643,   21,  60
train,    1021, 4.226882,    7,  60
train,    1022, 6.937510,    8,  60
train,    1023, 23.899530,   15,  60
train,    1024, 185.540723,  117,  60
val,      1024, 46.448448, 1.0000,  25.4000,   5.2000, 0.0000,  28.3301
train,    1025, 66.935947,   33,  60
train,    1026, 56.431801,   28,  60
train,    1027, 125.820316,   55,  60
train,    1028, 233.362239,  156,  60
train,    1029, 25.950569,   17,  60
train,    1030, 60.442195,   32,  60
train,    1031, 62.203240,   30,  60
train,    1032, 34.291406,   19,  60
train,    1033, 238.349328,  200,  60
train,    1034, 5.622802,    8,  60
train,    1035, 30.662669,   16,  60
train,    1036, 82.877553,   39,  60
train,    1037, 7.659723,    9,  60
train,    1038, 79.596657,   54,  60
train,    1039, 87.957799,   42,  60
train,    1040, 15.495936,   11,  60
train,    1041, 45.471684,   23,  60
train,    1042, 100.526421,   47,  60
train,    1043, 179.049876,   78,  60
train,    1044, 13.736498,   11,  60
train,    1045, 283.648133,  200,  60
train,    1046, 8.590597,    9,  60
train,    1047, 26.247049,   15,  60
train,    1048, 57.508424,   29,  60
train,    1049, 235.759695,  101,  60
val,      1049, 130.350324, 0.8000,  80.6000,   9.0000, 0.0000,  26.9957
train,    1050, 32.352119,   18,  60
train,    1051, 113.951124,   52,  60
train,    1052, 182.850680,  108,  60
train,    1053, 103.384245,   49,  60
train,    1054, 17.015158,   12,  60
train,    1055, 26.629750,   16,  60
train,    1056, 161.015298,  109,  60
train,    1057, 184.967526,  149,  60
train,    1058, 503.724662,  200,  60
train,    1059, 149.223275,   68,  60
train,    1060, 40.157827,   21,  60
train,    1061, 53.646701,   25,  60
train,    1062, 67.134353,   30,  60
train,    1063, 35.718451,   19,  60
train,    1064, 204.749449,  142,  60
train,    1065, 25.618407,   16,  60
train,    1066, 151.182126,   87,  60
train,    1067, 138.636101,  105,  60
train,    1068, 61.466733,   31,  60
train,    1069, 334.513708,  200,  60
train,    1070, 205.865149,   93,  60
train,    1071, 99.278029,   46,  60
train,    1072, 77.528578,   37,  60
train,    1073, 73.711382,   36,  60
train,    1074, 338.806417,  200,  60
val,      1074, 212.366270, 0.8000,  98.4000,  13.8000, 0.2000,  28.7091
train,    1075, 86.774026,   41,  60
train,    1076, 401.860123,  200,  60
train,    1077, 94.626982,   43,  60
train,    1078, 136.774640,   65,  60
train,    1079, 90.935035,   42,  60
train,    1080, 96.347193,   44,  60
train,    1081, 24.715054,   15,  60
train,    1082, 349.566344,  200,  60
train,    1083, 98.462457,   63,  60
train,    1084, 330.880275,  200,  60
train,    1085, 169.911799,   75,  60
train,    1086, 141.336067,   61,  60
train,    1087, 214.885385,  112,  60
train,    1088, 50.825186,   26,  60
train,    1089, 115.004319,   53,  60
train,    1090, 53.924128,   28,  60
train,    1091, 284.860016,  200,  60
train,    1092, 122.653008,   56,  60
train,    1093, 89.064495,   41,  60
train,    1094, 101.786272,   46,  60
train,    1095, 15.545783,   12,  60
train,    1096, 188.972923,  141,  60
train,    1097, 64.438966,   32,  60
train,    1098, 16.445346,   12,  60
train,    1099, 91.176485,   45,  60
val,      1099, 251.955867, 0.6000, 124.6000,  18.2000, 0.0000,  27.9048
train,    1100, 189.274170,  122,  60
train,    1101, 18.591848,   12,  60
train,    1102, 140.928040,   61,  60
train,    1103, 31.304075,   18,  60
train,    1104, 62.498438,   31,  60
train,    1105, 101.570373,   48,  60
train,    1106, 91.543706,   42,  60
train,    1107, 90.899653,   41,  60
train,    1108, 323.010924,  148,  60
train,    1109, 90.140224,   42,  60
train,    1110, 18.029214,   12,  60
train,    1111, 180.697000,  100,  60
train,    1112, 91.773169,   43,  60
train,    1113, 6.826821,    8,  60
train,    1114, 164.641262,  104,  60
train,    1115, 156.934744,  136,  60
train,    1116, 27.632592,   16,  60
train,    1117, 203.969732,   88,  60
train,    1118, 21.193223,   15,  60
train,    1119, 26.496679,   15,  60
train,    1120, 144.032632,   67,  60
train,    1121, 14.840690,   11,  60
train,    1122, 60.112796,   31,  60
train,    1123, 162.334762,   72,  60
train,    1124, 8.125551,    9,  60
val,      1124, 93.752842, 1.0000,  43.4000,   7.6000, 0.0000,  29.1707
train,    1125, 151.671797,   66,  60
train,    1126, 82.117946,   39,  60
train,    1127, 42.453490,   23,  60
train,    1128, 255.969864,  200,  60
train,    1129, 186.303863,   96,  60
train,    1130, 52.939851,   26,  60
train,    1131, 28.759914,   17,  60
train,    1132, 28.376810,   17,  60
train,    1133, 178.460324,   75,  60
train,    1134, 87.090517,   41,  60
train,    1135, 91.098553,   49,  60
train,    1136, 141.544811,   63,  60
train,    1137, 46.089029,   42,  60
train,    1138, 79.812936,   36,  60
train,    1139, 259.124761,  200,  60
train,    1140, 471.306818,  200,  60
train,    1141, 50.867689,   26,  60
train,    1142, 54.101422,   26,  60
train,    1143, 69.714582,   34,  60
train,    1144, 89.672827,   44,  60
train,    1145, 35.185304,   19,  60
train,    1146, 44.821707,   24,  60
train,    1147, 12.291049,   10,  60
train,    1148, 39.234711,   21,  60
train,    1149, 63.004194,   32,  60
val,      1149, 113.008157, 1.0000,  65.8000,   6.4000, 0.0000,  28.0637
train,    1150, 12.443673,   10,  60
train,    1151, 11.989689,   11,  60
train,    1152, 505.139520,  200,  60
train,    1153, 108.755978,   50,  60
train,    1154, 11.880022,   10,  60
train,    1155, 100.112962,   46,  60
train,    1156, 109.317773,   49,  60
train,    1157, 43.948071,   23,  60
train,    1158, 17.153943,   12,  60
train,    1159, 114.419026,   65,  60
train,    1160, 18.675213,   12,  60
train,    1161, 121.526417,   53,  60
train,    1162, 10.732953,   11,  60
train,    1163, 186.913178,  104,  60
train,    1164, 125.563583,   58,  60
train,    1165, 344.578234,  157,  60
train,    1166, 68.686810,   32,  60
train,    1167, 106.251165,   49,  60
train,    1168, 60.437882,   30,  60
train,    1169, 55.184720,   26,  60
train,    1170, 169.347259,  109,  60
train,    1171, 282.314615,  121,  60
train,    1172, 7.151064,    8,  60
train,    1173, 165.553026,   70,  60
train,    1174, 91.574463,   43,  60
val,      1174, 116.931951, 1.0000,  62.8000,   8.2000, 0.0000,  27.5945
train,    1175, 158.281403,   68,  60
train,    1176, 84.559959,   39,  60
train,    1177, 30.454928,   17,  60
train,    1178, 27.321822,   16,  60
train,    1179, 91.617551,   57,  60
train,    1180, 28.823525,   17,  60
train,    1181, 97.030307,   43,  60
train,    1182, 26.746015,   15,  60
train,    1183, 111.901959,   50,  60
train,    1184, 11.736138,   10,  60
train,    1185, 184.627627,   78,  60
train,    1186, 70.924578,   49,  60
train,    1187, 151.545628,   69,  60
train,    1188, 197.265803,   84,  60
train,    1189, 70.916602,   34,  60
train,    1190, 57.072752,   28,  60
train,    1191, 190.417417,  105,  60
train,    1192, 87.293379,   42,  60
train,    1193, 46.639790,   24,  60
train,    1194, 71.037765,   34,  60
train,    1195, 2.632623,    6,  60
train,    1196, 327.614684,  175,  60
train,    1197, 29.652710,   18,  60
train,    1198, 31.071847,   18,  60
train,    1199, 21.810645,   13,  60
val,      1199, 139.328927, 0.8000,  68.6000,  10.2000, 0.0000,  28.6698
train,    1200, 93.424435,   41,  60
train,    1201, 440.045686,  200,  60
train,    1202, 30.963525,   19,  60
train,    1203, 74.693044,   36,  60
train,    1204, 99.615542,   48,  60
train,    1205, 275.943197,  200,  60
train,    1206, 203.664838,   87,  60
train,    1207, 148.206574,   65,  60
train,    1208, 125.102227,   75,  60
train,    1209, 110.364753,   97,  60
train,    1210, 41.746779,   24,  60
train,    1211, 264.857683,  109,  60
train,    1212, 12.618364,   10,  60
train,    1213, 17.978916,   12,  60
train,    1214, 147.301379,   82,  60
train,    1215, 157.754461,   84,  60
train,    1216, 215.182694,   91,  60
train,    1217, 54.160665,   27,  60
train,    1218, 72.775136,   36,  60
train,    1219, 28.360057,   17,  60
train,    1220, 23.569028,   15,  60
train,    1221, 56.879700,   28,  60
train,    1222, -6.543857,    3,  60
train,    1223, 26.040795,   15,  60
train,    1224, 88.322890,   76,  60
val,      1224, 71.011178, 1.0000,  34.0000,   5.8000, 0.0000,  28.9916
train,    1225, 9.698712,    9,  60
train,    1226, 48.981693,   24,  60
train,    1227, 189.753718,  143,  60
train,    1228, 36.164473,   20,  60
train,    1229, 188.541180,   82,  60
train,    1230, 137.218591,   62,  60
train,    1231, 176.103127,   74,  60
train,    1232, 160.538309,  200,  60
train,    1233, 62.833853,   30,  60
train,    1234, 65.860799,   32,  60
train,    1235, 76.625234,   37,  60
train,    1236, 386.422699,  200,  60
train,    1237, 59.372472,   29,  60
train,    1238, 31.035855,   18,  60
train,    1239, 10.815382,   10,  60
train,    1240, 488.242912,  200,  60
train,    1241, 142.467171,   95,  60
train,    1242, 9.164726,    9,  60
train,    1243, 20.062549,   14,  60
train,    1244, 7.133728,    8,  60
train,    1245, 282.005087,  179,  60
train,    1246, 63.085502,   29,  60
train,    1247, 150.158482,   67,  60
train,    1248, 25.759465,   15,  60
train,    1249, 185.953701,   82,  60
val,      1249, 97.714370, 1.0000,  47.6000,   7.2000, 0.0000,  28.6546
train,    1250, 71.108766,   33,  60
train,    1251, 22.840343,   14,  60
train,    1252, -2.941246,    4,  60
train,    1253, 3.309860,    7,  60
train,    1254, 219.251451,  106,  60
train,    1255, 55.868929,   29,  60
train,    1256, 82.793003,   44,  60
train,    1257, 68.482728,   49,  60
train,    1258, 92.200662,   42,  60
train,    1259, 119.829731,   51,  60
train,    1260, 134.974212,   61,  60
train,    1261, 66.485532,   32,  60
train,    1262, 90.709997,   40,  60
train,    1263, 293.394641,  126,  60
train,    1264, 20.110054,   13,  60
train,    1265, 92.059803,   40,  60
train,    1266, 103.776049,   48,  60
train,    1267, 62.042954,   29,  60
train,    1268, 88.601649,   42,  60
train,    1269, 65.483729,   33,  60
train,    1270, 77.703814,   36,  60
train,    1271, 46.467649,   24,  60
train,    1272, 42.135734,   25,  60
train,    1273, 24.104126,   15,  60
train,    1274, 172.742778,   73,  60
val,      1274, 150.076166, 0.8000,  76.2000,   9.2000, 0.0000,  28.3483
train,    1275, 148.085635,   73,  60
train,    1276, 26.747738,   16,  60
train,    1277, 26.911957,   16,  60
train,    1278, 288.249020,  125,  60
train,    1279, 21.443331,   14,  60
train,    1280, 4.989655,    7,  60
train,    1281, 110.833247,   48,  60
train,    1282, 198.400083,   88,  60
train,    1283, 254.803855,  200,  60
train,    1284, 7.386586,    8,  60
train,    1285, 167.049484,   72,  60
train,    1286, 65.319766,   33,  60
train,    1287, 16.668808,   11,  60
train,    1288, 147.607044,   64,  60
train,    1289, 7.347121,    9,  60
train,    1290, 138.666029,   63,  60
train,    1291, 74.394426,   35,  60
train,    1292, 19.337459,   13,  60
train,    1293, 56.348288,   29,  60
train,    1294, 506.464453,  200,  60
train,    1295, 113.706045,   53,  60
train,    1296, 46.353943,   23,  60
train,    1297, 17.253812,   13,  60
train,    1298, 116.681277,   51,  60
train,    1299, 53.998163,   27,  60
val,      1299, 135.105247, 1.0000,  63.4000,  12.2000, 0.0000,  28.7472
train,    1300, 89.699762,   45,  60
train,    1301, 107.861562,   49,  60
train,    1302, 189.588578,   81,  60
train,    1303, 119.168436,   55,  60
train,    1304, 12.639042,   10,  60
train,    1305, 45.966194,   25,  60
train,    1306, 53.966239,   27,  60
train,    1307, 159.039952,   83,  60
train,    1308, 242.191382,   99,  60
train,    1309, 102.146517,   76,  60
train,    1310, 31.986215,   18,  60
train,    1311, 103.323605,   47,  60
train,    1312, 293.780371,  174,  60
train,    1313, 32.506720,   18,  60
train,    1314, 204.282950,  149,  60
train,    1315, 201.915885,   88,  60
train,    1316, 17.619132,   13,  60
train,    1317, 138.897888,   84,  60
train,    1318, 15.655606,   12,  60
train,    1319, 63.807536,   31,  60
train,    1320, 169.929852,   76,  60
train,    1321, 66.915829,   34,  60
train,    1322, 10.238342,    9,  60
train,    1323, 118.906009,   56,  60
train,    1324, 99.293177,   47,  60
val,      1324, 99.997355, 1.0000,  50.8000,   8.2000, 0.0000,  28.7633
train,    1325, 150.533530,   66,  60
train,    1326, 104.939725,   52,  60
train,    1327, 81.979350,   40,  60
train,    1328, 33.006168,   18,  60
train,    1329, 55.834114,   27,  60
train,    1330, 101.233347,   44,  60
train,    1331, 132.394765,   59,  60
train,    1332, 100.181146,   48,  60
train,    1333, 215.404364,  140,  60
train,    1334, 118.427030,   53,  60
train,    1335, 236.581153,  154,  60
train,    1336, 363.351331,  154,  60
train,    1337, 65.510452,   38,  60
train,    1338, 61.369095,   30,  60
