init,     2026-03-26 20:20:40.652123
arguments,Namespace(PPO_epochs=4, adv_norm=1, alg='ppo', cuda=-1, curriculum_clean_ratio=0.8, curriculum_entropy_decay=0.9, curriculum_mode='adaptive', curriculum_noise_step=0.02, curriculum_patience=2, entropy=2.0, entropy_min=0.1, eps_clip=0.15, gae_lambda=0.97, gamma=0.995, grad_clip=0.5, gymip_train_xml='inverted_pendulum_ChangeThk_0.050000.xml', hid_group_num=8, hid_group_size=8, hidden_num=64, ignore_checkpoint=True, lane_profile='auto', lr=0.0005, max_noise=0.08, mini_batch_size=128, model='rwtaspk', monitor_time=False, optimizer='rmsprop', rep=11, response_window=40, reward_scale=1.0, rollout_steps=512, rwta_del_connection='none', seed=3, snn_num_steps=15, task='gymip', thread=-1, train_num=80)
seed,     3
profile,  lane auto-stabilize: lr->0.0005, gamma->0.995, entropy->2.0, PPO_epochs->4, eps_clip->0.15, rollout_steps->512, mini_batch_size->128, gae_lambda->0.97, grad_clip->0.5, curriculum_clean_ratio->0.8, max_noise->0.08, curriculum_noise_step->0.02
train,    1, -0.277689,   12, 1.00,    6, 0.000, 0.000, 2.000, 18
train,    2, -4.483174,   10, 1.00,    7, 0.000, 0.000, 2.000, 19
train,    3, -2.840401,    9, 1.00,    4, 0.000, 0.000, 2.000, 19
train,    4, -1.498358,   11, 1.00,    4, 0.000, 0.000, 2.000, 19
train,    5, 4.693948,   17, 1.00,    9, 0.000, 0.000, 2.000, 19
train,    6, 4.566043,   21, 1.00,    7, 0.000, 0.000, 2.000, 20
train,    7, 4.681516,   24, 1.00,    8, 0.000, 0.000, 2.000, 20
train,    8, -2.861003,   12, 1.00,    3, 0.000, 0.000, 2.000, 20
train,    9, 5.504900,   24, 1.00,    6, 0.000, 0.000, 2.000, 21
train,    10, 4.302340,   19, 1.00,    7, 0.000, 0.000, 2.000, 21
train,    11, 9.085957,   24, 1.00,    9, 0.000, 0.000, 2.000, 21
train,    12, -5.291819,    6, 1.00,    0, 0.000, 0.000, 2.000, 21
train,    13, -0.586564,   14, 1.00,    8, 0.000, 0.000, 2.000, 22
train,    14, -0.842976,   10, 1.00,    4, 0.000, 0.000, 2.000, 22
train,    15, -4.711434,   10, 1.00,    5, 0.000, 0.000, 2.000, 22
train,    16, -5.678457,    6, 1.00,    1, 0.000, 0.000, 2.000, 22
train,    17, 16.641443,   23, 1.00,    5, 0.000, 0.000, 2.000, 23
train,    18, -5.158876,    7, 1.00,    0, 0.000, 0.000, 2.000, 23
train,    19, -3.088281,    9, 1.00,    5, 0.000, 0.000, 2.000, 23
train,    20, 10.416906,   29, 1.00,   12, 0.000, 0.000, 2.000, 24
train,    21, -4.224341,    9, 1.00,    3, 0.000, 0.000, 2.000, 24
train,    22, 8.600492,   24, 1.00,    8, 0.000, 0.000, 2.000, 24
train,    23, -6.946624,    4, 1.00,    2, 0.000, 0.000, 2.000, 24
train,    24, -6.192538,    6, 1.00,    5, 0.000, 0.000, 2.000, 25
val_save, 24, 7.361559, 1.0000,  26.6000,  26.6000
val,      24, 7.361559, 1.0000,  26.6000,  26.6000
train,    25, 13.866190,   23, 1.00,   10, 0.000, 0.000, 2.000, 25
train,    26, -6.507370,    5, 1.00,    1, 0.000, 0.000, 2.000, 25
train,    27, 8.672716,   17, 1.00,    2, 0.000, 0.000, 2.000, 26
train,    28, 16.054043,   40, 1.00,   14, 0.000, 0.000, 2.000, 26
train,    29, -7.059654,    6, 1.00,    2, 0.000, 0.000, 2.000, 26
train,    30, -8.070478,    3, 1.00,    2, 0.000, 0.000, 2.000, 26
train,    31, -4.614184,    9, 1.00,    4, 0.000, 0.000, 2.000, 27
train,    32, -1.177668,    9, 1.00,    4, 0.000, 0.000, 2.000, 27
train,    33, 1.911557,   16, 1.00,    5, 0.000, 0.000, 2.000, 27
train,    34, -6.186719,    8, 1.00,    5, 0.000, 0.000, 2.000, 27
train,    35, -5.103337,    8, 1.00,    5, 0.000, 0.000, 2.000, 28
train,    36, 14.849082,   32, 1.00,   13, 0.000, 0.000, 2.000, 28
update,   36,    1,  516, -1.266004, -0.000000
train,    37, 4.915265,   25, 1.00,    8, 0.000, 0.000, 2.000, 28
train,    38, 3.415262,   17, 1.00,    7, 0.000, 0.000, 2.000, 29
train,    39, -8.432394,    3, 1.00,    1, 0.000, 0.000, 2.000, 29
train,    40, -6.691199,    4, 1.00,    3, 0.000, 0.000, 2.000, 29
train,    41, -4.643223,    6, 1.00,    1, 0.000, 0.000, 2.000, 29
train,    42, 17.119243,   36, 1.00,   15, 0.000, 0.000, 2.000, 30
train,    43, -6.564255,    5, 1.00,    3, 0.000, 0.000, 2.000, 30
train,    44, -5.193981,    6, 1.00,    3, 0.000, 0.000, 2.000, 30
train,    45, 1.073329,   13, 1.00,    3, 0.000, 0.000, 2.000, 31
train,    46, -6.799217,    5, 1.00,    3, 0.000, 0.000, 2.000, 31
train,    47, -5.123971,    7, 1.00,    2, 0.000, 0.000, 2.000, 31
train,    48, 8.621843,   27, 1.00,    8, 0.000, 0.000, 2.000, 31
train,    49, -8.106443,    3, 1.00,    2, 0.000, 0.000, 2.000, 32
val,      49, 7.034895, 1.0000,  19.2000,   0.0000
train,    50, 3.554403,   20, 1.00,    7, 0.000, 0.000, 2.000, 32
train,    51, -8.113373,    4, 1.00,    4, 0.000, 0.000, 2.000, 32
train,    52, 2.679054,   19, 1.00,    6, 0.000, 0.000, 2.000, 32
train,    53, 1.724571,   20, 1.00,    9, 0.000, 0.000, 2.000, 33
train,    54, 72.234106,  120, 1.00,   40, 0.000, 0.000, 2.000, 33
train,    55, -4.283173,   10, 1.00,    4, 0.000, 0.000, 2.000, 33
train,    56, -6.653159,    6, 1.00,    3, 0.000, 0.000, 2.000, 34
train,    57, 1.728422,   13, 1.00,    4, 0.000, 0.000, 2.000, 34
train,    58, -3.150772,    8, 1.00,    5, 0.000, 0.000, 2.000, 34
train,    59, 10.993309,   35, 1.00,   10, 0.000, 0.000, 2.000, 34
train,    60, 0.698773,   11, 1.00,    5, 0.000, 0.000, 2.000, 35
train,    61, 3.270537,   18, 1.00,    5, 0.000, 0.000, 2.000, 35
train,    62, -2.641554,   12, 1.00,    5, 0.000, 0.000, 2.000, 35
train,    63, -6.855622,    5, 1.00,    3, 0.000, 0.000, 2.000, 36
train,    64, 13.003687,   37, 1.00,   13, 0.000, 0.000, 2.000, 36
train,    65, 2.853120,   20, 1.00,    7, 0.000, 0.000, 2.000, 36
update,   65,    2,  515, 1.662967, 0.000000
train,    66, -5.868261,    5, 1.00,    3, 0.000, 0.000, 2.000, 36
train,    67, 28.175850,   61, 1.00,   25, 0.000, 0.000, 2.000, 37
train,    68, -3.470641,    8, 1.00,    4, 0.000, 0.000, 2.000, 37
train,    69, 3.394863,   16, 1.00,    6, 0.000, 0.000, 2.000, 37
train,    70, -4.895148,    5, 1.00,    1, 0.000, 0.000, 2.000, 37
train,    71, -2.407703,   11, 1.00,    5, 0.000, 0.000, 2.000, 38
train,    72, 5.862128,   28, 1.00,   14, 0.000, 0.000, 2.000, 38
train,    73, 39.276440,   65, 1.00,   22, 0.000, 0.000, 2.000, 38
