init,     2026-04-21 01:15:49.876454
arguments,Namespace(lr=0.0004, gamma=0.995, entropy=0.1, PPO_epochs=4, eps_clip=0.12, alg='ppo', cuda=-1, thread=-1, train_num=500, train_envs=4, rep=11, seed=-1, ignore_checkpoint=True, monitor_time=False, task='gymip', model='rwtaspk', optimizer='rmsprop', gymip_train_xml='inverted_pendulum_ChangeThk_0.050000.xml', hidden_num=64, hid_group_num=8, hid_group_size=8, rwta_del_connection='none', response_window=40, snn_num_steps=15, rollout_steps=768, mini_batch_size=192, gae_lambda=0.99, adv_norm=1, reward_scale=0.9, grad_clip=0.4, curriculum_mode='fixed', curriculum_clean_ratio=0.9, max_noise=0.04, entropy_min=0.1, curriculum_patience=3, curriculum_noise_step=0.008, curriculum_entropy_decay=0.94, lane_profile='auto', road_scenario='highway', traffic_level='standard', warm_start_kind='none', warm_start_prefix='')
seed,     11
model_dir,/root/autodl-tmp/SVPG2023/LANE/training_runs/ours/highway_standard/models
log_dir,  /root/autodl-tmp/SVPG2023/LANE/training_runs/ours/highway_standard/logs
profile,  lane auto-stabilize: lr->0.0005, gamma->0.995, PPO_epochs->4, eps_clip->0.15, rollout_steps->512, mini_batch_size->128, gae_lambda->0.97, grad_clip->0.5, curriculum_clean_ratio->0.8, max_noise->0.08, curriculum_noise_step->0.02, lr->0.0004, eps_clip->0.12, rollout_steps->768, mini_batch_size->192, gae_lambda->0.99, reward_scale->0.9, grad_clip->0.4, curriculum_clean_ratio->0.9, max_noise->0.04, curriculum_noise_step->0.008, curriculum_patience->3, curriculum_entropy_decay->0.94
parallel, train_envs 4
train,    4, -25.781281,   46, 1.00,    3, 0.000, 0.000, 0.100, 32
train,    3, -26.637957,   52, 1.00,    5, 0.000, 0.000, 0.100, 32
train,    2, -27.806958,   61, 1.00,    3, 0.000, 0.000, 0.100, 32
train,    1, -26.970373,   69, 1.00,    8, 0.000, 0.000, 0.100, 32
train,    8, -27.703666,   24, 1.00,    3, 0.000, 0.001, 0.100, 32
train,    7, -23.183667,   32, 1.00,    3, 0.000, 0.001, 0.100, 32
train,    10, -32.457070,   25, 1.00,    4, 0.000, 0.001, 0.100, 33
update,   11,    1,  768, 0.162611, 0.000000
train,    11, -17.629643,  109, 1.00,   14, 0.000, 0.001, 0.100, 33
train,    5, 65.062182,  200, 0.00,   18, 0.000, 0.000, 0.100, 32
train,    6, 87.869750,  200, 0.00,   15, 0.000, 0.000, 0.100, 32
train,    14, -29.970021,    9, 1.00,    2, 0.000, 0.001, 0.100, 33
train,    13, -20.428042,   46, 1.00,    5, 0.000, 0.001, 0.100, 33
train,    9, 45.060514,  200, 0.00,   13, 0.000, 0.001, 0.100, 33
train,    16, -33.031152,   21, 1.00,    4, 0.000, 0.001, 0.100, 33
update,   18,    2,  768, 3.695458, 0.000000
train,    18, -11.638893,  103, 1.00,   15, 0.001, 0.001, 0.100, 33
train,    12, 78.366322,  200, 0.00,   19, 0.000, 0.001, 0.100, 33
train,    20, -36.194170,   23, 1.00,    3, 0.000, 0.002, 0.100, 33
train,    15, 54.639497,  200, 0.00,   17, 0.000, 0.001, 0.100, 33
train,    19, -27.644067,   54, 1.00,   11, 0.000, 0.002, 0.100, 33
train,    22, -28.882377,   16, 1.00,    3, 0.000, 0.002, 0.100, 33
train,    17, 62.842008,  200, 0.00,   21, 0.001, 0.001, 0.100, 33
train,    23, -27.052023,   35, 1.00,    3, 0.000, 0.002, 0.100, 33
train,    26, -31.980075,   17, 1.00,    2, 0.000, 0.002, 0.100, 33
train,    21, -20.398599,   86, 1.00,    9, 0.000, 0.002, 0.100, 33
train,    24, -19.253131,   60, 1.00,    6, 0.000, 0.002, 0.100, 33
val_save, 24, -18.717724, 1.0000,  24.2000,   2.6000, 0.0000,  28.4993
val,      24, -18.717724, 1.0000,  24.2000,   2.6000, 0.0000,  28.4993
train,    27, -33.819320,   26, 1.00,    3, 0.000, 0.002, 0.100, 34
train,    28, -32.546116,   19, 1.00,    1, 0.000, 0.002, 0.100, 34
update,   31,    3,  768, -5.347511, 0.000000
train,    29, -29.742302,   41, 1.00,    7, 0.000, 0.002, 0.100, 34
train,    31, -30.957413,   40, 1.00,    7, 0.000, 0.002, 0.100, 34
train,    32, -27.004050,   36, 1.00,    3, 0.000, 0.003, 0.100, 34
train,    25, -2.243579,  125, 1.00,   13, 0.000, 0.002, 0.100, 33
train,    35, -32.142687,   22, 1.00,    5, 0.000, 0.003, 0.100, 34
train,    33, -32.735869,   46, 1.00,    7, 0.000, 0.003, 0.100, 34
train,    34, -25.499871,   42, 1.00,    7, 0.000, 0.003, 0.100, 34
train,    38, -24.920548,   71, 1.00,   10, 0.003, 0.003, 0.100, 34
train,    30, 60.771998,  200, 0.00,   17, 0.000, 0.002, 0.100, 34
train,    40, -28.404565,   13, 1.00,    1, 0.000, 0.003, 0.100, 34
update,   41,    4,  768, -1.484008, 0.000000
train,    36, 13.435905,  135, 1.00,   16, 0.000, 0.003, 0.100, 34
train,    41, -33.472613,   22, 1.00,    3, 0.000, 0.003, 0.100, 34
train,    42, -21.223182,   25, 1.00,    2, 0.000, 0.003, 0.100, 34
train,    39, -7.100210,   94, 1.00,   11, 0.000, 0.003, 0.100, 34
train,    44, -29.639246,   28, 1.00,    5, 0.000, 0.004, 0.100, 35
train,    43, -32.283984,   53, 1.00,    3, 0.000, 0.003, 0.100, 34
train,    37, 74.725910,  200, 0.00,   19, 0.003, 0.003, 0.100, 34
train,    47, -22.656770,   41, 1.00,    6, 0.000, 0.004, 0.100, 35
train,    48, -16.781052,   69, 1.00,    7, 0.000, 0.004, 0.100, 35
update,   50,    5,  768, -0.805305, -0.000000
train,    50, -12.562164,   87, 1.00,   11, 0.000, 0.004, 0.100, 35
train,    51, -33.537026,   13, 1.00,    1, 0.000, 0.004, 0.100, 35
train,    45, 76.063726,  200, 0.00,   21, 0.000, 0.004, 0.100, 35
train,    46, 56.481540,  200, 0.00,   13, 0.000, 0.004, 0.100, 35
train,    54, -26.830319,   19, 1.00,    1, 0.000, 0.004, 0.100, 35
train,    49, 69.685917,  200, 0.00,   19, 0.004, 0.004, 0.100, 35
val_save, 49, -8.848025, 0.8000,  64.2000,   6.6000, 0.0000,  28.0849
val,      49, -8.848025, 0.8000,  64.2000,   6.6000, 0.0000,  28.0849
train,    52, -31.419761,   69, 1.00,    4, 0.000, 0.004, 0.100, 35
train,    53, -20.388023,   89, 1.00,   10, 0.004, 0.004, 0.100, 35
train,    57, -26.683031,   40, 1.00,    4, 0.000, 0.005, 0.100, 35
train,    55, -20.764495,   74, 1.00,    7, 0.004, 0.004, 0.100, 35
train,    58, -29.820298,   21, 1.00,    3, 0.000, 0.005, 0.100, 35
train,    59, -36.519757,   22, 1.00,    5, 0.000, 0.005, 0.100, 35
train,    56, -12.134243,   67, 1.00,   12, 0.000, 0.004, 0.100, 35
update,   63,    6,  768, -4.610247, -0.000000
train,    62, 1.746524,  122, 1.00,   15, 0.000, 0.005, 0.100, 36
train,    63, 19.892130,  146, 1.00,   17, 0.005, 0.005, 0.100, 36
train,    60, 70.327869,  200, 0.00,   19, 0.000, 0.005, 0.100, 35
train,    65, -22.956376,   35, 1.00,    4, 0.000, 0.005, 0.100, 36
train,    61, 56.780690,  200, 0.00,   19, 0.000, 0.005, 0.100, 35
update,   68,    7,  768, 8.713843, -0.000000
train,    68, -19.871174,   44, 1.00,    7, 0.000, 0.005, 0.100, 36
train,    67, -14.794522,   73, 1.00,    5, 0.000, 0.005, 0.100, 36
train,    69, -17.766841,   64, 1.00,   10, 0.000, 0.006, 0.100, 36
train,    66, -2.246489,  134, 1.00,   13, 0.000, 0.005, 0.100, 36
train,    71, -29.805789,   18, 1.00,    1, 0.000, 0.006, 0.100, 36
train,    72, -32.005553,    8, 1.00,    1, 0.000, 0.006, 0.100, 36
train,    64, 83.377334,  200, 0.00,   19, 0.000, 0.005, 0.100, 36
train,    74, -27.638546,   30, 1.00,    4, 0.000, 0.006, 0.100, 36
