init,     2026-03-29 22:13:53.349615
arguments,Namespace(PPO_epochs=4, adv_norm=1, alg='ppo', cuda=0, curriculum_clean_ratio=0.8, curriculum_entropy_decay=0.9, curriculum_mode='adaptive', curriculum_noise_step=0.02, curriculum_patience=2, entropy=2.0, entropy_min=0.1, eps_clip=0.15, gae_lambda=0.97, gamma=0.995, grad_clip=0.5, gymip_train_xml='inverted_pendulum_ChangeThk_0.050000.xml', hid_group_num=8, hid_group_size=8, hidden_num=64, ignore_checkpoint=True, lane_profile='auto', lr=0.0005, max_noise=0.08, mini_batch_size=128, model='rwtaspk', monitor_time=False, optimizer='rmsprop', rep=11, response_window=40, reward_scale=1.0, road_scenario='highway', rollout_steps=512, rwta_del_connection='none', seed=1, snn_num_steps=15, task='gymip', thread=-1, traffic_level='standard', train_num=2000)
seed,     1
model_dir,/root/autodl-tmp/SVPG2023/LANE/log_model/highway_standard
profile,  lane auto-stabilize: lr->0.0005, gamma->0.995, PPO_epochs->4, eps_clip->0.15, rollout_steps->512, mini_batch_size->128, gae_lambda->0.97, grad_clip->0.5, curriculum_clean_ratio->0.8, max_noise->0.08, curriculum_noise_step->0.02
train,    1, -10.513517,   11, 1.00,    4, 0.000, 0.000, 2.000, 18
train,    2, -12.244000,   10, 1.00,    5, 0.000, 0.000, 2.000, 18
train,    3, -16.222941,    4, 1.00,    2, 0.000, 0.000, 2.000, 18
train,    4, -10.348600,   14, 1.00,    5, 0.000, 0.000, 2.000, 18
train,    5, -6.765586,   15, 1.00,    3, 0.000, 0.000, 2.000, 18
train,    6, -17.303699,    2, 1.00,    1, 0.000, 0.000, 2.000, 18
train,    7, -0.297002,   37, 1.00,   15, 0.000, 0.000, 2.000, 18
train,    8, -8.508179,   22, 1.00,   11, 0.000, 0.000, 2.000, 18
train,    9, -9.944606,   13, 1.00,    5, 0.000, 0.000, 2.000, 18
train,    10, -13.934982,    8, 1.00,    4, 0.000, 0.000, 2.000, 18
train,    11, -13.095131,    9, 1.00,    3, 0.000, 0.000, 2.000, 18
train,    12, -19.171940,    6, 1.00,    4, 0.000, 0.000, 2.000, 18
train,    13, -13.043590,   10, 1.00,    4, 0.000, 0.000, 2.000, 18
train,    14, -6.501842,   14, 1.00,    2, 0.000, 0.000, 2.000, 18
train,    15, -5.855484,   11, 1.00,    2, 0.000, 0.000, 2.000, 18
train,    16, -7.768281,   25, 1.00,   10, 0.000, 0.000, 2.000, 18
train,    17, 1.126530,   35, 1.00,   11, 0.000, 0.000, 2.000, 18
train,    18, -12.188287,   24, 1.00,   12, 0.000, 0.000, 2.000, 18
train,    19, 23.182468,   53, 1.00,   14, 0.000, 0.000, 2.000, 18
train,    20, -15.479611,    6, 1.00,    3, 0.000, 0.000, 2.000, 18
train,    21, -18.046539,    7, 1.00,    4, 0.000, 0.000, 2.000, 18
train,    22, -19.574366,    4, 1.00,    3, 0.000, 0.000, 2.000, 18
train,    23, -16.403182,    4, 1.00,    2, 0.000, 0.000, 2.000, 18
train,    24, -12.317877,   18, 1.00,    9, 0.000, 0.000, 2.000, 18
val_save, 24, -28.077934, 1.0000,  15.2000,  15.2000
val,      24, -28.077934, 1.0000,  15.2000,  15.2000
train,    25, -8.659982,    9, 1.00,    1, 0.000, 0.000, 2.000, 18
train,    26, -15.338287,    5, 1.00,    2, 0.000, 0.000, 2.000, 18
train,    27, -2.365267,   14, 1.00,    3, 0.000, 0.000, 2.000, 18
train,    28, -15.363990,    9, 1.00,    5, 0.000, 0.000, 2.000, 18
train,    29, -8.817097,   22, 1.00,   13, 0.000, 0.000, 2.000, 18
train,    30, -6.487929,   25, 1.00,   11, 0.000, 0.000, 2.000, 18
train,    31, -1.080914,   18, 1.00,    5, 0.000, 0.000, 2.000, 18
train,    32, 28.686917,   70, 1.00,   24, 0.000, 0.000, 2.000, 18
update,   32,    1,  534, -5.580648, 0.000000
train,    33, 49.906124,   73, 1.00,   19, 0.000, 0.000, 2.000, 18
train,    34, -2.791637,   27, 1.00,   10, 0.000, 0.000, 2.000, 18
train,    35, -13.923160,    9, 1.00,    4, 0.000, 0.000, 2.000, 18
train,    36, 3.856483,   40, 1.00,   18, 0.000, 0.000, 2.000, 18
train,    37, -12.450785,    9, 1.00,    4, 0.000, 0.000, 2.000, 18
train,    38, -17.795955,   18, 1.00,   10, 0.000, 0.000, 2.000, 18
train,    39, -2.529971,   28, 1.00,    9, 0.000, 0.000, 2.000, 18
train,    40, -2.091104,   17, 1.00,    2, 0.000, 0.000, 2.000, 18
train,    41, -10.730244,   14, 1.00,    6, 0.000, 0.000, 2.000, 18
train,    42, -10.577481,    9, 1.00,    3, 0.000, 0.000, 2.000, 18
train,    43, -12.972820,    7, 1.00,    2, 0.000, 0.000, 2.000, 18
train,    44, -14.135739,   14, 1.00,    7, 0.000, 0.000, 2.000, 18
train,    45, 28.940774,   57, 1.00,   18, 0.000, 0.000, 2.000, 18
train,    46, 32.153062,   65, 1.00,   16, 0.000, 0.000, 2.000, 19
train,    47, -17.627744,    3, 1.00,    2, 0.000, 0.000, 2.000, 19
train,    48, -9.234466,   11, 1.00,    3, 0.000, 0.000, 2.000, 19
train,    49, -17.734789,    3, 1.00,    2, 0.000, 0.000, 2.000, 19
val_save, 49, 7.336754, 1.0000,  21.4000,   0.0000
val,      49, 7.336754, 1.0000,  21.4000,   0.0000
curriculum,noise_cap 0.0000 -> 0.0200, entropy 2.0000 -> 1.8000
train,    50, -15.790378,    2, 1.00,    0, 0.000, 0.020, 1.800, 19
train,    51, -12.268043,    6, 1.00,    1, 0.020, 0.020, 1.800, 19
train,    52, -9.053256,   13, 1.00,    4, 0.000, 0.020, 1.800, 19
train,    53, 3.430015,   21, 1.00,    4, 0.000, 0.020, 1.800, 19
train,    54, -5.058334,   14, 1.00,    4, 0.000, 0.020, 1.800, 19
train,    55, -16.584101,    4, 1.00,    2, 0.000, 0.020, 1.800, 19
train,    56, 6.875085,   24, 1.00,    5, 0.000, 0.020, 1.800, 19
train,    57, -12.784382,    8, 1.00,    3, 0.000, 0.020, 1.800, 19
train,    58, -13.150302,    4, 1.00,    0, 0.000, 0.020, 1.800, 19
train,    59, -12.664293,    6, 1.00,    1, 0.000, 0.020, 1.800, 19
train,    60, -0.554204,   40, 1.00,   19, 0.020, 0.020, 1.800, 19
update,   60,    2,  546, -1.679632, 0.000000
train,    61, -7.251151,   10, 1.00,    2, 0.000, 0.020, 1.800, 19
train,    62, -16.149942,    4, 1.00,    2, 0.000, 0.020, 1.800, 19
train,    63, -7.369018,   15, 1.00,    3, 0.000, 0.020, 1.800, 19
train,    64, -5.438179,   20, 1.00,    5, 0.000, 0.020, 1.800, 19
train,    65, -18.763258,   21, 1.00,   14, 0.000, 0.020, 1.800, 19
train,    66, -11.064867,   25, 1.00,   12, 0.000, 0.020, 1.800, 19
train,    67, -4.904897,   36, 1.00,   15, 0.020, 0.020, 1.800, 19
train,    68, -16.180494,   29, 1.00,   16, 0.020, 0.020, 1.800, 19
train,    69, -14.969501,    3, 1.00,    0, 0.000, 0.020, 1.800, 19
train,    70, -5.904448,   17, 1.00,    6, 0.000, 0.020, 1.800, 19
train,    71, -1.323921,   29, 1.00,   12, 0.000, 0.020, 1.800, 19
train,    72, -14.077471,   17, 1.00,    8, 0.020, 0.020, 1.800, 19
train,    73, -15.620722,    5, 1.00,    2, 0.000, 0.020, 1.800, 19
train,    74, -11.078300,   14, 1.00,    6, 0.000, 0.020, 1.800, 19
val_save, 74, 201.726809, 0.0000, 150.0000,   0.0000
val,      74, 201.726809, 0.0000, 150.0000,   0.0000
train,    75, -15.995217,    4, 1.00,    2, 0.000, 0.020, 1.800, 19
train,    76, -10.346758,   15, 1.00,    5, 0.000, 0.020, 1.800, 19
train,    77, -1.407448,   14, 1.00,    2, 0.000, 0.020, 1.800, 19
train,    78, -3.878129,   31, 1.00,   13, 0.000, 0.020, 1.800, 19
train,    79, -15.070951,    4, 1.00,    1, 0.000, 0.020, 1.800, 19
train,    80, -2.741826,   30, 1.00,   11, 0.000, 0.020, 1.800, 19
train,    81, -6.867344,   24, 1.00,    9, 0.000, 0.020, 1.800, 19
train,    82, -15.005511,   12, 1.00,    6, 0.000, 0.020, 1.800, 19
train,    83, -13.141803,   22, 1.00,   12, 0.000, 0.020, 1.800, 19
train,    84, -6.786395,   24, 1.00,   11, 0.000, 0.020, 1.800, 19
train,    85, -14.884609,   16, 1.00,    8, 0.000, 0.020, 1.800, 19
train,    86, -15.053210,    4, 1.00,    1, 0.020, 0.020, 1.800, 19
train,    87, -10.821404,   11, 1.00,    3, 0.000, 0.020, 1.800, 19
train,    88, -15.355236,    5, 1.00,    2, 0.000, 0.020, 1.800, 19
train,    89, -12.317793,    9, 1.00,    3, 0.000, 0.020, 1.800, 19
train,    90, -16.331523,    4, 1.00,    2, 0.020, 0.020, 1.800, 19
train,    91, -16.420583,    3, 1.00,    1, 0.020, 0.020, 1.800, 19
train,    92, -18.924389,   14, 1.00,    9, 0.000, 0.020, 1.800, 19
train,    93, -10.680807,   20, 1.00,    8, 0.000, 0.020, 1.800, 19
train,    94, -5.482576,   16, 1.00,    4, 0.000, 0.020, 1.800, 19
update,   94,    3,  527, -9.016950, -0.000000
train,    95, -17.202933,    4, 1.00,    2, 0.000, 0.020, 1.800, 19
train,    96, -5.762836,   12, 1.00,    1, 0.020, 0.020, 1.800, 19
train,    97, -14.908172,    5, 1.00,    2, 0.000, 0.020, 1.800, 19
