init,     2026-04-13 01:37:34.372594
arguments,Namespace(PPO_epochs=4, adv_norm=1, alg='ppo', cuda=0, curriculum_clean_ratio=0.9, curriculum_entropy_decay=0.94, curriculum_mode='adaptive', curriculum_noise_step=0.008, curriculum_patience=3, entropy=0.28, entropy_min=0.1, eps_clip=0.12, gae_lambda=0.98, gamma=0.996, grad_clip=0.4, gymip_train_xml='inverted_pendulum_ChangeThk_0.050000.xml', hid_group_num=8, hid_group_size=8, hidden_num=64, ignore_checkpoint=True, lane_profile='auto', lr=0.0004, max_noise=0.04, mini_batch_size=192, model='rwtaspk', monitor_time=False, optimizer='rmsprop', rep=11, response_window=40, reward_scale=0.9, road_scenario='highway', rollout_steps=768, rwta_del_connection='none', seed=14063, snn_num_steps=15, task='gymip', thread=-1, traffic_level='standard', train_num=5000, warm_start_kind='none', warm_start_prefix='')
seed,     14063
model_dir,/root/autodl-tmp/SVPG2023/LANE/training_runs/ours/highway_standard/models
log_dir,  /root/autodl-tmp/SVPG2023/LANE/training_runs/ours/highway_standard/logs
profile,  lane auto-stabilize: lr->0.0005, gamma->0.995, PPO_epochs->4, eps_clip->0.15, rollout_steps->512, mini_batch_size->128, gae_lambda->0.97, grad_clip->0.5, curriculum_clean_ratio->0.8, max_noise->0.08, curriculum_noise_step->0.02, lr->0.0004, gamma->0.996, entropy->0.28, eps_clip->0.12, rollout_steps->768, mini_batch_size->192, gae_lambda->0.98, reward_scale->0.9, grad_clip->0.4, curriculum_clean_ratio->0.9, max_noise->0.04, curriculum_noise_step->0.008, curriculum_patience->3, curriculum_entropy_decay->0.94
train,    1, -4.001563,    4, 1.00,    3, 0.000, 0.000, 0.280, 32
train,    2, -4.809980,    4, 1.00,    4, 0.000, 0.000, 0.280, 32
train,    3, 18.136270,   16, 1.00,    6, 0.000, 0.000, 0.280, 32
train,    4, 6.674183,   13, 1.00,    7, 0.000, 0.000, 0.280, 32
train,    5, 20.969140,   23, 1.00,    5, 0.000, 0.000, 0.280, 32
train,    6, 0.375399,    5, 1.00,    0, 0.000, 0.000, 0.280, 32
train,    7, 15.392901,   17, 1.00,    8, 0.000, 0.000, 0.280, 32
train,    8, 3.196132,    7, 1.00,    1, 0.000, 0.000, 0.280, 32
train,    9, 6.330729,   15, 1.00,    6, 0.000, 0.000, 0.280, 33
train,    10, 71.403019,   59, 1.00,   22, 0.000, 0.000, 0.280, 33
train,    11, 13.013172,   16, 1.00,    9, 0.000, 0.000, 0.280, 33
train,    12, 29.795513,   29, 1.00,   14, 0.000, 0.000, 0.280, 33
train,    13, 1.671337,    6, 1.00,    2, 0.000, 0.000, 0.280, 33
train,    14, 2.062737,    6, 1.00,    4, 0.000, 0.000, 0.280, 33
train,    15, 1.756110,    9, 1.00,    3, 0.000, 0.000, 0.280, 33
train,    16, 18.587453,   20, 1.00,    7, 0.000, 0.000, 0.280, 33
train,    17, -1.889315,    5, 1.00,    2, 0.000, 0.000, 0.280, 33
train,    18, -1.270762,    7, 1.00,    3, 0.000, 0.000, 0.280, 33
train,    19, 21.050742,   23, 1.00,   12, 0.000, 0.000, 0.280, 33
train,    20, 5.065125,   13, 1.00,    8, 0.000, 0.000, 0.280, 33
train,    21, 1.421283,    8, 1.00,    2, 0.000, 0.000, 0.280, 33
train,    22, -6.026608,    2, 1.00,    1, 0.000, 0.000, 0.280, 33
train,    23, -3.934742,    6, 1.00,    4, 0.000, 0.000, 0.280, 33
train,    24, 13.265218,   17, 1.00,    6, 0.000, 0.000, 0.280, 33
val_save, 24, 17.300571, 1.0000,  19.4000,  19.4000, 0.0000,  24.3684
val,      24, 17.300571, 1.0000,  19.4000,  19.4000, 0.0000,  24.3684
train,    25, 11.049351,   18, 1.00,    9, 0.000, 0.000, 0.280, 33
train,    26, -0.233847,    7, 1.00,    4, 0.000, 0.000, 0.280, 33
train,    27, -2.126647,    5, 1.00,    3, 0.000, 0.000, 0.280, 34
train,    28, -5.209093,    3, 1.00,    1, 0.000, 0.000, 0.280, 34
train,    29, 22.116281,   23, 1.00,    8, 0.000, 0.000, 0.280, 34
train,    30, 0.484619,    7, 1.00,    3, 0.000, 0.000, 0.280, 34
train,    31, 1.120501,   10, 1.00,    4, 0.000, 0.000, 0.280, 34
train,    32, 9.171278,   11, 1.00,    6, 0.000, 0.000, 0.280, 34
train,    33, -5.735160,    2, 1.00,    1, 0.000, 0.000, 0.280, 34
train,    34, -3.690536,    4, 1.00,    1, 0.000, 0.000, 0.280, 34
train,    35, -3.493692,    4, 1.00,    2, 0.000, 0.000, 0.280, 34
train,    36, 17.721197,   24, 1.00,    7, 0.000, 0.000, 0.280, 34
train,    37, 10.209722,   15, 1.00,    6, 0.000, 0.000, 0.280, 34
train,    38, 9.179207,   11, 1.00,    6, 0.000, 0.000, 0.280, 34
train,    39, 1.422034,   10, 1.00,    5, 0.000, 0.000, 0.280, 34
train,    40, -1.280281,    5, 1.00,    1, 0.000, 0.000, 0.280, 34
train,    41, 56.867283,   43, 1.00,   16, 0.000, 0.000, 0.280, 34
train,    42, 10.656259,   12, 1.00,    3, 0.000, 0.000, 0.280, 34
train,    43, -3.981857,    4, 1.00,    3, 0.000, 0.000, 0.280, 34
train,    44, 12.352414,   18, 1.00,    5, 0.000, 0.000, 0.280, 34
train,    45, 5.649406,    8, 1.00,    3, 0.000, 0.000, 0.280, 35
train,    46, 4.053808,   10, 1.00,    5, 0.000, 0.000, 0.280, 35
train,    47, 3.564049,    7, 1.00,    3, 0.000, 0.000, 0.280, 35
train,    48, -3.447163,    6, 1.00,    2, 0.000, 0.000, 0.280, 35
train,    49, -4.307743,    3, 1.00,    1, 0.000, 0.000, 0.280, 35
val_save, 49, 1.903368, 1.0000,   8.6000,   8.6000, 0.0000,  23.1393
val,      49, 1.903368, 1.0000,   8.6000,   8.6000, 0.0000,  23.1393
train,    50, 9.373303,   16, 1.00,    6, 0.000, 0.000, 0.280, 35
train,    51, 1.022386,    6, 1.00,    3, 0.000, 0.000, 0.280, 35
train,    52, -3.116170,    6, 1.00,    3, 0.000, 0.000, 0.280, 35
