init,     2026-04-13 00:55:02.228812
arguments,Namespace(PPO_epochs=4, adv_norm=1, alg='ppo', cuda=0, curriculum_clean_ratio=0.9, curriculum_entropy_decay=0.94, curriculum_mode='adaptive', curriculum_noise_step=0.008, curriculum_patience=3, entropy=0.1, entropy_min=0.05, eps_clip=0.12, gae_lambda=0.98, gamma=0.996, grad_clip=0.4, gymip_train_xml='inverted_pendulum_ChangeThk_0.050000.xml', hid_group_num=8, hid_group_size=8, hidden_num=64, ignore_checkpoint=False, lane_profile='auto', lr=0.0004, max_noise=0.04, mini_batch_size=192, model='rwtaspk', monitor_time=False, optimizer='rmsprop', rep=11, response_window=40, reward_scale=0.9, road_scenario='highway', rollout_steps=768, rwta_del_connection='none', seed=13063, snn_num_steps=15, task='gymip', thread=-1, traffic_level='standard', train_num=6000, warm_start_kind='none', warm_start_prefix='/root/autodl-tmp/SVPG2023/LANE/training_runs/ours/highway_standard/models/ppo_gymip_rwtaspk_h8-8-40_none_rmsprop_0.000500_2.00_0.99500_4_0.1500_ro512_mb128_lam0.97_rs1.00_gc0.50_adaptive_roadhighway_tfstandard_seed31_best')
seed,     13063
model_dir,/root/autodl-tmp/SVPG2023/LANE/training_runs/ours/highway_standard/models
log_dir,  /root/autodl-tmp/SVPG2023/LANE/training_runs/ours/highway_standard/logs
profile,  lane auto-stabilize: lr->0.0005, gamma->0.995, PPO_epochs->4, eps_clip->0.15, rollout_steps->512, mini_batch_size->128, gae_lambda->0.97, grad_clip->0.5, curriculum_clean_ratio->0.8, max_noise->0.08, curriculum_noise_step->0.02, lr->0.0004, gamma->0.996, entropy_min->0.05, eps_clip->0.12, rollout_steps->768, mini_batch_size->192, gae_lambda->0.98, reward_scale->0.9, grad_clip->0.4, curriculum_clean_ratio->0.9, max_noise->0.04, curriculum_noise_step->0.008, curriculum_patience->3, curriculum_entropy_decay->0.94
warm_start,/root/autodl-tmp/SVPG2023/LANE/training_runs/ours/highway_standard/models/ppo_gymip_rwtaspk_h8-8-40_none_rmsprop_0.000500_2.00_0.99500_4_0.1500_ro512_mb128_lam0.97_rs1.00_gc0.50_adaptive_roadhighway_tfstandard_seed31_best
warm_critic,/root/autodl-tmp/SVPG2023/LANE/training_runs/ours/highway_standard/models/ppo_gymip_rwtaspk_h8-8-40_none_rmsprop_0.000500_2.00_0.99500_4_0.1500_ro512_mb128_lam0.97_rs1.00_gc0.50_adaptive_roadhighway_tfstandard_seed31critic_best
train,    1, 50.225236,   23, 1.00,    4, 0.000, 0.000, 0.100, 28
train,    2, -5.627187,   26, 1.00,    9, 0.000, 0.000, 0.100, 28
train,    3, 36.008427,   21, 1.00,    6, 0.000, 0.000, 0.100, 28
train,    4, -0.703572,   26, 1.00,    8, 0.000, 0.000, 0.100, 28
train,    5, -11.945132,    2, 1.00,    0, 0.000, 0.000, 0.100, 28
train,    6, -14.209526,    2, 1.00,    1, 0.000, 0.000, 0.100, 28
train,    7, -10.754923,    4, 1.00,    2, 0.000, 0.000, 0.100, 28
train,    8, -13.227053,    2, 1.00,    0, 0.000, 0.000, 0.100, 29
train,    9, -12.902232,    2, 1.00,    0, 0.000, 0.000, 0.100, 29
train,    10, -13.019022,    2, 1.00,    0, 0.000, 0.000, 0.100, 29
train,    11, -11.071655,    2, 1.00,    0, 0.000, 0.000, 0.100, 29
train,    12, -13.130579,    2, 1.00,    0, 0.000, 0.000, 0.100, 29
train,    13, -12.915186,    2, 1.00,    0, 0.000, 0.000, 0.100, 29
train,    14, -12.770710,    2, 1.00,    0, 0.000, 0.000, 0.100, 29
train,    15, 1.638278,    5, 1.00,    2, 0.000, 0.000, 0.100, 29
train,    16, 48.587980,   76, 1.00,   19, 0.000, 0.000, 0.100, 29
train,    17, -12.145113,   16, 1.00,    7, 0.000, 0.000, 0.100, 29
train,    18, -12.898126,    2, 1.00,    0, 0.000, 0.000, 0.100, 29
train,    19, -11.562497,    2, 1.00,    2, 0.000, 0.000, 0.100, 29
train,    20, 30.933477,   13, 1.00,    5, 0.000, 0.000, 0.100, 29
train,    21, -12.076516,    2, 1.00,    0, 0.000, 0.000, 0.100, 29
train,    22, -5.724361,    6, 1.00,    1, 0.000, 0.000, 0.100, 29
train,    23, -12.215114,    2, 1.00,    0, 0.000, 0.000, 0.100, 30
train,    24, -11.634805,    3, 1.00,    1, 0.000, 0.000, 0.100, 30
val_save, 24, -114.895865, 0.0000,  78.0000,   0.0000, 0.0000,  20.1290
val,      24, -114.895865, 0.0000,  78.0000,   0.0000, 0.0000,  20.1290
train,    25, 7.659568,   10, 1.00,    2, 0.000, 0.000, 0.100, 30
train,    26, -0.095366,    4, 1.00,    3, 0.000, 0.000, 0.100, 30
train,    27, -14.251170,    2, 1.00,    1, 0.000, 0.000, 0.100, 30
resume,   2026-04-13 01:01:00.314636
train,    28, -12.223236,    2, 1.00,    0, 0.000, 0.000, 0.100, 30
train,    29, 36.726113,   17, 1.00,    3, 0.000, 0.000, 0.100, 30
train,    30, -11.955433,    2, 1.00,    0, 0.000, 0.000, 0.100, 30
train,    31, -11.158980,   10, 1.00,    4, 0.000, 0.000, 0.100, 30
train,    32, 29.620158,   16, 1.00,    6, 0.000, 0.000, 0.100, 30
train,    33, 2.018301,   12, 1.00,    4, 0.000, 0.000, 0.100, 30
train,    34, -18.926821,    5, 1.00,    0, 0.000, 0.000, 0.100, 30
train,    35, -12.261135,    2, 1.00,    0, 0.000, 0.000, 0.100, 30
train,    36, -0.635130,    5, 1.00,    2, 0.000, 0.000, 0.100, 30
train,    37, -17.232630,    7, 1.00,    3, 0.000, 0.000, 0.100, 30
train,    38, 43.525752,   25, 1.00,    7, 0.000, 0.000, 0.100, 31
train,    39, 36.316616,   15, 1.00,    1, 0.000, 0.000, 0.100, 31
train,    40, -13.234524,    2, 1.00,    0, 0.000, 0.000, 0.100, 31
train,    41, 6.895015,    9, 1.00,    3, 0.000, 0.000, 0.100, 31
train,    42, -15.227068,    3, 1.00,    0, 0.000, 0.000, 0.100, 31
train,    43, 46.070939,   65, 1.00,   18, 0.000, 0.000, 0.100, 31
train,    44, -13.225875,    2, 1.00,    0, 0.000, 0.000, 0.100, 31
train,    45, -17.726786,    3, 1.00,    2, 0.000, 0.000, 0.100, 31
train,    46, -12.210848,    2, 1.00,    0, 0.000, 0.000, 0.100, 31
train,    47, -13.476678,    9, 1.00,    3, 0.000, 0.000, 0.100, 31
train,    48, -15.682639,    2, 1.00,    1, 0.000, 0.000, 0.100, 31
train,    49, -6.657801,    3, 1.00,    1, 0.000, 0.000, 0.100, 31
val_save, 49, -92.459704, 0.2000,  63.0000,   0.0000, 0.0000,  19.8265
val,      49, -92.459704, 0.2000,  63.0000,   0.0000, 0.0000,  19.8265
train,    50, -6.701800,    3, 1.00,    2, 0.000, 0.000, 0.100, 31
train,    51, -12.628697,    2, 1.00,    0, 0.000, 0.000, 0.100, 31
train,    52, -15.857261,   19, 1.00,    3, 0.000, 0.000, 0.100, 31
train,    53, 18.634232,    9, 1.00,    3, 0.000, 0.000, 0.100, 32
train,    54, 14.711081,   15, 1.00,    5, 0.000, 0.000, 0.100, 32
train,    55, -23.192509,   12, 1.00,    3, 0.000, 0.000, 0.100, 32
train,    56, -28.693614,   23, 1.00,    5, 0.000, 0.000, 0.100, 32
train,    57, -4.231617,   18, 1.00,    6, 0.000, 0.000, 0.100, 32
train,    58, 3.175268,   17, 1.00,    6, 0.000, 0.000, 0.100, 32
train,    59, -6.692789,    3, 1.00,    2, 0.000, 0.000, 0.100, 32
train,    60, -14.680166,    3, 1.00,    0, 0.000, 0.000, 0.100, 32
train,    61, -14.077046,    4, 1.00,    2, 0.000, 0.000, 0.100, 32
train,    62, 53.206784,   13, 1.00,    5, 0.000, 0.000, 0.100, 32
train,    63, 2.534741,    7, 1.00,    1, 0.000, 0.000, 0.100, 32
train,    64, -12.398195,    2, 1.00,    1, 0.000, 0.000, 0.100, 32
train,    65, 9.359966,    6, 1.00,    2, 0.000, 0.000, 0.100, 32
train,    66, -4.124119,   11, 1.00,    1, 0.000, 0.000, 0.100, 32
train,    67, 9.015956,   10, 1.00,    5, 0.000, 0.000, 0.100, 32
train,    68, 33.670423,   13, 1.00,    5, 0.000, 0.000, 0.100, 33
train,    69, -13.073295,    2, 1.00,    1, 0.000, 0.000, 0.100, 33
train,    70, -15.123238,    2, 1.00,    0, 0.000, 0.000, 0.100, 33
train,    71, 15.197789,    9, 1.00,    5, 0.000, 0.000, 0.100, 33
train,    72, -13.181243,    2, 1.00,    0, 0.000, 0.000, 0.100, 33
train,    73, 1.495195,   23, 1.00,    4, 0.000, 0.000, 0.100, 33
train,    74, -13.134346,    2, 1.00,    0, 0.000, 0.000, 0.100, 33
val,      74, -115.444453, 0.0000,  78.0000,   0.0000, 0.0000,  20.1418
train,    75, -12.780064,    2, 1.00,    0, 0.000, 0.000, 0.100, 33
train,    76, 1.931296,   16, 1.00,    4, 0.000, 0.000, 0.100, 33
train,    77, -13.235580,    2, 1.00,    0, 0.000, 0.000, 0.100, 33
train,    78, -14.801445,    2, 1.00,    1, 0.000, 0.000, 0.100, 33
train,    79, -2.405751,   16, 1.00,    4, 0.000, 0.000, 0.100, 33
train,    80, -12.719703,    2, 1.00,    1, 0.000, 0.000, 0.100, 33
train,    81, 7.360557,   10, 1.00,    3, 0.000, 0.000, 0.100, 33
train,    82, -11.914000,    2, 1.00,    0, 0.000, 0.000, 0.100, 33
train,    83, -13.239972,    2, 1.00,    1, 0.000, 0.000, 0.100, 34
train,    84, 10.104253,    9, 1.00,    3, 0.000, 0.000, 0.100, 34
train,    85, -8.691639,    2, 1.00,    2, 0.000, 0.000, 0.100, 34
train,    86, 22.739356,   18, 1.00,    7, 0.000, 0.000, 0.100, 34
train,    87, -22.396052,    8, 1.00,    3, 0.000, 0.000, 0.100, 34
train,    88, -14.134240,    2, 1.00,    1, 0.000, 0.000, 0.100, 34
train,    89, 26.873108,   12, 1.00,    4, 0.000, 0.000, 0.100, 34
train,    90, 12.326732,    6, 1.00,    2, 0.000, 0.000, 0.100, 34
train,    91, 30.329008,   26, 1.00,    5, 0.000, 0.000, 0.100, 34
train,    92, -22.880534,   13, 1.00,    5, 0.000, 0.000, 0.100, 34
train,    93, -11.306699,    2, 1.00,    0, 0.000, 0.000, 0.100, 34
train,    94, 0.008424,    6, 1.00,    4, 0.000, 0.000, 0.100, 34
train,    95, 40.319541,   23, 1.00,    7, 0.000, 0.000, 0.100, 34
train,    96, 4.689431,    7, 1.00,    2, 0.000, 0.000, 0.100, 34
train,    97, -2.018512,    5, 1.00,    2, 0.000, 0.000, 0.100, 34
train,    98, -12.078388,    2, 1.00,    0, 0.000, 0.000, 0.100, 35
train,    99, -8.691652,    2, 1.00,    2, 0.000, 0.000, 0.100, 35
val_save, 99, -75.289067, 0.4000,  47.6000,   0.0000, 0.0000,  20.3264
val,      99, -75.289067, 0.4000,  47.6000,   0.0000, 0.0000,  20.3264
train,    100, -3.282014,   10, 1.00,    2, 0.000, 0.000, 0.100, 35
train,    101, -15.486171,    8, 1.00,    2, 0.000, 0.000, 0.100, 35
train,    102, -17.141065,    4, 1.00,    1, 0.000, 0.000, 0.100, 35
train,    103, 20.915785,   26, 1.00,    8, 0.000, 0.000, 0.100, 35
train,    104, -12.365698,    2, 1.00,    0, 0.000, 0.000, 0.100, 35
train,    105, -13.170736,    2, 1.00,    0, 0.000, 0.000, 0.100, 35
train,    106, 12.400031,   45, 1.00,   15, 0.000, 0.000, 0.100, 35
train,    107, 78.110239,   19, 1.00,    6, 0.000, 0.000, 0.100, 35
train,    108, 3.481066,    8, 1.00,    2, 0.000, 0.000, 0.100, 35
update,   108,    1,  769, -3.364345, -0.000000
train,    109, 3.253032,    4, 1.00,    2, 0.000, 0.000, 0.100, 35
train,    110, -13.400403,    3, 1.00,    2, 0.000, 0.000, 0.100, 35
train,    111, 32.224187,   13, 1.00,    6, 0.000, 0.000, 0.100, 35
train,    112, -5.074346,   23, 1.00,   11, 0.000, 0.000, 0.100, 35
train,    113, 5.549851,    4, 1.00,    2, 0.000, 0.000, 0.100, 36
train,    114, -8.691631,    2, 1.00,    2, 0.000, 0.000, 0.100, 36
train,    115, -14.659938,    3, 1.00,    1, 0.000, 0.000, 0.100, 36
train,    116, 41.869201,   18, 1.00,   12, 0.000, 0.000, 0.100, 36
train,    117, -12.804100,    2, 1.00,    0, 0.000, 0.000, 0.100, 36
train,    118, 15.506066,   47, 1.00,   23, 0.000, 0.000, 0.100, 36
train,    119, 48.850704,   13, 1.00,    7, 0.000, 0.000, 0.100, 36
train,    120, -5.633070,    5, 1.00,    1, 0.000, 0.000, 0.100, 36
train,    121, 35.007422,   11, 1.00,    4, 0.000, 0.000, 0.100, 36
train,    122, -15.186599,    2, 1.00,    0, 0.000, 0.000, 0.100, 36
train,    123, 1.905483,   20, 1.00,    7, 0.000, 0.000, 0.100, 36
train,    124, -11.626751,    3, 1.00,    0, 0.000, 0.000, 0.100, 36
val_save, 124, 14.902426, 1.0000,   8.8000,   0.0000, 0.0000,  28.6034
val,      124, 14.902426, 1.0000,   8.8000,   0.0000, 0.0000,  28.6034
train,    125, 8.616586,    6, 1.00,    5, 0.000, 0.000, 0.100, 36
train,    126, -12.034694,    2, 1.00,    0, 0.000, 0.000, 0.100, 36
train,    127, -21.470927,   13, 1.00,    2, 0.000, 0.000, 0.100, 36
train,    128, -11.229639,    4, 1.00,    3, 0.000, 0.000, 0.100, 37
train,    129, -14.717159,    3, 1.00,    0, 0.000, 0.000, 0.100, 37
train,    130, -8.691846,    2, 1.00,    2, 0.000, 0.000, 0.100, 37
train,    131, -12.212041,    2, 1.00,    0, 0.000, 0.000, 0.100, 37
train,    132, -18.486686,   13, 1.00,    5, 0.000, 0.000, 0.100, 37
train,    133, -28.384580,   16, 1.00,    8, 0.000, 0.000, 0.100, 37
train,    134, -6.188604,    4, 1.00,    2, 0.000, 0.000, 0.100, 37
train,    135, 15.094326,   10, 1.00,    2, 0.000, 0.000, 0.100, 37
train,    136, 34.726762,   15, 1.00,    3, 0.000, 0.000, 0.100, 37
train,    137, -1.111214,   10, 1.00,    5, 0.000, 0.000, 0.100, 37
train,    138, -13.282225,    2, 1.00,    0, 0.000, 0.000, 0.100, 37
train,    139, 57.819820,   39, 1.00,   14, 0.000, 0.000, 0.100, 37
train,    140, 18.140608,   10, 1.00,    4, 0.000, 0.000, 0.100, 37
train,    141, 36.707808,   29, 1.00,   10, 0.000, 0.000, 0.100, 37
train,    142, 12.278055,    5, 1.00,    2, 0.000, 0.000, 0.100, 37
train,    143, 47.130749,   16, 1.00,    7, 0.000, 0.000, 0.100, 38
train,    144, -8.939408,    4, 1.00,    2, 0.000, 0.000, 0.100, 38
train,    145, -7.509101,    2, 1.00,    2, 0.000, 0.000, 0.100, 38
train,    146, -13.442747,    2, 1.00,    1, 0.000, 0.000, 0.100, 38
train,    147, 22.171039,   12, 1.00,    4, 0.000, 0.000, 0.100, 38
train,    148, -11.591828,    3, 1.00,    3, 0.000, 0.000, 0.100, 38
train,    149, -14.125327,    2, 1.00,    1, 0.000, 0.000, 0.100, 38
val,      149, -13.074584, 1.0000,   2.0000,   0.0000, 0.0000,  25.1043
train,    150, 9.386205,   42, 1.00,   24, 0.000, 0.000, 0.100, 38
train,    151, 15.169187,    8, 1.00,    2, 0.000, 0.000, 0.100, 38
train,    152, -7.432204,    6, 1.00,    5, 0.000, 0.000, 0.100, 38
train,    153, -0.612072,    5, 1.00,    2, 0.000, 0.000, 0.100, 38
train,    154, -15.083498,    2, 1.00,    0, 0.000, 0.000, 0.100, 38
train,    155, 8.459315,    5, 1.00,    3, 0.000, 0.000, 0.100, 38
train,    156, -1.465813,    5, 1.00,    3, 0.000, 0.000, 0.100, 38
train,    157, -10.455544,   12, 1.00,    3, 0.000, 0.000, 0.100, 38
train,    158, 49.286607,   27, 1.00,   11, 0.000, 0.000, 0.100, 39
train,    159, -9.121184,    3, 1.00,    1, 0.000, 0.000, 0.100, 39
train,    160, -10.647892,    3, 1.00,    3, 0.000, 0.000, 0.100, 39
train,    161, -0.061945,    6, 1.00,    3, 0.000, 0.000, 0.100, 39
train,    162, 71.490095,   52, 1.00,   20, 0.000, 0.000, 0.100, 39
train,    163, 44.510210,   17, 1.00,    7, 0.000, 0.000, 0.100, 39
train,    164, -15.652526,    2, 1.00,    1, 0.000, 0.000, 0.100, 39
train,    165, -11.562497,    2, 1.00,    2, 0.000, 0.000, 0.100, 39
train,    166, -12.460152,    2, 1.00,    0, 0.000, 0.000, 0.100, 39
train,    167, 9.337921,    6, 1.00,    3, 0.000, 0.000, 0.100, 39
train,    168, -11.928789,    2, 1.00,    1, 0.000, 0.000, 0.100, 39
train,    169, -13.336373,    2, 1.00,    0, 0.000, 0.000, 0.100, 39
train,    170, 3.725334,   11, 1.00,    3, 0.000, 0.000, 0.100, 39
train,    171, -10.865428,    3, 1.00,    2, 0.000, 0.000, 0.100, 39
train,    172, -13.003779,    2, 1.00,    0, 0.000, 0.000, 0.100, 39
train,    173, -0.069087,    5, 1.00,    3, 0.000, 0.000, 0.100, 40
train,    174, -6.561021,    3, 1.00,    2, 0.000, 0.000, 0.100, 40
val,      174, -10.469347, 1.0000,   2.6000,   0.0000, 0.0000,  23.6994
train,    175, -11.296788,    3, 1.00,    1, 0.000, 0.000, 0.100, 40
train,    176, -11.562497,    2, 1.00,    2, 0.000, 0.000, 0.100, 40
train,    177, -14.950902,    3, 1.00,    1, 0.000, 0.000, 0.100, 40
train,    178, -9.904474,    2, 1.00,    2, 0.000, 0.000, 0.100, 40
train,    179, -12.252650,    2, 1.00,    0, 0.000, 0.000, 0.100, 40
train,    180, -13.128576,    2, 1.00,    0, 0.000, 0.000, 0.100, 40
train,    181, -16.692753,    4, 1.00,    2, 0.000, 0.000, 0.100, 40
train,    182, 53.163552,   26, 1.00,   11, 0.000, 0.000, 0.100, 40
train,    183, -10.765058,    3, 1.00,    2, 0.000, 0.000, 0.100, 40
train,    184, -17.376624,    4, 1.00,    2, 0.000, 0.000, 0.100, 40
train,    185, 4.786820,    6, 1.00,    6, 0.000, 0.000, 0.100, 40
train,    186, 1.945334,    6, 1.00,    2, 0.000, 0.000, 0.100, 40
train,    187, -13.539341,    2, 1.00,    0, 0.000, 0.000, 0.100, 40
train,    188, -10.774847,    3, 1.00,    2, 0.000, 0.000, 0.100, 41
train,    189, -2.419680,   17, 1.00,    6, 0.000, 0.000, 0.100, 41
train,    190, -15.064503,    6, 1.00,    3, 0.000, 0.000, 0.100, 41
train,    191, -8.012308,    2, 1.00,    2, 0.000, 0.000, 0.100, 41
train,    192, 107.680640,   62, 1.00,   19, 0.000, 0.000, 0.100, 41
update,   192,    2,  787, 0.787953, 0.000000
train,    193, -13.362472,    2, 1.00,    0, 0.000, 0.000, 0.100, 41
train,    194, 17.631649,   29, 1.00,   14, 0.000, 0.000, 0.100, 41
train,    195, 2.991633,   27, 1.00,   14, 0.000, 0.000, 0.100, 41
