init,     2026-04-10 15:34:30.004976
arguments,Namespace(PPO_epochs=4, adv_norm=1, alg='ppo', cuda=0, curriculum_clean_ratio=0.8, curriculum_entropy_decay=0.9, curriculum_mode='adaptive', curriculum_noise_step=0.02, curriculum_patience=2, entropy=2.0, entropy_min=0.1, eps_clip=0.15, gae_lambda=0.97, gamma=0.995, grad_clip=0.5, gymip_train_xml='inverted_pendulum_ChangeThk_0.050000.xml', hid_group_num=8, hid_group_size=8, hidden_num=64, ignore_checkpoint=True, lane_profile='auto', lr=0.0005, max_noise=0.08, mini_batch_size=128, model='rwtaspk', monitor_time=False, optimizer='rmsprop', rep=11, response_window=40, reward_scale=1.0, road_scenario='highway', rollout_steps=512, rwta_del_connection='none', seed=9801, snn_num_steps=15, task='gymip', thread=-1, traffic_level='standard', train_num=76, warm_start_kind='none', warm_start_prefix='/root/autodl-tmp/SVPG2023/LANE/training_runs/ours/highway_standard/models/ppo_gymip_rwtaspk_h8-8-40_none_rmsprop_0.000500_2.00_0.99500_4_0.1500_ro512_mb128_lam0.97_rs1.00_gc0.50_adaptive_roadhighway_tfstandard_seed31_best')
seed,     9801
model_dir,/root/autodl-tmp/SVPG2023/LANE/training_runs/ours/highway_standard/models
log_dir,  /root/autodl-tmp/SVPG2023/LANE/training_runs/ours/highway_standard/logs
profile,  lane auto-stabilize: curriculum_clean_ratio->0.8, max_noise->0.08, curriculum_noise_step->0.02
warm_start,/root/autodl-tmp/SVPG2023/LANE/training_runs/ours/highway_standard/models/ppo_gymip_rwtaspk_h8-8-40_none_rmsprop_0.000500_2.00_0.99500_4_0.1500_ro512_mb128_lam0.97_rs1.00_gc0.50_adaptive_roadhighway_tfstandard_seed31_best
warm_critic,/root/autodl-tmp/SVPG2023/LANE/training_runs/ours/highway_standard/models/ppo_gymip_rwtaspk_h8-8-40_none_rmsprop_0.000500_2.00_0.99500_4_0.1500_ro512_mb128_lam0.97_rs1.00_gc0.50_adaptive_roadhighway_tfstandard_seed31critic_best
train,    1, -5.810715,    6, 1.00,    1, 0.000, 0.000, 2.000, 32
train,    2, -5.902937,    5, 1.00,    3, 0.000, 0.000, 2.000, 32
train,    3, 1.551569,   28, 1.00,    8, 0.000, 0.000, 2.000, 32
train,    4, -4.832346,   22, 1.00,   11, 0.000, 0.000, 2.000, 32
train,    5, -12.703214,    3, 1.00,    1, 0.000, 0.000, 2.000, 32
train,    6, -7.747801,    8, 1.00,    3, 0.000, 0.000, 2.000, 32
train,    7, -5.534193,    9, 1.00,    5, 0.000, 0.000, 2.000, 32
train,    8, -8.557092,    3, 1.00,    1, 0.000, 0.000, 2.000, 32
train,    9, -2.917468,   21, 1.00,    3, 0.000, 0.000, 2.000, 32
train,    10, 0.738118,    9, 1.00,    3, 0.000, 0.000, 2.000, 32
train,    11, -16.740987,    3, 1.00,    2, 0.000, 0.000, 2.000, 33
train,    12, -6.395824,    7, 1.00,    0, 0.000, 0.000, 2.000, 33
train,    13, -11.167482,   31, 1.00,   10, 0.000, 0.000, 2.000, 33
train,    14, -10.266548,    3, 1.00,    1, 0.000, 0.000, 2.000, 33
train,    15, -2.633907,    8, 1.00,    0, 0.000, 0.000, 2.000, 33
train,    16, -10.912311,    5, 1.00,    0, 0.000, 0.000, 2.000, 33
train,    17, -14.100947,    3, 1.00,    1, 0.000, 0.000, 2.000, 33
train,    18, -1.936532,   68, 1.00,   26, 0.000, 0.000, 2.000, 33
train,    19, -7.719171,    7, 1.00,    2, 0.000, 0.000, 2.000, 33
train,    20, -11.825160,    3, 1.00,    3, 0.000, 0.000, 2.000, 33
train,    21, 14.312397,   18, 1.00,    4, 0.000, 0.000, 2.000, 33
train,    22, -9.831587,   25, 1.00,    7, 0.000, 0.000, 2.000, 33
train,    23, -26.644764,   15, 1.00,    4, 0.000, 0.000, 2.000, 33
train,    24, 16.241681,   19, 1.00,   13, 0.000, 0.000, 2.000, 33
val_save, 24, -57.940685, 0.0000,  60.0000,   0.0000, 0.0000,  20.1583
val,      24, -57.940685, 0.0000,  60.0000,   0.0000, 0.0000,  20.1583
train,    25, -19.903106,   10, 1.00,    4, 0.000, 0.000, 2.000, 33
train,    26, -14.154048,    4, 1.00,    1, 0.000, 0.000, 2.000, 33
train,    27, -9.134841,    4, 1.00,    2, 0.000, 0.000, 2.000, 33
train,    28, -8.834358,    5, 1.00,    2, 0.000, 0.000, 2.000, 33
train,    29, -12.811801,   22, 1.00,    8, 0.000, 0.000, 2.000, 33
train,    30, -5.846853,   24, 1.00,    5, 0.000, 0.000, 2.000, 34
train,    31, -1.464491,   10, 1.00,    2, 0.000, 0.000, 2.000, 34
train,    32, -2.045150,   26, 1.00,    8, 0.000, 0.000, 2.000, 34
train,    33, -9.577675,    4, 1.00,    2, 0.000, 0.000, 2.000, 34
train,    34, 17.292099,   17, 1.00,    3, 0.000, 0.000, 2.000, 34
train,    35, -7.751334,    7, 1.00,    2, 0.000, 0.000, 2.000, 34
train,    36, 2.946960,    7, 1.00,    3, 0.000, 0.000, 2.000, 34
train,    37, -13.871413,   14, 1.00,    2, 0.000, 0.000, 2.000, 34
train,    38, 4.085710,   11, 1.00,    3, 0.000, 0.000, 2.000, 34
train,    39, -10.756213,    5, 1.00,    1, 0.000, 0.000, 2.000, 34
train,    40, -3.889359,    6, 1.00,    1, 0.000, 0.000, 2.000, 34
train,    41, 28.756366,   20, 1.00,    6, 0.000, 0.000, 2.000, 34
update,   41,    1,  525, -6.502974, 0.000000
train,    42, 5.260939,   14, 1.00,    3, 0.000, 0.000, 2.000, 34
train,    43, -12.196761,    3, 1.00,    1, 0.000, 0.000, 2.000, 34
train,    44, 13.356958,   21, 1.00,   10, 0.000, 0.000, 2.000, 34
train,    45, -18.640517,   14, 1.00,    5, 0.000, 0.000, 2.000, 34
train,    46, -12.831412,    3, 1.00,    0, 0.000, 0.000, 2.000, 34
train,    47, 4.670394,   11, 1.00,    7, 0.000, 0.000, 2.000, 34
train,    48, 0.624639,    9, 1.00,    5, 0.000, 0.000, 2.000, 34
train,    49, -10.261996,    4, 1.00,    2, 0.000, 0.000, 2.000, 34
val,      49, 9.419229, 1.0000,  11.0000,   0.0000, 0.0000,  28.5993
train,    50, 22.122008,   71, 1.00,   30, 0.000, 0.000, 2.000, 34
train,    51, -14.303093,    3, 1.00,    1, 0.000, 0.000, 2.000, 35
train,    52, 3.874218,   29, 1.00,   10, 0.000, 0.000, 2.000, 35
train,    53, -8.364541,    9, 1.00,    2, 0.000, 0.000, 2.000, 35
train,    54, -10.148578,    3, 1.00,    2, 0.000, 0.000, 2.000, 35
train,    55, -7.362355,    5, 1.00,    3, 0.000, 0.000, 2.000, 35
train,    56, -14.351964,    5, 1.00,    2, 0.000, 0.000, 2.000, 35
train,    57, -10.884595,    5, 1.00,    3, 0.000, 0.000, 2.000, 35
train,    58, 3.933482,    9, 1.00,    4, 0.000, 0.000, 2.000, 35
train,    59, -13.693667,    3, 1.00,    2, 0.000, 0.000, 2.000, 35
train,    60, -10.820728,    3, 1.00,    2, 0.000, 0.000, 2.000, 35
train,    61, 1.065325,    9, 1.00,    1, 0.000, 0.000, 2.000, 35
train,    62, 12.880254,   13, 1.00,    8, 0.000, 0.000, 2.000, 35
train,    63, -13.477133,   12, 1.00,    4, 0.000, 0.000, 2.000, 35
train,    64, -6.743174,    6, 1.00,    1, 0.000, 0.000, 2.000, 35
train,    65, 32.372365,   24, 1.00,    9, 0.000, 0.000, 2.000, 35
train,    66, 2.993551,   17, 1.00,    6, 0.000, 0.000, 2.000, 35
train,    67, -15.271754,    4, 1.00,    2, 0.000, 0.000, 2.000, 35
train,    68, -4.024789,    6, 1.00,    2, 0.000, 0.000, 2.000, 35
train,    69, -10.703027,    3, 1.00,    1, 0.000, 0.000, 2.000, 35
train,    70, -10.928676,   17, 1.00,    4, 0.000, 0.000, 2.000, 36
train,    71, -4.628722,    8, 1.00,    3, 0.000, 0.000, 2.000, 36
train,    72, 29.405262,   25, 1.00,   12, 0.000, 0.000, 2.000, 36
train,    73, 1.312616,   34, 1.00,   14, 0.000, 0.000, 2.000, 36
train,    74, -6.767700,    6, 1.00,    3, 0.000, 0.000, 2.000, 36
val,      74, -6.709444, 1.0000,   5.2000,   0.0000, 0.0000,  27.3270
train,    75, 12.510793,   15, 1.00,    2, 0.000, 0.000, 2.000, 36
update,   76,    2,  423, -5.191636, 0.000000
checkpoint_cleanup,promoted=0, kept=4, removed=12
finish,   2026-04-10 15:40:54.226336
