init,     2026-04-10 15:11:17.680154
arguments,Namespace(PPO_epochs=4, adv_norm=1, alg='ppo', cuda=0, curriculum_clean_ratio=0.8, curriculum_entropy_decay=0.9, curriculum_mode='adaptive', curriculum_noise_step=0.02, curriculum_patience=2, entropy=2.0, entropy_min=0.1, eps_clip=0.15, gae_lambda=0.97, gamma=0.995, grad_clip=0.5, gymip_train_xml='inverted_pendulum_ChangeThk_0.050000.xml', hid_group_num=8, hid_group_size=8, hidden_num=64, ignore_checkpoint=True, lane_profile='auto', lr=0.0005, max_noise=0.08, mini_batch_size=128, model='rwtaspk', monitor_time=False, optimizer='rmsprop', rep=11, response_window=40, reward_scale=1.0, road_scenario='highway', rollout_steps=512, rwta_del_connection='none', seed=9701, snn_num_steps=15, task='gymip', thread=-1, traffic_level='standard', train_num=76, warm_start_kind='none', warm_start_prefix='/root/autodl-tmp/SVPG2023/LANE/training_runs/ours/highway_standard/models/ppo_gymip_rwtaspk_h8-8-40_none_rmsprop_0.000500_2.00_0.99500_4_0.1500_ro512_mb128_lam0.97_rs1.00_gc0.50_adaptive_roadhighway_tfstandard_seed31_best')
seed,     9701
model_dir,/root/autodl-tmp/SVPG2023/LANE/training_runs/ours/highway_standard/models
log_dir,  /root/autodl-tmp/SVPG2023/LANE/training_runs/ours/highway_standard/logs
profile,  lane auto-stabilize: curriculum_clean_ratio->0.8, max_noise->0.08, curriculum_noise_step->0.02
warm_start,/root/autodl-tmp/SVPG2023/LANE/training_runs/ours/highway_standard/models/ppo_gymip_rwtaspk_h8-8-40_none_rmsprop_0.000500_2.00_0.99500_4_0.1500_ro512_mb128_lam0.97_rs1.00_gc0.50_adaptive_roadhighway_tfstandard_seed31_best
warm_critic,/root/autodl-tmp/SVPG2023/LANE/training_runs/ours/highway_standard/models/ppo_gymip_rwtaspk_h8-8-40_none_rmsprop_0.000500_2.00_0.99500_4_0.1500_ro512_mb128_lam0.97_rs1.00_gc0.50_adaptive_roadhighway_tfstandard_seed31critic_best
train,    1, 10.287226,   30, 1.00,    7, 0.000, 0.000, 2.000, 32
train,    2, -30.186486,   30, 1.00,    3, 0.000, 0.000, 2.000, 32
train,    3, -14.109654,    3, 1.00,    0, 0.000, 0.000, 2.000, 32
train,    4, -6.857164,   29, 1.00,    9, 0.000, 0.000, 2.000, 32
train,    5, 3.627254,   11, 1.00,    4, 0.000, 0.000, 2.000, 32
train,    6, 21.389980,   33, 1.00,    6, 0.000, 0.000, 2.000, 32
train,    7, 29.263434,   56, 1.00,   17, 0.000, 0.000, 2.000, 32
train,    8, -12.871621,    2, 1.00,    1, 0.000, 0.000, 2.000, 32
train,    9, -8.501229,    8, 1.00,    1, 0.000, 0.000, 2.000, 32
train,    10, 3.928070,   16, 1.00,    6, 0.000, 0.000, 2.000, 32
train,    11, -9.896574,    7, 1.00,    2, 0.000, 0.000, 2.000, 33
train,    12, -18.235130,   10, 1.00,    3, 0.000, 0.000, 2.000, 33
train,    13, -3.335396,    6, 1.00,    3, 0.000, 0.000, 2.000, 33
train,    14, -38.272331,   26, 1.00,   10, 0.000, 0.000, 2.000, 33
train,    15, -8.979889,    3, 1.00,    1, 0.000, 0.000, 2.000, 33
train,    16, -18.561733,   18, 1.00,    6, 0.000, 0.000, 2.000, 33
train,    17, -12.959411,    3, 1.00,    1, 0.000, 0.000, 2.000, 33
train,    18, -19.545134,    9, 1.00,    2, 0.000, 0.000, 2.000, 33
train,    19, -6.741628,    6, 1.00,    3, 0.000, 0.000, 2.000, 33
train,    20, -6.049913,    4, 1.00,    3, 0.000, 0.000, 2.000, 33
train,    21, -16.211409,    4, 1.00,    0, 0.000, 0.000, 2.000, 33
train,    22, -13.412783,    8, 1.00,    2, 0.000, 0.000, 2.000, 33
train,    23, -7.899335,   14, 1.00,    2, 0.000, 0.000, 2.000, 33
train,    24, -20.079338,   23, 1.00,    8, 0.000, 0.000, 2.000, 33
val_save, 24, -58.925615, 0.0000,  60.0000,   0.0000, 0.0000,  20.0166
val,      24, -58.925615, 0.0000,  60.0000,   0.0000, 0.0000,  20.0166
train,    25, -25.056582,   17, 1.00,    6, 0.000, 0.000, 2.000, 33
train,    26, 17.634957,   15, 1.00,    4, 0.000, 0.000, 2.000, 33
train,    27, -6.442852,    6, 1.00,    1, 0.000, 0.000, 2.000, 33
train,    28, -4.323319,   26, 1.00,   11, 0.000, 0.000, 2.000, 33
train,    29, -5.477082,    9, 1.00,    0, 0.000, 0.000, 2.000, 33
train,    30, 0.725183,    9, 1.00,    3, 0.000, 0.000, 2.000, 34
train,    31, -24.254308,   23, 1.00,    5, 0.000, 0.000, 2.000, 34
train,    32, -11.442900,    4, 1.00,    2, 0.000, 0.000, 2.000, 34
train,    33, -9.052990,    6, 1.00,    1, 0.000, 0.000, 2.000, 34
train,    34, -21.255377,   43, 1.00,    9, 0.000, 0.000, 2.000, 34
update,   34,    1,  517, -8.134978, 0.000000
train,    35, -5.066408,    8, 1.00,    4, 0.000, 0.000, 2.000, 34
train,    36, -10.359341,    5, 1.00,    1, 0.000, 0.000, 2.000, 34
train,    37, 8.233479,   50, 1.00,   22, 0.000, 0.000, 2.000, 34
train,    38, -29.303945,   24, 1.00,    1, 0.000, 0.000, 2.000, 34
train,    39, -14.830325,    6, 1.00,    3, 0.000, 0.000, 2.000, 34
train,    40, -14.876295,    4, 1.00,    3, 0.000, 0.000, 2.000, 34
train,    41, -9.686563,    5, 1.00,    1, 0.000, 0.000, 2.000, 34
train,    42, -15.676026,    5, 1.00,    1, 0.000, 0.000, 2.000, 34
train,    43, 12.420174,   19, 1.00,    9, 0.000, 0.000, 2.000, 34
train,    44, -8.591408,   10, 1.00,    7, 0.000, 0.000, 2.000, 34
train,    45, -4.901386,   17, 1.00,   10, 0.000, 0.000, 2.000, 34
train,    46, -7.656988,    6, 1.00,    2, 0.000, 0.000, 2.000, 34
train,    47, -6.675734,    6, 1.00,    4, 0.000, 0.000, 2.000, 34
train,    48, 11.394943,   18, 1.00,    5, 0.000, 0.000, 2.000, 34
train,    49, -12.826879,   21, 1.00,   13, 0.000, 0.000, 2.000, 34
val,      49, 9.391337, 1.0000,  19.4000,   0.0000, 0.0000,  24.5107
train,    50, 24.136816,   38, 1.00,   16, 0.000, 0.000, 2.000, 34
train,    51, -14.039095,   23, 1.00,    4, 0.000, 0.000, 2.000, 35
train,    52, -15.014125,   30, 1.00,   12, 0.000, 0.000, 2.000, 35
train,    53, -9.146080,    7, 1.00,    1, 0.000, 0.000, 2.000, 35
train,    54, -16.022820,    4, 1.00,    1, 0.000, 0.000, 2.000, 35
train,    55, -15.981685,    4, 1.00,    1, 0.000, 0.000, 2.000, 35
train,    56, -18.153983,    8, 1.00,    2, 0.000, 0.000, 2.000, 35
train,    57, 0.779751,   22, 1.00,    6, 0.000, 0.000, 2.000, 35
train,    58, -15.810528,    4, 1.00,    2, 0.000, 0.000, 2.000, 35
train,    59, -15.823998,   17, 1.00,    7, 0.000, 0.000, 2.000, 35
train,    60, 5.754931,   11, 1.00,    6, 0.000, 0.000, 2.000, 35
train,    61, -4.636341,   18, 1.00,    4, 0.000, 0.000, 2.000, 35
train,    62, -9.167075,    8, 1.00,    4, 0.000, 0.000, 2.000, 35
train,    63, -7.593324,   10, 1.00,    3, 0.000, 0.000, 2.000, 35
train,    64, 29.486113,   33, 1.00,   14, 0.000, 0.000, 2.000, 35
train,    65, -11.578355,   25, 1.00,   10, 0.000, 0.000, 2.000, 35
train,    66, -3.501021,   17, 1.00,    6, 0.000, 0.000, 2.000, 35
train,    67, -4.239013,   16, 1.00,    8, 0.000, 0.000, 2.000, 35
train,    68, 16.549584,   41, 1.00,   20, 0.000, 0.000, 2.000, 35
update,   68,    2,  540, -6.630234, -0.000000
train,    69, -4.492472,    6, 1.00,    3, 0.000, 0.000, 2.000, 35
train,    70, 5.643262,   12, 1.00,    4, 0.000, 0.000, 2.000, 36
train,    71, -13.992032,    5, 1.00,    0, 0.000, 0.000, 2.000, 36
train,    72, -7.344699,   18, 1.00,    6, 0.000, 0.000, 2.000, 36
train,    73, -11.896143,    4, 1.00,    2, 0.000, 0.000, 2.000, 36
train,    74, -2.524390,   22, 1.00,    7, 0.000, 0.000, 2.000, 36
val,      74, 5.366770, 1.0000,  16.4000,   0.0000, 0.0000,  24.2676
train,    75, -3.528276,   10, 1.00,    5, 0.000, 0.000, 2.000, 36
update,   76,    3,   77, -9.063073, 0.000000
checkpoint_cleanup,promoted=0, kept=4, removed=12
finish,   2026-04-10 15:19:23.908421
