init,     2026-04-13 11:30:21.601057
arguments,Namespace(PPO_epochs=4, adv_norm=1, alg='ppo', cuda=0, curriculum_clean_ratio=0.9, curriculum_entropy_decay=0.94, curriculum_mode='adaptive', curriculum_noise_step=0.008, curriculum_patience=3, entropy=0.28, entropy_min=0.1, eps_clip=0.12, gae_lambda=0.98, gamma=0.996, grad_clip=0.4, gymip_train_xml='inverted_pendulum_ChangeThk_0.050000.xml', hid_group_num=8, hid_group_size=8, hidden_num=64, ignore_checkpoint=True, lane_profile='auto', lr=0.0004, max_noise=0.04, mini_batch_size=192, model='rwtaspk', monitor_time=False, optimizer='rmsprop', rep=11, response_window=40, reward_scale=0.9, road_scenario='highway', rollout_steps=768, rwta_del_connection='none', seed=14283, snn_num_steps=15, task='gymip', thread=-1, traffic_level='standard', train_num=5000, warm_start_kind='none', warm_start_prefix='')
seed,     14283
model_dir,/root/autodl-tmp/SVPG2023/LANE/training_runs/ours/highway_standard/models
log_dir,  /root/autodl-tmp/SVPG2023/LANE/training_runs/ours/highway_standard/logs
profile,  lane auto-stabilize: lr->0.0005, gamma->0.995, PPO_epochs->4, eps_clip->0.15, rollout_steps->512, mini_batch_size->128, gae_lambda->0.97, grad_clip->0.5, curriculum_clean_ratio->0.8, max_noise->0.08, curriculum_noise_step->0.02, lr->0.0004, gamma->0.996, entropy->0.28, eps_clip->0.12, rollout_steps->768, mini_batch_size->192, gae_lambda->0.98, reward_scale->0.9, grad_clip->0.4, curriculum_clean_ratio->0.9, max_noise->0.04, curriculum_noise_step->0.008, curriculum_patience->3, curriculum_entropy_decay->0.94
train,    1, 44.088334,   23, 1.00,    5, 0.000, 0.000, 0.280, 40
train,    2, 46.948249,   45, 1.00,    3, 0.000, 0.000, 0.280, 40
train,    3, 88.823808,   62, 1.00,   10, 0.000, 0.000, 0.280, 40
train,    4, 97.958184,   66, 1.00,   11, 0.000, 0.000, 0.280, 40
train,    5, 22.084933,   15, 1.00,    2, 0.000, 0.000, 0.280, 40
train,    6, 263.855518,  150, 0.00,   17, 0.000, 0.000, 0.280, 40
train,    7, 22.488517,   14, 1.00,    3, 0.000, 0.000, 0.280, 40
train,    8, 11.931693,   10, 1.00,    1, 0.000, 0.000, 0.280, 40
train,    9, 38.984950,   34, 1.00,    3, 0.000, 0.000, 0.280, 40
train,    10, -0.402454,    6, 1.00,    1, 0.000, 0.000, 0.280, 41
train,    11, 56.012584,   26, 1.00,    7, 0.000, 0.000, 0.280, 41
train,    12, 103.976291,   62, 1.00,    6, 0.000, 0.000, 0.280, 41
train,    13, 37.854363,   23, 1.00,    3, 0.000, 0.000, 0.280, 41
train,    14, 37.575853,   22, 1.00,    5, 0.000, 0.000, 0.280, 41
train,    15, 9.548582,    9, 1.00,    1, 0.000, 0.000, 0.280, 41
train,    16, 21.537383,   14, 1.00,    1, 0.000, 0.000, 0.280, 41
train,    17, 41.670663,   32, 1.00,    4, 0.000, 0.000, 0.280, 41
train,    18, 6.926193,    8, 1.00,    1, 0.000, 0.000, 0.280, 41
train,    19, 11.891124,   13, 1.00,    0, 0.000, 0.000, 0.280, 41
train,    20, 45.869870,   25, 1.00,    1, 0.000, 0.000, 0.280, 41
train,    21, 21.116470,   14, 1.00,    3, 0.000, 0.000, 0.280, 41
train,    22, 68.343169,   48, 1.00,    5, 0.000, 0.000, 0.280, 41
train,    23, 24.703193,   16, 1.00,    3, 0.000, 0.000, 0.280, 41
train,    24, 21.927184,   12, 1.00,    2, 0.000, 0.000, 0.280, 41
val_save, 24, 81.871191, 0.8000,  51.6000,   6.0000, 0.0000,  27.4010
val,      24, 81.871191, 0.8000,  51.6000,   6.0000, 0.0000,  27.4010
train,    25, 31.873986,   22, 1.00,    2, 0.000, 0.000, 0.280, 41
update,   25,    1,  771, 20.494293, 0.000000
train,    26, 1.782663,    6, 1.00,    0, 0.000, 0.000, 0.280, 41
train,    27, 75.030670,   45, 1.00,    3, 0.000, 0.000, 0.280, 42
train,    28, 13.612286,   12, 1.00,    3, 0.000, 0.000, 0.280, 42
train,    29, 7.504044,    7, 1.00,    1, 0.000, 0.000, 0.280, 42
train,    30, 56.650402,   27, 1.00,    5, 0.000, 0.000, 0.280, 42
train,    31, -0.301985,    5, 1.00,    1, 0.000, 0.000, 0.280, 42
train,    32, 33.680288,   25, 1.00,    3, 0.000, 0.000, 0.280, 42
train,    33, 57.424871,   27, 1.00,    3, 0.000, 0.000, 0.280, 42
train,    34, 11.858750,   14, 1.00,    1, 0.000, 0.000, 0.280, 42
train,    35, 19.434598,   13, 1.00,    1, 0.000, 0.000, 0.280, 42
train,    36, 120.073225,   60, 1.00,   10, 0.000, 0.000, 0.280, 42
train,    37, 344.662998,  150, 0.00,   17, 0.000, 0.000, 0.280, 42
train,    38, 9.173227,    9, 1.00,    1, 0.000, 0.000, 0.280, 42
train,    39, 26.953698,   17, 1.00,    1, 0.000, 0.000, 0.280, 42
train,    40, 18.972055,   13, 1.00,    2, 0.000, 0.000, 0.280, 42
train,    41, 33.609913,   19, 1.00,    3, 0.000, 0.000, 0.280, 42
train,    42, 37.505933,   22, 1.00,    3, 0.000, 0.000, 0.280, 42
train,    43, 104.950514,   55, 1.00,    7, 0.000, 0.000, 0.280, 42
train,    44, 33.470032,   25, 1.00,    3, 0.000, 0.000, 0.280, 42
train,    45, 14.216099,   11, 1.00,    1, 0.000, 0.000, 0.280, 42
train,    46, 11.953947,   11, 1.00,    1, 0.000, 0.000, 0.280, 43
train,    47, 22.580984,   13, 1.00,    1, 0.000, 0.000, 0.280, 43
train,    48, 19.358080,   17, 1.00,    1, 0.000, 0.000, 0.280, 43
train,    49, 38.760843,   22, 1.00,    3, 0.000, 0.000, 0.280, 43
val,      49, 48.160471, 1.0000,  23.4000,   3.4000, 0.0000,  29.1646
train,    50, 14.832720,   11, 1.00,    1, 0.000, 0.000, 0.280, 43
train,    51, 322.958556,  150, 0.00,   21, 0.000, 0.000, 0.280, 43
update,   51,    2,  786, 32.001438, -0.000000
train,    52, 48.968895,   26, 1.00,    5, 0.000, 0.000, 0.280, 43
train,    53, 17.583523,   13, 1.00,    1, 0.000, 0.000, 0.280, 43
train,    54, 9.101216,    9, 1.00,    3, 0.000, 0.000, 0.280, 43
train,    55, 42.412434,   25, 1.00,    5, 0.000, 0.000, 0.280, 43
train,    56, 25.904626,   15, 1.00,    2, 0.000, 0.000, 0.280, 43
train,    57, 91.657112,   47, 1.00,   10, 0.000, 0.000, 0.280, 43
train,    58, 43.524153,   23, 1.00,    2, 0.000, 0.000, 0.280, 43
train,    59, 43.286664,   23, 1.00,    3, 0.000, 0.000, 0.280, 43
train,    60, 21.077888,   13, 1.00,    2, 0.000, 0.000, 0.280, 43
train,    61, 48.321006,   25, 1.00,    9, 0.000, 0.000, 0.280, 43
train,    62, 73.208443,   32, 1.00,    5, 0.000, 0.000, 0.280, 43
train,    63, 61.592599,   29, 1.00,    6, 0.000, 0.000, 0.280, 44
train,    64, 43.394173,   25, 1.00,    5, 0.000, 0.000, 0.280, 44
train,    65, 197.989745,  115, 1.00,   16, 0.000, 0.000, 0.280, 44
train,    66, 71.265193,   47, 1.00,    8, 0.000, 0.000, 0.280, 44
train,    67, 8.317190,   10, 1.00,    3, 0.000, 0.000, 0.280, 44
train,    68, 31.781418,   17, 1.00,    1, 0.000, 0.000, 0.280, 44
train,    69, 24.743608,   15, 1.00,    5, 0.000, 0.000, 0.280, 44
train,    70, 60.088715,   45, 1.00,    3, 0.000, 0.000, 0.280, 44
train,    71, 14.280732,   10, 1.00,    1, 0.000, 0.000, 0.280, 44
train,    72, 55.946981,   30, 1.00,    7, 0.000, 0.000, 0.280, 44
train,    73, 1.135449,    6, 1.00,    1, 0.000, 0.000, 0.280, 44
train,    74, 50.927260,   26, 1.00,    4, 0.000, 0.000, 0.280, 44
val,      74, 20.374130, 1.0000,  13.0000,   1.6000, 0.0000,  28.3051
train,    75, 22.611546,   14, 1.00,    2, 0.000, 0.000, 0.280, 44
train,    76, 71.545757,   37, 1.00,    2, 0.000, 0.000, 0.280, 44
train,    77, 4.575499,    7, 1.00,    0, 0.000, 0.000, 0.280, 44
train,    78, 16.250700,   10, 1.00,    1, 0.000, 0.000, 0.280, 44
train,    79, 104.488300,   63, 1.00,    9, 0.000, 0.000, 0.280, 44
train,    80, 11.587048,   15, 1.00,    2, 0.000, 0.000, 0.280, 44
update,   80,    3,  772, 20.203285, 0.000000
train,    81, 21.484295,   18, 1.00,    2, 0.000, 0.000, 0.280, 44
train,    82, 12.562218,    9, 1.00,    1, 0.000, 0.000, 0.280, 45
train,    83, 24.018639,   15, 1.00,    1, 0.000, 0.000, 0.280, 45
train,    84, 17.327546,   12, 1.00,    1, 0.000, 0.000, 0.280, 45
train,    85, 346.756973,  150, 0.00,   23, 0.000, 0.000, 0.280, 45
train,    86, 32.178198,   19, 1.00,    1, 0.000, 0.000, 0.280, 45
train,    87, 44.419658,   23, 1.00,    3, 0.000, 0.000, 0.280, 45
train,    88, 85.861047,   50, 1.00,    6, 0.000, 0.000, 0.280, 45
train,    89, 38.270479,   22, 1.00,    2, 0.000, 0.000, 0.280, 45
train,    90, 19.011307,   14, 1.00,    2, 0.000, 0.000, 0.280, 45
train,    91, 19.710493,   13, 1.00,    2, 0.000, 0.000, 0.280, 45
train,    92, 2.463081,    6, 1.00,    1, 0.000, 0.000, 0.280, 45
train,    93, 7.776348,    8, 1.00,    0, 0.000, 0.000, 0.280, 45
train,    94, 280.259395,  150, 0.00,   21, 0.000, 0.000, 0.280, 45
train,    95, 52.112325,   24, 1.00,    6, 0.000, 0.000, 0.280, 45
train,    96, 21.661155,   13, 1.00,    3, 0.000, 0.000, 0.280, 45
train,    97, 9.084894,    9, 1.00,    2, 0.000, 0.000, 0.280, 45
train,    98, 90.569894,   48, 1.00,    8, 0.000, 0.000, 0.280, 45
train,    99, 59.842373,   35, 1.00,    5, 0.000, 0.000, 0.280, 46
val,      99, 38.836116, 1.0000,  18.8000,   2.8000, 0.0000,  29.2969
train,    100, 2.681147,    6, 1.00,    0, 0.000, 0.000, 0.280, 46
train,    101, 29.264971,   25, 1.00,    2, 0.000, 0.000, 0.280, 46
train,    102, 165.093196,   75, 1.00,   15, 0.000, 0.000, 0.280, 46
train,    103, 50.043941,   34, 1.00,    5, 0.000, 0.000, 0.280, 46
update,   103,    4,  778, 34.514256, -0.000000
train,    104, 100.881627,   59, 1.00,    8, 0.000, 0.000, 0.280, 46
train,    105, 9.856715,    9, 1.00,    1, 0.000, 0.000, 0.280, 46
train,    106, 10.286270,    8, 1.00,    3, 0.000, 0.000, 0.280, 46
train,    107, 85.804996,   40, 1.00,    7, 0.000, 0.000, 0.280, 46
train,    108, 84.377062,   43, 1.00,   10, 0.000, 0.000, 0.280, 46
train,    109, 79.940364,   39, 1.00,    7, 0.000, 0.000, 0.280, 46
train,    110, 29.419499,   22, 1.00,    4, 0.000, 0.000, 0.280, 46
train,    111, 18.165452,   14, 1.00,    0, 0.000, 0.000, 0.280, 46
train,    112, 31.653551,   21, 1.00,    2, 0.000, 0.000, 0.280, 46
train,    113, 40.946376,   30, 1.00,    5, 0.000, 0.000, 0.280, 46
train,    114, 55.753942,   29, 1.00,    5, 0.000, 0.000, 0.280, 46
train,    115, 92.127675,   58, 1.00,    3, 0.000, 0.000, 0.280, 46
train,    116, 87.146681,   44, 1.00,    9, 0.000, 0.000, 0.280, 46
train,    117, 17.829793,   12, 1.00,    2, 0.000, 0.000, 0.280, 46
train,    118, 15.809445,   12, 1.00,    1, 0.000, 0.000, 0.280, 47
train,    119, 14.895349,   13, 1.00,    2, 0.000, 0.000, 0.280, 47
train,    120, 100.978676,   55, 1.00,    7, 0.000, 0.000, 0.280, 47
train,    121, 47.026678,   47, 1.00,    4, 0.000, 0.000, 0.280, 47
train,    122, 32.115339,   25, 1.00,    5, 0.000, 0.000, 0.280, 47
train,    123, 25.362957,   16, 1.00,    4, 0.000, 0.000, 0.280, 47
train,    124, 14.147416,   13, 1.00,    2, 0.000, 0.000, 0.280, 47
val,      124, 23.645969, 1.0000,  13.4000,   3.0000, 0.0000,  28.8238
train,    125, 29.193543,   30, 1.00,    2, 0.000, 0.000, 0.280, 47
train,    126, 35.127617,   22, 1.00,    4, 0.000, 0.000, 0.280, 47
train,    127, 55.146433,   34, 1.00,    4, 0.000, 0.000, 0.280, 47
train,    128, 10.224141,    8, 1.00,    2, 0.000, 0.000, 0.280, 47
train,    129, 23.082406,   14, 1.00,    1, 0.000, 0.000, 0.280, 47
train,    130, 17.202121,   16, 1.00,    1, 0.000, 0.000, 0.280, 47
train,    131, 16.061546,   21, 1.00,    1, 0.000, 0.000, 0.280, 47
train,    132, 22.502661,   16, 1.00,    2, 0.000, 0.000, 0.280, 47
update,   132,    5,  770, 17.792515, 0.000000
train,    133, 59.525465,   29, 1.00,    7, 0.000, 0.000, 0.280, 47
train,    134, 60.208199,   28, 1.00,    6, 0.000, 0.000, 0.280, 47
train,    135, -1.031584,    4, 1.00,    1, 0.000, 0.000, 0.280, 48
train,    136, 60.150374,   42, 1.00,    3, 0.000, 0.000, 0.280, 48
train,    137, 7.794351,    8, 1.00,    1, 0.000, 0.000, 0.280, 48
train,    138, 14.584536,   19, 1.00,    0, 0.000, 0.000, 0.280, 48
train,    139, 0.930096,    5, 1.00,    1, 0.000, 0.000, 0.280, 48
train,    140, 1.118262,    5, 1.00,    2, 0.000, 0.000, 0.280, 48
train,    141, 59.248604,   32, 1.00,    7, 0.000, 0.000, 0.280, 48
train,    142, 168.368550,   94, 1.00,   15, 0.000, 0.000, 0.280, 48
train,    143, 36.872956,   21, 1.00,    5, 0.000, 0.000, 0.280, 48
train,    144, 18.527865,   20, 1.00,    1, 0.000, 0.000, 0.280, 48
train,    145, 26.640031,   19, 1.00,    1, 0.000, 0.000, 0.280, 48
train,    146, 14.795215,   13, 1.00,    2, 0.000, 0.000, 0.280, 48
train,    147, 43.791158,   22, 1.00,    3, 0.000, 0.000, 0.280, 48
train,    148, 48.159435,   25, 1.00,    4, 0.000, 0.000, 0.280, 48
train,    149, 112.632609,   57, 1.00,   11, 0.000, 0.000, 0.280, 48
val,      149, 33.012350, 1.0000,  17.4000,   3.4000, 0.0000,  28.7250
train,    150, 8.956625,    9, 1.00,    2, 0.000, 0.000, 0.280, 48
train,    151, 28.959607,   25, 1.00,    2, 0.000, 0.000, 0.280, 48
train,    152, 148.059687,   76, 1.00,   13, 0.000, 0.000, 0.280, 48
train,    153, 203.560395,   99, 1.00,   17, 0.000, 0.000, 0.280, 48
train,    154, 23.577054,   14, 1.00,    2, 0.000, 0.000, 0.280, 49
train,    155, 16.914198,   12, 1.00,    1, 0.000, 0.000, 0.280, 49
train,    156, 55.688627,   28, 1.00,    5, 0.000, 0.000, 0.280, 49
train,    157, 88.857463,   52, 1.00,   10, 0.000, 0.000, 0.280, 49
train,    158, 155.569371,   90, 1.00,    9, 0.000, 0.000, 0.280, 49
update,   158,    6,  848, 28.624062, -0.000000
train,    159, 10.005771,    9, 1.00,    2, 0.000, 0.000, 0.280, 49
train,    160, 30.282951,   19, 1.00,    4, 0.000, 0.000, 0.280, 49
train,    161, 20.306529,   21, 1.00,    1, 0.000, 0.000, 0.280, 49
train,    162, 72.239805,   56, 1.00,    7, 0.000, 0.000, 0.280, 49
train,    163, -0.269470,    5, 1.00,    1, 0.000, 0.000, 0.280, 49
train,    164, 14.624774,   11, 1.00,    2, 0.000, 0.000, 0.280, 49
train,    165, 12.972700,   11, 1.00,    1, 0.000, 0.000, 0.280, 49
train,    166, 1.348148,    6, 1.00,    1, 0.000, 0.000, 0.280, 49
train,    167, 31.800451,   21, 1.00,    1, 0.000, 0.000, 0.280, 49
train,    168, 87.918944,   52, 1.00,    5, 0.000, 0.000, 0.280, 49
train,    169, 29.036800,   19, 1.00,    1, 0.000, 0.000, 0.280, 49
train,    170, 4.011577,    6, 1.00,    2, 0.000, 0.000, 0.280, 49
train,    171, 10.506946,    9, 1.00,    0, 0.000, 0.000, 0.280, 50
train,    172, 7.865139,    8, 1.00,    2, 0.000, 0.000, 0.280, 50
train,    173, 11.729841,   11, 1.00,    0, 0.000, 0.000, 0.280, 50
train,    174, 50.166502,   27, 1.00,    3, 0.000, 0.000, 0.280, 50
val,      174, 26.179330, 1.0000,  14.4000,   1.8000, 0.0000,  28.8419
train,    175, 4.089315,    7, 1.00,    1, 0.000, 0.000, 0.280, 50
train,    176, 2.928843,    6, 1.00,    2, 0.000, 0.000, 0.280, 50
train,    177, 239.193376,  150, 0.00,   17, 0.000, 0.000, 0.280, 50
train,    178, -2.412850,    4, 1.00,    1, 0.000, 0.000, 0.280, 50
train,    179, 233.746194,  140, 1.00,   15, 0.000, 0.000, 0.280, 50
train,    180, 48.022542,   25, 1.00,    1, 0.000, 0.000, 0.280, 50
train,    181, 46.059427,   31, 1.00,    2, 0.000, 0.000, 0.280, 50
train,    182, 38.633638,   23, 1.00,    4, 0.000, 0.000, 0.280, 50
train,    183, 18.564716,   11, 1.00,    1, 0.000, 0.000, 0.280, 50
train,    184, 104.654154,   60, 1.00,    8, 0.000, 0.000, 0.280, 50
train,    185, 38.865699,   27, 1.00,    3, 0.000, 0.000, 0.280, 50
update,   185,    7,  775, 28.723608, 0.000000
train,    186, 132.574072,   67, 1.00,   11, 0.000, 0.000, 0.280, 50
train,    187, 26.266839,   17, 1.00,    1, 0.000, 0.000, 0.280, 50
train,    188, 34.374286,   18, 1.00,    1, 0.000, 0.000, 0.280, 50
train,    189, 61.205800,   38, 1.00,    6, 0.000, 0.000, 0.280, 50
train,    190, 30.331200,   17, 1.00,    1, 0.000, 0.000, 0.280, 51
train,    191, 36.877960,   38, 1.00,    3, 0.000, 0.000, 0.280, 51
train,    192, 260.168750,  150, 0.00,   18, 0.000, 0.000, 0.280, 51
train,    193, 34.454789,   34, 1.00,    3, 0.000, 0.000, 0.280, 51
train,    194, 3.283504,    6, 1.00,    1, 0.000, 0.000, 0.280, 51
train,    195, 36.279858,   20, 1.00,    4, 0.000, 0.000, 0.280, 51
train,    196, 4.383308,    7, 1.00,    1, 0.000, 0.000, 0.280, 51
train,    197, 56.644521,   29, 1.00,    5, 0.000, 0.000, 0.280, 51
