init,     2026-04-10 16:37:23.093283
arguments,Namespace(PPO_epochs=4, adv_norm=1, alg='ppo', cuda=0, curriculum_clean_ratio=0.8, curriculum_entropy_decay=0.9, curriculum_mode='adaptive', curriculum_noise_step=0.02, curriculum_patience=2, entropy=2.0, entropy_min=0.1, eps_clip=0.15, gae_lambda=0.97, gamma=0.995, grad_clip=0.5, gymip_train_xml='inverted_pendulum_ChangeThk_0.050000.xml', hid_group_num=8, hid_group_size=8, hidden_num=64, ignore_checkpoint=False, lane_profile='auto', lr=0.0005, max_noise=0.08, mini_batch_size=128, model='rwtaspk', monitor_time=False, optimizer='rmsprop', rep=11, response_window=40, reward_scale=1.0, road_scenario='highway', rollout_steps=512, rwta_del_connection='none', seed=10021, snn_num_steps=15, task='gymip', thread=-1, traffic_level='standard', train_num=80, warm_start_kind='ours', warm_start_prefix='')
seed,     10021
model_dir,/root/autodl-tmp/SVPG2023/LANE/training_runs/ours/highway_standard/models
log_dir,  /root/autodl-tmp/SVPG2023/LANE/training_runs/ours/highway_standard/logs
profile,  lane auto-stabilize: lr->0.0005, gamma->0.995, PPO_epochs->4, eps_clip->0.15, rollout_steps->512, mini_batch_size->128, gae_lambda->0.97, grad_clip->0.5, curriculum_clean_ratio->0.8, max_noise->0.08, curriculum_noise_step->0.02
warm_start,/root/autodl-tmp/SVPG2023/LANE/training_runs/ours/highway_standard/models/ppo_gymip_rwtaspk_h8-8-40_none_rmsprop_0.000500_2.00_0.99500_4_0.1500_ro512_mb128_lam0.97_rs1.00_gc0.50_adaptive_roadhighway_tfstandard_seed9901_best
warm_critic,/root/autodl-tmp/SVPG2023/LANE/training_runs/ours/highway_standard/models/ppo_gymip_rwtaspk_h8-8-40_none_rmsprop_0.000500_2.00_0.99500_4_0.1500_ro512_mb128_lam0.97_rs1.00_gc0.50_adaptive_roadhighway_tfstandard_seed9901critic_best
train,    1, 5.796820,   14, 1.00,    4, 0.000, 0.000, 2.000, 32
train,    2, 9.734719,   72, 1.00,   25, 0.000, 0.000, 2.000, 32
train,    3, -3.453119,   10, 1.00,    3, 0.000, 0.000, 2.000, 32
train,    4, -7.905953,   26, 1.00,    7, 0.000, 0.000, 2.000, 32
train,    5, -14.448238,    4, 1.00,    2, 0.000, 0.000, 2.000, 32
train,    6, -4.893501,    7, 1.00,    0, 0.000, 0.000, 2.000, 32
train,    7, -14.287840,    4, 1.00,    2, 0.000, 0.000, 2.000, 32
train,    8, 22.838201,   20, 1.00,    8, 0.000, 0.000, 2.000, 32
train,    9, 8.363098,   27, 1.00,    6, 0.000, 0.000, 2.000, 32
train,    10, -8.025664,   19, 1.00,    3, 0.000, 0.000, 2.000, 32
train,    11, -16.922304,    5, 1.00,    2, 0.000, 0.000, 2.000, 33
train,    12, -12.658818,    3, 1.00,    0, 0.000, 0.000, 2.000, 33
train,    13, -15.248456,    3, 1.00,    2, 0.000, 0.000, 2.000, 33
train,    14, 6.672649,   47, 1.00,   18, 0.000, 0.000, 2.000, 33
train,    15, 10.791248,   79, 1.00,   26, 0.000, 0.000, 2.000, 33
train,    16, 9.015931,   60, 1.00,   20, 0.000, 0.000, 2.000, 33
train,    17, -15.045356,    3, 1.00,    0, 0.000, 0.000, 2.000, 33
train,    18, -5.793852,    8, 1.00,    5, 0.000, 0.000, 2.000, 33
train,    19, 2.180741,   11, 1.00,    2, 0.000, 0.000, 2.000, 33
train,    20, -15.540995,    4, 1.00,    2, 0.000, 0.000, 2.000, 33
train,    21, -8.522806,    4, 1.00,    1, 0.000, 0.000, 2.000, 33
train,    22, -4.219724,   14, 1.00,    7, 0.000, 0.000, 2.000, 33
train,    23, 23.233475,   51, 1.00,   15, 0.000, 0.000, 2.000, 33
train,    24, 5.628331,   35, 1.00,    5, 0.000, 0.000, 2.000, 33
update,   24,    1,  530, -1.822571, 0.000000
val_save, 24, -57.993840, 0.0000,  60.0000,   0.0000, 0.0000,  20.1083
val,      24, -57.993840, 0.0000,  60.0000,   0.0000, 0.0000,  20.1083
train,    25, 14.024720,   23, 1.00,    5, 0.000, 0.000, 2.000, 33
train,    26, -16.276630,    5, 1.00,    1, 0.000, 0.000, 2.000, 33
train,    27, -12.604304,   20, 1.00,   10, 0.000, 0.000, 2.000, 33
train,    28, -8.701356,    8, 1.00,    4, 0.000, 0.000, 2.000, 33
train,    29, -13.346176,    7, 1.00,    6, 0.000, 0.000, 2.000, 33
train,    30, -5.580741,    6, 1.00,    1, 0.000, 0.000, 2.000, 34
train,    31, -12.283512,    8, 1.00,    3, 0.000, 0.000, 2.000, 34
train,    32, -39.881671,   67, 1.00,   30, 0.000, 0.000, 2.000, 34
train,    33, -18.975445,   20, 1.00,   11, 0.000, 0.000, 2.000, 34
train,    34, -8.511634,   17, 1.00,    8, 0.000, 0.000, 2.000, 34
train,    35, -1.704359,   52, 1.00,   17, 0.000, 0.000, 2.000, 34
train,    36, 23.791939,   34, 1.00,   13, 0.000, 0.000, 2.000, 34
train,    37, -6.926873,    6, 1.00,    1, 0.000, 0.000, 2.000, 34
train,    38, -7.892018,    9, 1.00,    2, 0.000, 0.000, 2.000, 34
train,    39, -8.638218,   56, 1.00,   22, 0.000, 0.000, 2.000, 34
train,    40, -23.023160,   19, 1.00,    4, 0.000, 0.000, 2.000, 34
train,    41, -6.484511,   14, 1.00,    5, 0.000, 0.000, 2.000, 34
train,    42, -3.820834,    7, 1.00,    3, 0.000, 0.000, 2.000, 34
train,    43, -13.099315,    6, 1.00,    2, 0.000, 0.000, 2.000, 34
train,    44, -12.648752,    3, 1.00,    1, 0.000, 0.000, 2.000, 34
train,    45, -11.679097,    3, 1.00,    0, 0.000, 0.000, 2.000, 34
train,    46, -14.714526,    3, 1.00,    1, 0.000, 0.000, 2.000, 34
train,    47, -13.215932,    4, 1.00,    3, 0.000, 0.000, 2.000, 34
train,    48, -10.885957,    4, 1.00,    2, 0.000, 0.000, 2.000, 34
train,    49, -2.047998,    9, 1.00,    3, 0.000, 0.000, 2.000, 34
val_save, 49, -57.988877, 0.0000,  60.0000,   0.0000, 0.0000,  20.1083
val,      49, -57.988877, 0.0000,  60.0000,   0.0000, 0.0000,  20.1083
curriculum,noise_cap 0.0000 -> 0.0200, entropy 2.0000 -> 1.8000
train,    50, -6.383701,   25, 1.00,    7, 0.000, 0.020, 1.800, 34
train,    51, -12.626086,    3, 1.00,    2, 0.000, 0.020, 1.800, 35
train,    52, -8.948033,    8, 1.00,    2, 0.000, 0.020, 1.800, 35
train,    53, -23.571463,   10, 1.00,    5, 0.020, 0.020, 1.800, 35
train,    54, -8.168030,   17, 1.00,    6, 0.000, 0.020, 1.800, 35
train,    55, -1.718297,   12, 1.00,    4, 0.000, 0.020, 1.800, 35
train,    56, -11.807360,    4, 1.00,    2, 0.000, 0.020, 1.800, 35
train,    57, -12.021944,    6, 1.00,    4, 0.000, 0.020, 1.800, 35
train,    58, -10.905934,    4, 1.00,    1, 0.000, 0.020, 1.800, 35
train,    59, -14.567253,    9, 1.00,    3, 0.000, 0.020, 1.800, 35
train,    60, -9.181502,    3, 1.00,    2, 0.000, 0.020, 1.800, 35
train,    61, -20.842424,    9, 1.00,    2, 0.000, 0.020, 1.800, 35
update,   61,    2,  520, -9.290130, 0.000000
train,    62, -11.549139,    3, 1.00,    1, 0.000, 0.020, 1.800, 35
train,    63, -0.089490,   21, 1.00,    6, 0.000, 0.020, 1.800, 35
train,    64, -15.087623,    4, 1.00,    2, 0.000, 0.020, 1.800, 35
train,    65, -3.165597,    6, 1.00,    0, 0.000, 0.020, 1.800, 35
train,    66, 8.277735,   14, 1.00,    3, 0.020, 0.020, 1.800, 35
train,    67, -16.097273,    4, 1.00,    2, 0.000, 0.020, 1.800, 35
train,    68, -9.222889,    7, 1.00,    1, 0.000, 0.020, 1.800, 35
train,    69, -10.891601,    7, 1.00,    3, 0.000, 0.020, 1.800, 35
train,    70, 0.417205,   10, 1.00,    5, 0.000, 0.020, 1.800, 36
train,    71, -10.701302,    6, 1.00,    2, 0.000, 0.020, 1.800, 36
train,    72, -14.241693,    5, 1.00,    3, 0.020, 0.020, 1.800, 36
train,    73, -19.883337,   12, 1.00,    4, 0.000, 0.020, 1.800, 36
train,    74, -15.711457,    3, 1.00,    2, 0.000, 0.020, 1.800, 36
val,      74, 2.026754, 1.0000,   8.2000,   0.0000, 0.0000,  27.8627
train,    75, 4.507670,   50, 1.00,   19, 0.000, 0.020, 1.800, 36
train,    76, 8.292232,   18, 1.00,    5, 0.000, 0.020, 1.800, 36
train,    77, 2.213055,   11, 1.00,    2, 0.000, 0.020, 1.800, 36
train,    78, 17.414127,   73, 1.00,   23, 0.000, 0.020, 1.800, 36
train,    79, 15.576483,   22, 1.00,    6, 0.000, 0.020, 1.800, 36
update,   80,    3,  276, -5.268293, 0.000000
checkpoint_cleanup,promoted=0, kept=8, removed=8
finish,   2026-04-10 16:48:34.000660
