init,     2026-04-10 19:45:11.523743
arguments,Namespace(PPO_epochs=4, adv_norm=1, alg='ppo', cuda=0, curriculum_clean_ratio=0.8, curriculum_entropy_decay=0.9, curriculum_mode='adaptive', curriculum_noise_step=0.02, curriculum_patience=2, entropy=2.0, entropy_min=0.1, eps_clip=0.15, gae_lambda=0.97, gamma=0.995, grad_clip=0.5, gymip_train_xml='inverted_pendulum_ChangeThk_0.050000.xml', hid_group_num=8, hid_group_size=8, hidden_num=64, ignore_checkpoint=True, lane_profile='auto', lr=0.0005, max_noise=0.08, mini_batch_size=128, model='rwtaspk', monitor_time=False, optimizer='rmsprop', rep=11, response_window=40, reward_scale=1.0, road_scenario='highway', rollout_steps=512, rwta_del_connection='none', seed=10051, snn_num_steps=15, task='gymip', thread=-1, traffic_level='standard', train_num=120, warm_start_kind='none', warm_start_prefix='/root/autodl-tmp/SVPG2023/LANE/training_runs/ours/highway_standard/backups/seed10051_pre_retrain_20260410_095142_utc/models/ppo_gymip_rwtaspk_h8-8-40_none_rmsprop_0.000500_2.00_0.99500_4_0.1500_ro512_mb128_lam0.97_rs1.00_gc0.50_adaptive_roadhighway_tfstandard_seed10051_best')
seed,     10051
model_dir,/root/autodl-tmp/SVPG2023/LANE/training_runs/ours/highway_standard/models
log_dir,  /root/autodl-tmp/SVPG2023/LANE/training_runs/ours/highway_standard/logs
warm_start,/root/autodl-tmp/SVPG2023/LANE/training_runs/ours/highway_standard/backups/seed10051_pre_retrain_20260410_095142_utc/models/ppo_gymip_rwtaspk_h8-8-40_none_rmsprop_0.000500_2.00_0.99500_4_0.1500_ro512_mb128_lam0.97_rs1.00_gc0.50_adaptive_roadhighway_tfstandard_seed10051_best
warm_critic,/root/autodl-tmp/SVPG2023/LANE/training_runs/ours/highway_standard/backups/seed10051_pre_retrain_20260410_095142_utc/models/ppo_gymip_rwtaspk_h8-8-40_none_rmsprop_0.000500_2.00_0.99500_4_0.1500_ro512_mb128_lam0.97_rs1.00_gc0.50_adaptive_roadhighway_tfstandard_seed10051critic_best
train,    1, 40.503877,   31, 1.00,   10, 0.000, 0.000, 2.000, 32
train,    2, -47.108317,  150, 1.00,   52, 0.000, 0.000, 2.000, 32
train,    3, -6.199484,   52, 1.00,   20, 0.000, 0.000, 2.000, 32
train,    4, -18.113774,    9, 1.00,    6, 0.000, 0.000, 2.000, 32
train,    5, -18.095986,   58, 1.00,   23, 0.000, 0.000, 2.000, 32
train,    6, -11.344096,    4, 1.00,    1, 0.000, 0.000, 2.000, 32
train,    7, -16.294420,    5, 1.00,    5, 0.000, 0.000, 2.000, 32
train,    8, 47.203741,   36, 1.00,   11, 0.000, 0.000, 2.000, 32
train,    9, 17.135724,   17, 1.00,    5, 0.000, 0.000, 2.000, 32
train,    10, -11.550083,    3, 1.00,    1, 0.000, 0.000, 2.000, 32
train,    11, -14.838786,    3, 1.00,    0, 0.000, 0.000, 2.000, 33
train,    12, -12.088632,    4, 1.00,    0, 0.000, 0.000, 2.000, 33
train,    13, 22.784186,   30, 1.00,   11, 0.000, 0.000, 2.000, 33
train,    14, -13.185077,    6, 1.00,    3, 0.000, 0.000, 2.000, 33
train,    15, -8.881235,   10, 1.00,    3, 0.000, 0.000, 2.000, 33
train,    16, -17.534119,    3, 1.00,    2, 0.000, 0.000, 2.000, 33
train,    17, -12.959102,    2, 1.00,    1, 0.000, 0.000, 2.000, 33
train,    18, -58.380589,   72, 1.00,   28, 0.000, 0.000, 2.000, 33
train,    19, -13.526499,    4, 1.00,    2, 0.000, 0.000, 2.000, 33
train,    20, -77.617483,  150, 0.00,   57, 0.000, 0.000, 2.000, 33
update,   20,    1,  649, -9.171236, 0.000000
train,    21, -14.111780,    4, 1.00,    3, 0.000, 0.000, 2.000, 33
train,    22, 8.326278,   79, 1.00,   30, 0.000, 0.000, 2.000, 33
train,    23, -9.650849,    5, 1.00,    1, 0.000, 0.000, 2.000, 33
train,    24, -23.374976,    8, 1.00,    4, 0.000, 0.000, 2.000, 33
val_save, 24, 22.276462, 1.0000,  13.6000,   0.0000, 0.0000,  28.3164
val,      24, 22.276462, 1.0000,  13.6000,   0.0000, 0.0000,  28.3164
train,    25, -1.586814,   11, 1.00,    6, 0.000, 0.000, 2.000, 33
train,    26, -1.055294,   20, 1.00,   10, 0.000, 0.000, 2.000, 33
train,    27, -4.033423,    6, 1.00,    2, 0.000, 0.000, 2.000, 33
train,    28, -4.340911,   41, 1.00,   12, 0.000, 0.000, 2.000, 33
train,    29, -8.479289,    3, 1.00,    0, 0.000, 0.000, 2.000, 33
train,    30, -9.500423,    5, 1.00,    2, 0.000, 0.000, 2.000, 34
train,    31, -14.559090,    3, 1.00,    1, 0.000, 0.000, 2.000, 34
train,    32, 1.163844,    9, 1.00,    2, 0.000, 0.000, 2.000, 34
train,    33, -26.407261,   37, 1.00,   12, 0.000, 0.000, 2.000, 34
train,    34, 33.737655,   29, 1.00,    6, 0.000, 0.000, 2.000, 34
train,    35, -16.131178,    6, 1.00,    3, 0.000, 0.000, 2.000, 34
train,    36, 15.262430,   42, 1.00,   15, 0.000, 0.000, 2.000, 34
train,    37, -50.557073,   23, 1.00,    7, 0.000, 0.000, 2.000, 34
train,    38, -13.805253,    3, 1.00,    2, 0.000, 0.000, 2.000, 34
train,    39, -20.578215,    4, 1.00,    2, 0.000, 0.000, 2.000, 34
train,    40, 44.197925,   78, 1.00,   32, 0.000, 0.000, 2.000, 34
train,    41, -10.309522,    8, 1.00,    5, 0.000, 0.000, 2.000, 34
train,    42, -35.352586,    9, 1.00,    6, 0.000, 0.000, 2.000, 34
train,    43, -73.369247,   57, 1.00,   22, 0.000, 0.000, 2.000, 34
train,    44, 5.125254,   17, 1.00,    7, 0.000, 0.000, 2.000, 34
train,    45, -13.994070,    3, 1.00,    1, 0.000, 0.000, 2.000, 34
train,    46, -55.307866,   55, 1.00,   24, 0.000, 0.000, 2.000, 34
update,   46,    2,  565, -9.299005, 0.000000
train,    47, -1.324919,  104, 1.00,   35, 0.000, 0.000, 2.000, 34
train,    48, 72.171487,   44, 1.00,   14, 0.000, 0.000, 2.000, 34
train,    49, -16.081424,    3, 1.00,    1, 0.000, 0.000, 2.000, 34
val_save, 49, 38.254015, 1.0000,  18.4000,   0.0000, 0.0000,  29.3069
val,      49, 38.254015, 1.0000,  18.4000,   0.0000, 0.0000,  29.3069
curriculum,noise_cap 0.0000 -> 0.0200, entropy 2.0000 -> 1.8000
train,    50, -5.296419,    9, 1.00,    6, 0.000, 0.020, 1.800, 34
train,    51, 27.113132,   20, 1.00,    3, 0.020, 0.020, 1.800, 35
train,    52, -21.676873,    7, 1.00,    5, 0.000, 0.020, 1.800, 35
train,    53, -13.424085,    3, 1.00,    2, 0.000, 0.020, 1.800, 35
train,    54, -12.993176,    4, 1.00,    1, 0.000, 0.020, 1.800, 35
train,    55, -28.162237,   59, 1.00,   25, 0.000, 0.020, 1.800, 35
train,    56, -46.818489,   36, 1.00,   16, 0.000, 0.020, 1.800, 35
train,    57, -14.736025,    9, 1.00,    2, 0.000, 0.020, 1.800, 35
train,    58, -12.408011,    3, 1.00,    0, 0.000, 0.020, 1.800, 35
train,    59, -3.088655,    8, 1.00,    2, 0.000, 0.020, 1.800, 35
train,    60, -10.860185,    3, 1.00,    1, 0.000, 0.020, 1.800, 35
train,    61, -20.069263,    7, 1.00,    4, 0.020, 0.020, 1.800, 35
train,    62, 15.097610,   37, 1.00,   12, 0.000, 0.020, 1.800, 35
train,    63, -16.826374,    3, 1.00,    2, 0.000, 0.020, 1.800, 35
train,    64, -6.064178,   14, 1.00,    8, 0.000, 0.020, 1.800, 35
train,    65, -10.312069,    4, 1.00,    1, 0.000, 0.020, 1.800, 35
train,    66, -7.698927,    6, 1.00,    1, 0.020, 0.020, 1.800, 35
train,    67, -0.438621,   10, 1.00,    3, 0.000, 0.020, 1.800, 35
train,    68, -7.339970,    3, 1.00,    1, 0.000, 0.020, 1.800, 35
train,    69, -24.188822,   16, 1.00,   11, 0.020, 0.020, 1.800, 35
train,    70, 2.251165,   20, 1.00,    6, 0.000, 0.020, 1.800, 36
train,    71, 8.643746,   34, 1.00,   15, 0.020, 0.020, 1.800, 36
train,    72, -1.599925,    7, 1.00,    3, 0.000, 0.020, 1.800, 36
train,    73, -24.156307,   48, 1.00,   23, 0.020, 0.020, 1.800, 36
update,   73,    3,  521, -7.201198, -0.000000
train,    74, 16.360065,   21, 1.00,    7, 0.000, 0.020, 1.800, 36
val_save, 74, 53.056271, 1.0000,  22.8000,   0.0000, 0.0000,  29.5852
val,      74, 53.056271, 1.0000,  22.8000,   0.0000, 0.0000,  29.5852
train,    75, -3.836886,   14, 1.00,    4, 0.000, 0.020, 1.800, 36
train,    76, 23.261787,   24, 1.00,    5, 0.000, 0.020, 1.800, 36
train,    77, 63.670514,   62, 1.00,   22, 0.020, 0.020, 1.800, 36
train,    78, 45.735844,   32, 1.00,   14, 0.020, 0.020, 1.800, 36
train,    79, -62.504121,  115, 1.00,   44, 0.000, 0.020, 1.800, 36
train,    80, -14.585445,    3, 1.00,    2, 0.020, 0.020, 1.800, 36
train,    81, -9.212522,    6, 1.00,    2, 0.000, 0.020, 1.800, 36
train,    82, 6.497571,   35, 1.00,    5, 0.000, 0.020, 1.800, 36
train,    83, 1.285315,   10, 1.00,    4, 0.000, 0.020, 1.800, 36
train,    84, -9.678456,   11, 1.00,    2, 0.000, 0.020, 1.800, 36
train,    85, -9.177491,   18, 1.00,    9, 0.000, 0.020, 1.800, 36
train,    86, 0.865128,   14, 1.00,    4, 0.000, 0.020, 1.800, 36
train,    87, -10.203974,   41, 1.00,   10, 0.000, 0.020, 1.800, 36
train,    88, 3.912750,   22, 1.00,    7, 0.000, 0.020, 1.800, 36
train,    89, 15.665509,   14, 1.00,    3, 0.000, 0.020, 1.800, 36
train,    90, -3.091634,   13, 1.00,    5, 0.000, 0.020, 1.800, 36
train,    91, -12.171143,    3, 1.00,    1, 0.000, 0.020, 1.800, 37
train,    92, -5.056009,    5, 1.00,    2, 0.000, 0.020, 1.800, 37
train,    93, 6.426426,   41, 1.00,    9, 0.000, 0.020, 1.800, 37
train,    94, -11.936938,    3, 1.00,    1, 0.000, 0.020, 1.800, 37
train,    95, 2.725735,   23, 1.00,   10, 0.000, 0.020, 1.800, 37
update,   95,    4,  530, -7.247490, 0.000000
train,    96, 33.376516,   51, 1.00,   15, 0.000, 0.020, 1.800, 37
train,    97, 28.058131,  107, 1.00,   42, 0.000, 0.020, 1.800, 37
train,    98, -18.615948,   10, 1.00,    6, 0.020, 0.020, 1.800, 37
train,    99, -4.286027,   26, 1.00,   15, 0.000, 0.020, 1.800, 37
val,      99, 12.407282, 1.0000,  11.0000,   0.0000, 0.0000,  28.5472
train,    100, -15.298799,    3, 1.00,    1, 0.020, 0.020, 1.800, 37
train,    101, -2.900710,    7, 1.00,    1, 0.020, 0.020, 1.800, 37
train,    102, -3.836360,   10, 1.00,    5, 0.000, 0.020, 1.800, 37
train,    103, 33.452578,   24, 1.00,    9, 0.000, 0.020, 1.800, 37
train,    104, -35.193407,   22, 1.00,    5, 0.000, 0.020, 1.800, 37
train,    105, 2.298512,   10, 1.00,    3, 0.000, 0.020, 1.800, 37
train,    106, 44.967543,   51, 1.00,   16, 0.020, 0.020, 1.800, 37
train,    107, -9.768369,    5, 1.00,    1, 0.000, 0.020, 1.800, 37
train,    108, -2.324680,    7, 1.00,    2, 0.000, 0.020, 1.800, 37
train,    109, 10.353144,   46, 1.00,   21, 0.000, 0.020, 1.800, 37
train,    110, -2.967195,    7, 1.00,    2, 0.000, 0.020, 1.800, 38
train,    111, -7.181632,    7, 1.00,    3, 0.020, 0.020, 1.800, 38
train,    112, 29.291277,   22, 1.00,    5, 0.020, 0.020, 1.800, 38
train,    113, 8.900332,   15, 1.00,    5, 0.000, 0.020, 1.800, 38
train,    114, -5.178282,   11, 1.00,    3, 0.000, 0.020, 1.800, 38
train,    115, -15.420774,    3, 1.00,    2, 0.000, 0.020, 1.800, 38
train,    116, -13.480373,    3, 1.00,    0, 0.000, 0.020, 1.800, 38
train,    117, -7.224326,    7, 1.00,    2, 0.000, 0.020, 1.800, 38
train,    118, -3.581324,   11, 1.00,    5, 0.000, 0.020, 1.800, 38
train,    119, -0.146860,   27, 1.00,   10, 0.000, 0.020, 1.800, 38
update,   120,    5,  492, -3.186499, -0.000000
checkpoint_cleanup,promoted=0, kept=8, removed=8
finish,   2026-04-10 20:00:10.600326
