init,     2026-04-13 00:17:17.777046
arguments,Namespace(PPO_epochs=4, adv_norm=1, alg='ppo', cuda=0, curriculum_clean_ratio=0.9, curriculum_entropy_decay=0.94, curriculum_mode='adaptive', curriculum_noise_step=0.008, curriculum_patience=3, entropy=0.1, entropy_min=0.05, eps_clip=0.12, gae_lambda=0.98, gamma=0.996, grad_clip=0.4, gymip_train_xml='inverted_pendulum_ChangeThk_0.050000.xml', hid_group_num=8, hid_group_size=8, hidden_num=64, ignore_checkpoint=True, lane_profile='auto', lr=0.0004, max_noise=0.04, mini_batch_size=192, model='rwtaspk', monitor_time=False, optimizer='rmsprop', rep=11, response_window=40, reward_scale=0.9, road_scenario='highway', rollout_steps=768, rwta_del_connection='none', seed=13061, snn_num_steps=15, task='gymip', thread=-1, traffic_level='standard', train_num=3600, warm_start_kind='ours', warm_start_prefix='')
seed,     13061
model_dir,/root/autodl-tmp/SVPG2023/LANE/training_runs/ours/highway_standard/models
log_dir,  /root/autodl-tmp/SVPG2023/LANE/training_runs/ours/highway_standard/logs
profile,  lane auto-stabilize: lr->0.0005, gamma->0.995, PPO_epochs->4, eps_clip->0.15, rollout_steps->512, mini_batch_size->128, gae_lambda->0.97, grad_clip->0.5, curriculum_clean_ratio->0.8, max_noise->0.08, curriculum_noise_step->0.02, lr->0.0004, gamma->0.996, entropy_min->0.05, eps_clip->0.12, rollout_steps->768, mini_batch_size->192, gae_lambda->0.98, reward_scale->0.9, grad_clip->0.4, curriculum_clean_ratio->0.9, max_noise->0.04, curriculum_noise_step->0.008, curriculum_patience->3, curriculum_entropy_decay->0.94, train_num->3600
warm_start,/root/autodl-tmp/SVPG2023/LANE/training_runs/ours/highway_standard/models/ppo_gymip_rwtaspk_h8-8-40_none_rmsprop_0.000500_2.00_0.99500_4_0.1500_ro512_mb128_lam0.97_rs1.00_gc0.50_adaptive_roadhighway_tfstandard_seed10051_best
warm_critic,/root/autodl-tmp/SVPG2023/LANE/training_runs/ours/highway_standard/models/ppo_gymip_rwtaspk_h8-8-40_none_rmsprop_0.000500_2.00_0.99500_4_0.1500_ro512_mb128_lam0.97_rs1.00_gc0.50_adaptive_roadhighway_tfstandard_seed10051critic_best
train,    1, -12.607782,    2, 1.00,    1, 0.000, 0.000, 0.100, 28
train,    2, 12.716982,    9, 1.00,    3, 0.000, 0.000, 0.100, 28
train,    3, -11.834935,    2, 1.00,    0, 0.000, 0.000, 0.100, 28
train,    4, -12.917624,    2, 1.00,    0, 0.000, 0.000, 0.100, 28
train,    5, -32.550432,   11, 1.00,    3, 0.000, 0.000, 0.100, 28
train,    6, 6.214626,   10, 1.00,    3, 0.000, 0.000, 0.100, 28
train,    7, 32.007487,    7, 1.00,    3, 0.000, 0.000, 0.100, 28
train,    8, -19.727826,    7, 1.00,    2, 0.000, 0.000, 0.100, 29
train,    9, -11.923832,    2, 1.00,    0, 0.000, 0.000, 0.100, 29
train,    10, -11.309176,    2, 1.00,    0, 0.000, 0.000, 0.100, 29
train,    11, 58.610749,   48, 1.00,   15, 0.000, 0.000, 0.100, 29
train,    12, -6.293954,    3, 1.00,    2, 0.000, 0.000, 0.100, 29
train,    13, -11.562497,    2, 1.00,    2, 0.000, 0.000, 0.100, 29
train,    14, 41.092407,   45, 1.00,   14, 0.000, 0.000, 0.100, 29
train,    15, 11.384621,    6, 1.00,    2, 0.000, 0.000, 0.100, 29
train,    16, -13.012960,    2, 1.00,    0, 0.000, 0.000, 0.100, 29
train,    17, -13.203840,    2, 1.00,    0, 0.000, 0.000, 0.100, 29
train,    18, -12.089801,    2, 1.00,    0, 0.000, 0.000, 0.100, 29
train,    19, 20.668433,   10, 1.00,    3, 0.000, 0.000, 0.100, 29
train,    20, 47.612230,   37, 1.00,   10, 0.000, 0.000, 0.100, 29
train,    21, -13.235869,    2, 1.00,    0, 0.000, 0.000, 0.100, 29
train,    22, -13.530097,    2, 1.00,    0, 0.000, 0.000, 0.100, 29
train,    23, 26.582409,   37, 1.00,   18, 0.000, 0.000, 0.100, 30
train,    24, -26.656180,    9, 1.00,    3, 0.000, 0.000, 0.100, 30
val_save, 24, -13.105148, 1.0000,   2.0000,   0.0000, 0.0000,  23.5419
val,      24, -13.105148, 1.0000,   2.0000,   0.0000, 0.0000,  23.5419
train,    25, 65.911279,   20, 1.00,    6, 0.000, 0.000, 0.100, 30
train,    26, 0.106556,    5, 1.00,    2, 0.000, 0.000, 0.100, 30
train,    27, 67.502012,   78, 1.00,   20, 0.000, 0.000, 0.100, 30
train,    28, -11.310305,    2, 1.00,    0, 0.000, 0.000, 0.100, 30
train,    29, -15.072474,    2, 1.00,    0, 0.000, 0.000, 0.100, 30
train,    30, -11.279124,    4, 1.00,    2, 0.000, 0.000, 0.100, 30
train,    31, -15.973467,    3, 1.00,    1, 0.000, 0.000, 0.100, 30
train,    32, -5.176262,    9, 1.00,    3, 0.000, 0.000, 0.100, 30
train,    33, -13.326112,    2, 1.00,    0, 0.000, 0.000, 0.100, 30
train,    34, 45.071172,   19, 1.00,    6, 0.000, 0.000, 0.100, 30
train,    35, 8.497763,    6, 1.00,    4, 0.000, 0.000, 0.100, 30
train,    36, 20.009178,    8, 1.00,    4, 0.000, 0.000, 0.100, 30
train,    37, 30.371840,   11, 1.00,    3, 0.000, 0.000, 0.100, 30
train,    38, 7.714743,    6, 1.00,    2, 0.000, 0.000, 0.100, 31
train,    39, -13.329140,    2, 1.00,    0, 0.000, 0.000, 0.100, 31
train,    40, -12.103022,    2, 1.00,    0, 0.000, 0.000, 0.100, 31
train,    41, -10.194374,    2, 1.00,    2, 0.000, 0.000, 0.100, 31
train,    42, -13.225943,    2, 1.00,    1, 0.000, 0.000, 0.100, 31
train,    43, -8.691035,    2, 1.00,    2, 0.000, 0.000, 0.100, 31
train,    44, -8.401601,    2, 1.00,    2, 0.000, 0.000, 0.100, 31
train,    45, -8.012487,    2, 1.00,    2, 0.000, 0.000, 0.100, 31
train,    46, 4.449433,   26, 1.00,    8, 0.000, 0.000, 0.100, 31
train,    47, -17.148693,    4, 1.00,    2, 0.000, 0.000, 0.100, 31
train,    48, -1.137221,    6, 1.00,    3, 0.000, 0.000, 0.100, 31
train,    49, 7.085791,    6, 1.00,    3, 0.000, 0.000, 0.100, 31
val_save, 49, -10.445538, 1.0000,   3.0000,   0.0000, 0.0000,  24.9489
val,      49, -10.445538, 1.0000,   3.0000,   0.0000, 0.0000,  24.9489
train,    50, 52.116277,   17, 1.00,    8, 0.000, 0.000, 0.100, 31
train,    51, -14.097523,    2, 1.00,    1, 0.000, 0.000, 0.100, 31
train,    52, 8.319824,    7, 1.00,    2, 0.000, 0.000, 0.100, 31
train,    53, -7.742812,    3, 1.00,    2, 0.000, 0.000, 0.100, 32
train,    54, 10.966561,    8, 1.00,    3, 0.000, 0.000, 0.100, 32
train,    55, -13.373509,    2, 1.00,    0, 0.000, 0.000, 0.100, 32
train,    56, -8.691349,    2, 1.00,    2, 0.000, 0.000, 0.100, 32
train,    57, -10.968382,    2, 1.00,    0, 0.000, 0.000, 0.100, 32
train,    58, 11.775492,    8, 1.00,    3, 0.000, 0.000, 0.100, 32
train,    59, -2.210936,   15, 1.00,    6, 0.000, 0.000, 0.100, 32
train,    60, -13.232896,    2, 1.00,    0, 0.000, 0.000, 0.100, 32
train,    61, 47.491264,   19, 1.00,    5, 0.000, 0.000, 0.100, 32
train,    62, 44.358996,   13, 1.00,    2, 0.000, 0.000, 0.100, 32
train,    63, 18.825618,   12, 1.00,    2, 0.000, 0.000, 0.100, 32
train,    64, -8.343350,    4, 1.00,    1, 0.000, 0.000, 0.100, 32
train,    65, 10.228290,    6, 1.00,    5, 0.000, 0.000, 0.100, 32
train,    66, 8.962306,    7, 1.00,    2, 0.000, 0.000, 0.100, 32
train,    67, -9.134584,    2, 1.00,    1, 0.000, 0.000, 0.100, 32
train,    68, 45.390302,   18, 1.00,    8, 0.000, 0.000, 0.100, 33
train,    69, 13.167443,    7, 1.00,    6, 0.000, 0.000, 0.100, 33
train,    70, 9.981905,    8, 1.00,    5, 0.000, 0.000, 0.100, 33
train,    71, 108.203080,   38, 1.00,    9, 0.000, 0.000, 0.100, 33
train,    72, 0.955384,    7, 1.00,    5, 0.000, 0.000, 0.100, 33
train,    73, -13.269551,    2, 1.00,    0, 0.000, 0.000, 0.100, 33
train,    74, -8.226075,    3, 1.00,    2, 0.000, 0.000, 0.100, 33
val,      74, -11.850228, 1.0000,   2.4000,   0.0000, 0.0000,  25.2150
curriculum,noise_cap 0.0000 -> 0.0080, entropy 0.1000 -> 0.0940
train,    75, -13.359097,    2, 1.00,    0, 0.000, 0.008, 0.094, 33
train,    76, 69.404589,   30, 1.00,   12, 0.000, 0.008, 0.094, 33
train,    77, -12.138399,    2, 1.00,    0, 0.008, 0.008, 0.094, 33
train,    78, -11.994852,    2, 1.00,    0, 0.008, 0.008, 0.094, 33
train,    79, -12.725401,    2, 1.00,    1, 0.000, 0.008, 0.094, 33
train,    80, -13.255600,    2, 1.00,    0, 0.000, 0.008, 0.094, 33
train,    81, -4.198266,    7, 1.00,    4, 0.000, 0.008, 0.094, 33
train,    82, -11.382947,    2, 1.00,    2, 0.000, 0.008, 0.094, 33
train,    83, 7.390380,   23, 1.00,    4, 0.008, 0.008, 0.094, 34
update,   83,    1,  778, 4.824372, 0.000000
train,    84, -15.033143,    3, 1.00,    0, 0.000, 0.008, 0.094, 34
train,    85, -12.703068,    2, 1.00,    1, 0.000, 0.008, 0.094, 34
train,    86, -15.137115,    3, 1.00,    0, 0.000, 0.008, 0.094, 34
train,    87, 9.317313,    7, 1.00,    3, 0.000, 0.008, 0.094, 34
train,    88, -1.010176,    7, 1.00,    2, 0.000, 0.008, 0.094, 34
train,    89, 27.098774,   13, 1.00,    7, 0.000, 0.008, 0.094, 34
train,    90, 64.168877,   18, 1.00,    7, 0.008, 0.008, 0.094, 34
train,    91, 14.513330,   10, 1.00,    3, 0.000, 0.008, 0.094, 34
train,    92, -7.508033,    4, 1.00,    1, 0.000, 0.008, 0.094, 34
train,    93, -9.885522,    2, 1.00,    2, 0.000, 0.008, 0.094, 34
train,    94, 5.851021,    5, 1.00,    2, 0.000, 0.008, 0.094, 34
train,    95, 31.021045,   10, 1.00,    6, 0.000, 0.008, 0.094, 34
train,    96, 14.209626,   40, 1.00,   18, 0.000, 0.008, 0.094, 34
train,    97, -13.025113,    2, 1.00,    0, 0.000, 0.008, 0.094, 34
train,    98, 34.512756,   35, 1.00,   10, 0.000, 0.008, 0.094, 35
train,    99, -0.864342,    5, 1.00,    3, 0.000, 0.008, 0.094, 35
val_save, 99, 23.759207, 1.0000,  11.0000,  11.0000, 0.0000,  29.2455
val,      99, 23.759207, 1.0000,  11.0000,  11.0000, 0.0000,  29.2455
train,    100, -8.779927,    3, 1.00,    1, 0.000, 0.008, 0.094, 35
train,    101, -14.041469,    3, 1.00,    0, 0.000, 0.008, 0.094, 35
train,    102, -11.318996,    3, 1.00,    2, 0.000, 0.008, 0.094, 35
train,    103, -13.285776,    2, 1.00,    0, 0.000, 0.008, 0.094, 35
train,    104, -11.391401,    2, 1.00,    0, 0.000, 0.008, 0.094, 35
train,    105, -9.281331,   16, 1.00,    8, 0.000, 0.008, 0.094, 35
train,    106, -8.513581,    3, 1.00,    2, 0.000, 0.008, 0.094, 35
train,    107, -10.883205,   10, 1.00,    4, 0.000, 0.008, 0.094, 35
train,    108, -35.848549,   20, 1.00,    8, 0.000, 0.008, 0.094, 35
train,    109, 40.527102,   11, 1.00,    4, 0.008, 0.008, 0.094, 35
train,    110, 30.391097,    8, 1.00,    3, 0.000, 0.008, 0.094, 35
train,    111, -15.032617,    3, 1.00,    0, 0.000, 0.008, 0.094, 35
train,    112, 48.520964,   17, 1.00,    6, 0.000, 0.008, 0.094, 35
train,    113, -0.054759,    6, 1.00,    3, 0.000, 0.008, 0.094, 36
train,    114, 9.864788,   14, 1.00,    2, 0.000, 0.008, 0.094, 36
train,    115, -12.037853,    2, 1.00,    0, 0.000, 0.008, 0.094, 36
train,    116, -6.591632,    5, 1.00,    2, 0.000, 0.008, 0.094, 36
train,    117, -6.513691,    3, 1.00,    3, 0.000, 0.008, 0.094, 36
train,    118, -7.535363,   29, 1.00,   14, 0.008, 0.008, 0.094, 36
train,    119, -3.416965,   15, 1.00,    7, 0.000, 0.008, 0.094, 36
train,    120, -10.786396,    4, 1.00,    2, 0.000, 0.008, 0.094, 36
train,    121, -9.833790,    4, 1.00,    3, 0.000, 0.008, 0.094, 36
resume,   2026-04-13 00:46:03.383006
train,    122, -14.013036,    2, 1.00,    1, 0.000, 0.000, 0.100, 36
train,    123, -9.012590,    2, 1.00,    2, 0.000, 0.000, 0.100, 36
train,    124, 4.664942,   10, 1.00,    2, 0.000, 0.000, 0.100, 36
val_save, 124, 38.453476, 1.0000,  14.4000,  14.4000, 0.0000,  29.2375
val,      124, 38.453476, 1.0000,  14.4000,  14.4000, 0.0000,  29.2375
train,    125, -9.904607,    2, 1.00,    2, 0.000, 0.000, 0.100, 36
train,    126, 44.252324,   18, 1.00,    8, 0.000, 0.000, 0.100, 36
train,    127, -11.244659,   23, 1.00,   11, 0.000, 0.000, 0.100, 36
train,    128, -4.570299,    3, 1.00,    2, 0.000, 0.000, 0.100, 37
train,    129, -8.692289,    2, 1.00,    2, 0.000, 0.000, 0.100, 37
train,    130, 3.922305,   16, 1.00,    3, 0.000, 0.000, 0.100, 37
train,    131, 68.950989,   16, 1.00,    5, 0.000, 0.000, 0.100, 37
train,    132, 10.894889,    8, 1.00,    4, 0.000, 0.000, 0.100, 37
train,    133, 50.625567,  150, 0.00,   59, 0.000, 0.000, 0.100, 37
train,    134, 71.150184,   46, 1.00,   15, 0.000, 0.000, 0.100, 37
train,    135, -15.276648,    3, 1.00,    0, 0.000, 0.000, 0.100, 37
train,    136, -18.720439,    7, 1.00,    1, 0.000, 0.000, 0.100, 37
train,    137, 17.489333,   16, 1.00,    6, 0.000, 0.000, 0.100, 37
train,    138, 31.462846,   18, 1.00,    5, 0.000, 0.000, 0.100, 37
train,    139, 17.798764,    9, 1.00,    7, 0.000, 0.000, 0.100, 37
train,    140, 1.495181,    6, 1.00,    2, 0.000, 0.000, 0.100, 37
train,    141, 48.747020,   21, 1.00,    5, 0.000, 0.000, 0.100, 37
train,    142, -9.515949,    2, 1.00,    2, 0.000, 0.000, 0.100, 37
train,    143, -13.129308,    2, 1.00,    1, 0.000, 0.000, 0.100, 38
train,    144, -11.562497,    2, 1.00,    2, 0.000, 0.000, 0.100, 38
train,    145, -13.656827,    2, 1.00,    2, 0.000, 0.000, 0.100, 38
train,    146, -8.401149,    2, 1.00,    2, 0.000, 0.000, 0.100, 38
train,    147, -13.258443,    2, 1.00,    0, 0.000, 0.000, 0.100, 38
train,    148, -10.648911,    8, 1.00,    2, 0.000, 0.000, 0.100, 38
train,    149, -12.171287,    2, 1.00,    0, 0.000, 0.000, 0.100, 38
val,      149, 25.283573, 1.0000,  11.8000,  11.8000, 0.0000,  28.1849
train,    150, 16.640550,    7, 1.00,    5, 0.000, 0.000, 0.100, 38
train,    151, -14.991458,    2, 1.00,    0, 0.000, 0.000, 0.100, 38
train,    152, 12.053745,    6, 1.00,    3, 0.000, 0.000, 0.100, 38
train,    153, 7.638191,    7, 1.00,    3, 0.000, 0.000, 0.100, 38
train,    154, -12.446796,    2, 1.00,    0, 0.000, 0.000, 0.100, 38
train,    155, 46.463897,   18, 1.00,    8, 0.000, 0.000, 0.100, 38
train,    156, -12.469785,    2, 1.00,    0, 0.000, 0.000, 0.100, 38
train,    157, -5.815909,    4, 1.00,    2, 0.000, 0.000, 0.100, 38
train,    158, -11.562497,    2, 1.00,    2, 0.000, 0.000, 0.100, 39
train,    159, 48.144434,   19, 1.00,    6, 0.000, 0.000, 0.100, 39
train,    160, 9.234128,    6, 1.00,    3, 0.000, 0.000, 0.100, 39
train,    161, -5.701734,    5, 1.00,    0, 0.000, 0.000, 0.100, 39
train,    162, 35.984330,    8, 1.00,    2, 0.000, 0.000, 0.100, 39
train,    163, 23.452485,   11, 1.00,    2, 0.000, 0.000, 0.100, 39
train,    164, -14.117272,    2, 1.00,    1, 0.000, 0.000, 0.100, 39
train,    165, 28.215176,   12, 1.00,    8, 0.000, 0.000, 0.100, 39
train,    166, -11.804251,    2, 1.00,    0, 0.000, 0.000, 0.100, 39
train,    167, 31.861410,   11, 1.00,    5, 0.000, 0.000, 0.100, 39
train,    168, -9.904714,    2, 1.00,    2, 0.000, 0.000, 0.100, 39
train,    169, -13.290495,    2, 1.00,    0, 0.000, 0.000, 0.100, 39
train,    170, -12.874726,    2, 1.00,    0, 0.000, 0.000, 0.100, 39
train,    171, -8.401664,    2, 1.00,    2, 0.000, 0.000, 0.100, 39
train,    172, 9.593434,    7, 1.00,    6, 0.000, 0.000, 0.100, 39
train,    173, 7.654438,    9, 1.00,    6, 0.000, 0.000, 0.100, 40
train,    174, 85.949323,   24, 1.00,    8, 0.000, 0.000, 0.100, 40
val,      174, 28.933636, 1.0000,  12.2000,  12.2000, 0.0000,  29.1227
train,    175, -8.957251,    2, 1.00,    1, 0.000, 0.000, 0.100, 40
train,    176, -13.291939,    2, 1.00,    0, 0.000, 0.000, 0.100, 40
train,    177, 3.296209,    7, 1.00,    2, 0.000, 0.000, 0.100, 40
train,    178, -13.253881,    2, 1.00,    0, 0.000, 0.000, 0.100, 40
train,    179, 78.428154,   22, 1.00,   10, 0.000, 0.000, 0.100, 40
train,    180, 17.695816,   13, 1.00,    5, 0.000, 0.000, 0.100, 40
train,    181, 4.892521,    8, 1.00,    3, 0.000, 0.000, 0.100, 40
train,    182, 106.948644,   36, 1.00,   13, 0.000, 0.000, 0.100, 40
train,    183, 59.222514,   17, 1.00,    7, 0.000, 0.000, 0.100, 40
train,    184, 14.449734,   13, 1.00,    2, 0.000, 0.000, 0.100, 40
train,    185, -14.020696,    2, 1.00,    1, 0.000, 0.000, 0.100, 40
train,    186, 3.433045,    4, 1.00,    2, 0.000, 0.000, 0.100, 40
train,    187, -0.819370,    5, 1.00,    2, 0.000, 0.000, 0.100, 40
train,    188, -9.979821,    2, 1.00,    2, 0.000, 0.000, 0.100, 41
train,    189, 6.174083,   13, 1.00,    6, 0.000, 0.000, 0.100, 41
train,    190, 81.184984,   45, 1.00,   16, 0.000, 0.000, 0.100, 41
train,    191, 20.006668,   10, 1.00,    5, 0.000, 0.000, 0.100, 41
update,   191,    1,  777, 4.937822, 0.000000
train,    192, 18.165560,   10, 1.00,    1, 0.000, 0.000, 0.100, 41
train,    193, -13.277204,    2, 1.00,    0, 0.000, 0.000, 0.100, 41
train,    194, -9.911484,    5, 1.00,    2, 0.000, 0.000, 0.100, 41
train,    195, -17.462737,    4, 1.00,    1, 0.000, 0.000, 0.100, 41
train,    196, -12.349124,    2, 1.00,    0, 0.000, 0.000, 0.100, 41
train,    197, -11.662037,    4, 1.00,    2, 0.000, 0.000, 0.100, 41
train,    198, 3.869898,    8, 1.00,    4, 0.000, 0.000, 0.100, 41
train,    199, 3.907691,    7, 1.00,    2, 0.000, 0.000, 0.100, 41
val,      199, 6.544661, 1.0000,   5.8000,   0.0000, 0.0000,  26.5864
train,    200, 55.516168,   25, 1.00,   11, 0.000, 0.000, 0.100, 41
train,    201, 34.013762,   13, 1.00,    8, 0.000, 0.000, 0.100, 41
train,    202, -0.925890,    4, 1.00,    2, 0.000, 0.000, 0.100, 41
train,    203, -12.034352,    2, 1.00,    0, 0.000, 0.000, 0.100, 42
train,    204, -13.017278,    2, 1.00,    0, 0.000, 0.000, 0.100, 42
train,    205, 15.801639,   14, 1.00,    4, 0.000, 0.000, 0.100, 42
train,    206, -11.436666,    2, 1.00,    2, 0.000, 0.000, 0.100, 42
train,    207, 29.527507,   12, 1.00,    4, 0.000, 0.000, 0.100, 42
train,    208, -3.520793,    9, 1.00,    4, 0.000, 0.000, 0.100, 42
train,    209, -12.125386,    7, 1.00,    3, 0.000, 0.000, 0.100, 42
train,    210, 25.075773,   10, 1.00,    4, 0.000, 0.000, 0.100, 42
train,    211, -12.116640,    3, 1.00,    2, 0.000, 0.000, 0.100, 42
train,    212, 55.623473,   18, 1.00,   10, 0.000, 0.000, 0.100, 42
train,    213, 14.715174,    9, 1.00,    1, 0.000, 0.000, 0.100, 42
train,    214, -12.470557,    2, 1.00,    0, 0.000, 0.000, 0.100, 42
train,    215, 36.568423,   16, 1.00,    3, 0.000, 0.000, 0.100, 42
train,    216, -11.920875,    2, 1.00,    0, 0.000, 0.000, 0.100, 42
train,    217, -14.848981,    2, 1.00,    0, 0.000, 0.000, 0.100, 42
train,    218, -8.691481,    2, 1.00,    2, 0.000, 0.000, 0.100, 43
train,    219, -11.167929,    2, 1.00,    2, 0.000, 0.000, 0.100, 43
train,    220, 22.835613,   51, 1.00,   27, 0.000, 0.000, 0.100, 43
train,    221, -13.012444,    2, 1.00,    0, 0.000, 0.000, 0.100, 43
train,    222, -12.334879,    2, 1.00,    0, 0.000, 0.000, 0.100, 43
train,    223, 153.444722,   50, 1.00,   14, 0.000, 0.000, 0.100, 43
train,    224, 35.267793,   17, 1.00,    8, 0.000, 0.000, 0.100, 43
val,      224, -10.956786, 1.0000,   2.6000,   0.0000, 0.0000,  25.0611
train,    225, 27.579501,   12, 1.00,    5, 0.000, 0.000, 0.100, 43
train,    226, -8.695685,   10, 1.00,    1, 0.000, 0.000, 0.100, 43
train,    227, -12.088151,    2, 1.00,    0, 0.000, 0.000, 0.100, 43
train,    228, -12.178230,    2, 1.00,    0, 0.000, 0.000, 0.100, 43
train,    229, 0.123221,   10, 1.00,    2, 0.000, 0.000, 0.100, 43
train,    230, 5.741939,    6, 1.00,    1, 0.000, 0.000, 0.100, 43
train,    231, 26.698488,   11, 1.00,    5, 0.000, 0.000, 0.100, 43
train,    232, 14.336419,   16, 1.00,    7, 0.000, 0.000, 0.100, 43
train,    233, -11.562497,    2, 1.00,    2, 0.000, 0.000, 0.100, 44
train,    234, -14.935649,    3, 1.00,    1, 0.000, 0.000, 0.100, 44
train,    235, -1.243215,    5, 1.00,    1, 0.000, 0.000, 0.100, 44
train,    236, -15.524626,    5, 1.00,    2, 0.000, 0.000, 0.100, 44
train,    237, 12.371052,   14, 1.00,    2, 0.000, 0.000, 0.100, 44
train,    238, 0.112454,   16, 1.00,    9, 0.000, 0.000, 0.100, 44
train,    239, -9.904950,    2, 1.00,    2, 0.000, 0.000, 0.100, 44
train,    240, 30.958735,   10, 1.00,    3, 0.000, 0.000, 0.100, 44
train,    241, -9.975413,    2, 1.00,    2, 0.000, 0.000, 0.100, 44
train,    242, -13.258891,    2, 1.00,    1, 0.000, 0.000, 0.100, 44
train,    243, -13.656827,    2, 1.00,    2, 0.000, 0.000, 0.100, 44
train,    244, -12.376855,    2, 1.00,    0, 0.000, 0.000, 0.100, 44
train,    245, -13.017471,    3, 1.00,    2, 0.000, 0.000, 0.100, 44
train,    246, -13.300337,    2, 1.00,    0, 0.000, 0.000, 0.100, 44
train,    247, -9.012506,    2, 1.00,    2, 0.000, 0.000, 0.100, 44
train,    248, 38.011239,   15, 1.00,    4, 0.000, 0.000, 0.100, 45
train,    249, -12.174876,    2, 1.00,    0, 0.000, 0.000, 0.100, 45
val,      249, -8.426601, 1.0000,   3.4000,   0.0000, 0.0000,  26.4945
train,    250, -13.585753,    2, 1.00,    0, 0.000, 0.000, 0.100, 45
train,    251, 16.961143,    8, 1.00,    1, 0.000, 0.000, 0.100, 45
train,    252, -12.126190,    2, 1.00,    0, 0.000, 0.000, 0.100, 45
train,    253, -10.194617,    2, 1.00,    2, 0.000, 0.000, 0.100, 45
train,    254, -13.437332,    2, 1.00,    0, 0.000, 0.000, 0.100, 45
train,    255, 64.017793,   27, 1.00,   13, 0.000, 0.000, 0.100, 45
train,    256, 5.439545,    6, 1.00,    3, 0.000, 0.000, 0.100, 45
train,    257, 88.072560,   29, 1.00,   10, 0.000, 0.000, 0.100, 45
train,    258, -13.925172,    2, 1.00,    1, 0.000, 0.000, 0.100, 45
train,    259, -13.207005,    2, 1.00,    1, 0.000, 0.000, 0.100, 45
train,    260, 28.172025,   41, 1.00,   11, 0.000, 0.000, 0.100, 45
train,    261, -2.643360,    4, 1.00,    0, 0.000, 0.000, 0.100, 45
train,    262, 49.115477,   14, 1.00,    5, 0.000, 0.000, 0.100, 45
train,    263, 12.214364,    7, 1.00,    2, 0.000, 0.000, 0.100, 46
train,    264, 1.340867,    6, 1.00,    3, 0.000, 0.000, 0.100, 46
train,    265, -4.460668,    4, 1.00,    1, 0.000, 0.000, 0.100, 46
train,    266, -13.020888,    2, 1.00,    0, 0.000, 0.000, 0.100, 46
train,    267, 52.203179,   21, 1.00,   11, 0.000, 0.000, 0.100, 46
train,    268, -12.989188,    4, 1.00,    0, 0.000, 0.000, 0.100, 46
train,    269, -12.207945,   15, 1.00,    4, 0.000, 0.000, 0.100, 46
train,    270, -1.903914,    6, 1.00,    2, 0.000, 0.000, 0.100, 46
train,    271, 20.622686,    8, 1.00,    2, 0.000, 0.000, 0.100, 46
