init,     2026-04-21 21:49:58.818567
arguments,Namespace(PPO_epochs=4, adv_norm=1, alg='ppo', critic_lr=0.0002, cuda=0, curriculum_clean_ratio=1.0, curriculum_entropy_decay=0.97, curriculum_mode='adaptive', curriculum_noise_step=0.0, curriculum_patience=1, entropy=0.02, entropy_decay=0.999, entropy_min=0.003, eps_clip=0.2, gae_lambda=0.95, gamma=0.998, grad_clip=0.5, gymip_train_xml='inverted_pendulum_ChangeThk_0.050000.xml', hid_group_num=8, hid_group_size=8, hidden_num=64, ignore_checkpoint=True, lane_profile='auto', lr=0.0002, max_noise=0.0, mini_batch_size=128, model='rwtaspk', monitor_time=False, optimizer='rmsprop', rep=11, response_window=40, reward_scale=0.8, road_scenario='highway', rollout_steps=512, rwta_del_connection='none', seed=11, snn_num_steps=15, task='gymip', thread=-1, traffic_level='standard', train_envs=4, train_num=500, warm_start_kind='none', warm_start_prefix='')
seed,     11
model_dir,/root/autodl-tmp/SVPG2023/LANE/training_runs/ours/highway_standard/models
log_dir,  /root/autodl-tmp/SVPG2023/LANE/training_runs/ours/highway_standard/logs
parallel, train_envs 4
train,    4, 9.252720,   16, 1.00,    0, 0.000, 0.000, 0.020, 10
train,    1, 52.336967,   32, 1.00,    0, 0.000, 0.000, 0.020, 10
train,    5, 61.110788,   32, 1.00,    0, 0.000, 0.000, 0.020, 10
train,    6, 14.795278,   17, 1.00,    0, 0.000, 0.000, 0.020, 10
train,    7, 22.408970,   21, 1.00,    0, 0.000, 0.000, 0.020, 10
train,    8, 182.361243,   67, 1.00,    0, 0.000, 0.000, 0.020, 10
train,    3, 345.685048,  116, 1.00,    0, 0.000, 0.000, 0.020, 10
train,    2, 396.243733,  120, 0.00,    0, 0.000, 0.000, 0.020, 10
update,   12,    1,  512, 31.766922, -0.000000
train,    11, 62.670123,   31, 1.00,    0, 0.000, 0.000, 0.020, 10
train,    12, 64.411625,   34, 1.00,    0, 0.000, 0.000, 0.020, 10
train,    10, 87.132961,   39, 1.00,    0, 0.000, 0.000, 0.020, 10
train,    15, 35.449562,   22, 1.00,    0, 0.000, 0.000, 0.020, 10
train,    9, 181.163170,  120, 0.00,    0, 0.000, 0.000, 0.020, 10
train,    17, 3.398344,   15, 1.00,    0, 0.000, 0.000, 0.020, 10
train,    13, 154.392612,   61, 1.00,    0, 0.000, 0.000, 0.020, 10
train,    19, 0.625418,   17, 1.00,    0, 0.000, 0.000, 0.020, 10
train,    16, 167.012046,   63, 1.00,    0, 0.000, 0.000, 0.020, 10
update,   21,    2,  512, 22.338373, 0.000000
train,    18, 135.168092,   65, 1.00,    0, 0.000, 0.000, 0.020, 10
train,    14, 414.830120,  120, 0.00,    0, 0.000, 0.000, 0.020, 10
train,    22, 43.430976,   34, 1.00,    0, 0.000, 0.000, 0.020, 10
train,    20, 228.745063,   85, 1.00,    0, 0.000, 0.000, 0.020, 10
train,    24, 65.401902,   37, 1.00,    0, 0.000, 0.000, 0.020, 10
val_save, 24, 409.958815, 0.0000, 120.0000,   0.0000, 0.0000,  20.0086
val,      24, 409.958815, 0.0000, 120.0000,   0.0000, 0.0000,  20.0086
curriculum,standard_stability_on length 120.0000, collision 0.0000, entropy 0.0200 -> 0.0200, actor_lr 0.000200 -> 0.000110, critic_lr 0.000200 -> 0.000150
train,    21, 403.048398,  120, 0.00,    0, 0.000, 0.000, 0.020, 10
train,    25, 71.650498,   57, 1.00,    0, 0.000, 0.000, 0.020, 10
update,   28,    3,  512, 29.816547, -0.000000
train,    28, 30.085852,   21, 1.00,    0, 0.000, 0.000, 0.019, 10
train,    23, 404.968758,  120, 0.00,    0, 0.000, 0.000, 0.020, 10
train,    27, 148.976880,   56, 1.00,    0, 0.000, 0.000, 0.019, 10
train,    30, 38.466063,   25, 1.00,    0, 0.000, 0.000, 0.019, 10
train,    29, 75.921828,   34, 1.00,    0, 0.000, 0.000, 0.019, 10
train,    31, -12.912443,   12, 1.00,    0, 0.000, 0.000, 0.019, 10
train,    32, -41.136079,   28, 1.00,    0, 0.000, 0.000, 0.019, 10
train,    26, 419.424220,  120, 0.00,    0, 0.000, 0.000, 0.019, 10
update,   36,    4,  512, 33.018929, -0.000000
train,    34, 272.471568,   89, 1.00,    0, 0.000, 0.000, 0.019, 10
train,    36, 180.251229,   64, 1.00,    0, 0.000, 0.000, 0.019, 10
train,    37, -16.896342,    8, 1.00,    0, 0.000, 0.000, 0.019, 10
train,    33, 409.328492,  120, 0.00,    0, 0.000, 0.000, 0.019, 10
train,    35, 392.501133,  120, 0.00,    0, 0.000, 0.000, 0.019, 10
train,    39, 173.517580,   62, 1.00,    0, 0.000, 0.000, 0.019, 10
train,    40, 132.031934,   56, 1.00,    0, 0.000, 0.000, 0.019, 10
train,    41, 81.362219,   35, 1.00,    0, 0.000, 0.000, 0.019, 10
train,    44, -28.582516,    5, 1.00,    0, 0.000, 0.000, 0.019, 10
train,    42, 59.489471,   33, 1.00,    0, 0.000, 0.000, 0.019, 10
train,    38, 302.667474,  102, 1.00,    0, 0.000, 0.000, 0.019, 10
update,   47,    5,  512, 26.433048, 0.000000
train,    47, 68.021624,   32, 1.00,    0, 0.000, 0.000, 0.019, 10
train,    43, 170.592184,   62, 1.00,    0, 0.000, 0.000, 0.019, 10
train,    45, 192.606532,   74, 1.00,    0, 0.000, 0.000, 0.019, 10
train,    46, 129.375388,   85, 1.00,    0, 0.000, 0.000, 0.019, 10
train,    50, 77.295639,   38, 1.00,    0, 0.000, 0.000, 0.019, 10
train,    49, 164.809553,   67, 1.00,    0, 0.000, 0.000, 0.019, 10
val,      49, 265.991253, 0.3333,  82.5000,   0.0000, 0.0000,  22.7985
curriculum,standard_stability entropy 0.0200 -> 0.0180, actor_lr 0.000110 -> 0.000101, critic_lr 0.000150 -> 0.000141
train,    53, -30.435932,   14, 1.00,    0, 0.000, 0.000, 0.019, 10
update,   54,    6,  512, 27.256641, 0.000000
train,    52, 145.131846,   56, 1.00,    0, 0.000, 0.000, 0.019, 10
train,    48, 417.016254,  120, 0.00,    0, 0.000, 0.000, 0.019, 10
train,    51, 275.031195,   89, 1.00,    0, 0.000, 0.000, 0.019, 10
train,    55, 79.158156,   40, 1.00,    0, 0.000, 0.000, 0.018, 10
train,    56, 85.655688,   38, 1.00,    0, 0.000, 0.000, 0.018, 10
train,    54, 279.918455,   92, 1.00,    0, 0.000, 0.000, 0.018, 10
train,    57, 118.249918,   46, 1.00,    0, 0.000, 0.000, 0.018, 10
train,    59, 66.188980,   32, 1.00,    0, 0.000, 0.000, 0.018, 10
train,    58, 127.607265,   50, 1.00,    0, 0.000, 0.000, 0.018, 10
update,   63,    7,  512, 27.637148, 0.000000
train,    60, 172.984994,   64, 1.00,    0, 0.000, 0.000, 0.018, 10
train,    63, -7.819545,   40, 1.00,    0, 0.000, 0.000, 0.018, 10
train,    64, 9.521839,   14, 1.00,    0, 0.000, 0.000, 0.018, 10
train,    65, 69.960411,   33, 1.00,    0, 0.000, 0.000, 0.018, 10
train,    62, 342.070045,  111, 1.00,    0, 0.000, 0.000, 0.018, 10
train,    61, 418.004358,  120, 0.00,    0, 0.000, 0.000, 0.018, 10
train,    69, 51.065639,   29, 1.00,    0, 0.000, 0.000, 0.018, 10
train,    68, 75.755132,   33, 1.00,    0, 0.000, 0.000, 0.018, 10
train,    67, 249.945177,   82, 1.00,    0, 0.000, 0.000, 0.018, 10
train,    71, 48.280513,   29, 1.00,    0, 0.000, 0.000, 0.018, 10
update,   73,    8,  512, 31.523941, 0.000000
train,    66, 414.889468,  120, 0.00,    0, 0.000, 0.000, 0.018, 10
train,    70, 149.073297,   53, 1.00,    0, 0.000, 0.000, 0.018, 10
train,    74, 172.455231,   60, 1.00,    0, 0.000, 0.000, 0.018, 10
val,      74, 44.379108, 1.0000,  22.8333,   0.0000, 0.0000,  28.4123
curriculum,standard_reanchor_pending best_length 120.0000 current_length 22.8333 collision 1.0000
reanchor, 74, best_length 120.0000, current_length  22.8333, collision 1.0000
train,    75, 102.052628,   58, 1.00,    0, 0.000, 0.000, 0.018, 10
train,    73, 304.496216,  105, 1.00,    0, 0.000, 0.000, 0.018, 10
train,    72, 326.673159,  120, 0.00,    0, 0.000, 0.000, 0.018, 10
train,    76, 104.321207,   57, 1.00,    0, 0.000, 0.000, 0.018, 10
train,    77, 154.657701,   58, 1.00,    0, 0.000, 0.000, 0.018, 10
train,    78, 179.769578,   64, 1.00,    0, 0.000, 0.000, 0.018, 10
train,    81, 95.442738,   44, 1.00,    0, 0.000, 0.000, 0.018, 10
update,   83,    9,  512, 29.961548, -0.000000
train,    79, 243.965449,   84, 1.00,    0, 0.000, 0.000, 0.018, 10
train,    84, 8.861573,   17, 1.00,    0, 0.000, 0.000, 0.018, 10
train,    82, 167.820900,   63, 1.00,    0, 0.000, 0.000, 0.018, 10
train,    85, 32.007113,   21, 1.00,    0, 0.000, 0.000, 0.018, 10
train,    80, 401.265717,  120, 0.00,    0, 0.000, 0.000, 0.018, 10
train,    83, 249.658258,   83, 1.00,    0, 0.000, 0.000, 0.018, 10
train,    86, 105.383998,   50, 1.00,    0, 0.000, 0.000, 0.018, 10
train,    87, 95.803637,   42, 1.00,    0, 0.000, 0.000, 0.018, 10
train,    89, 142.970540,   55, 1.00,    0, 0.000, 0.000, 0.018, 10
update,   92,   10,  512, 28.912537, -0.000000
train,    88, 235.494991,   81, 1.00,    0, 0.000, 0.000, 0.018, 10
train,    91, 140.414703,   51, 1.00,    0, 0.000, 0.000, 0.018, 10
train,    92, 5.328668,   44, 1.00,    0, 0.000, 0.000, 0.018, 10
train,    90, 248.483143,   86, 1.00,    0, 0.000, 0.000, 0.018, 10
train,    95, 14.763304,   15, 1.00,    0, 0.000, 0.000, 0.018, 10
train,    96, 79.653189,   35, 1.00,    0, 0.000, 0.000, 0.018, 10
train,    93, 415.537957,  120, 0.00,    0, 0.000, 0.000, 0.018, 10
train,    94, 411.263532,  120, 0.00,    0, 0.000, 0.000, 0.018, 10
update,   100,   11,  512, 32.263260, -0.000000
train,    100, -24.997157,    4, 1.00,    0, 0.000, 0.000, 0.018, 10
train,    99, 41.405643,   26, 1.00,    0, 0.000, 0.000, 0.018, 10
val,      99, 409.624940, 0.0000, 120.0000,   0.0000, 0.0000,  20.0086
curriculum,standard_stability entropy 0.0180 -> 0.0162, actor_lr 0.000090 -> 0.000083, critic_lr 0.000130 -> 0.000122
train,    102, -0.130893,   15, 1.00,    0, 0.000, 0.000, 0.018, 10
train,    97, 401.251149,  120, 0.00,    0, 0.000, 0.000, 0.018, 10
train,    103, 20.553875,   19, 1.00,    0, 0.000, 0.000, 0.016, 10
train,    98, 418.736814,  120, 0.00,    0, 0.000, 0.000, 0.018, 10
train,    101, 202.771853,   75, 1.00,    0, 0.000, 0.000, 0.018, 10
train,    105, 176.415341,   65, 1.00,    0, 0.000, 0.000, 0.016, 10
train,    107, 112.857333,   49, 1.00,    0, 0.000, 0.000, 0.016, 10
update,   109,   12,  512, 29.668064, 0.000000
train,    109, 10.684584,   18, 1.00,    0, 0.000, 0.000, 0.016, 10
train,    104, 411.837065,  120, 0.00,    0, 0.000, 0.000, 0.016, 10
train,    106, 405.763025,  120, 0.00,    0, 0.000, 0.000, 0.016, 10
train,    108, 176.848838,   74, 1.00,    0, 0.000, 0.000, 0.016, 10
train,    113, 93.717339,   45, 1.00,    0, 0.000, 0.000, 0.016, 10
train,    112, 148.185009,   60, 1.00,    0, 0.000, 0.000, 0.016, 10
train,    114, 24.470037,   18, 1.00,    0, 0.000, 0.000, 0.016, 10
update,   116,   13,  512, 34.135719, 0.000000
train,    110, 414.029026,  120, 0.00,    0, 0.000, 0.000, 0.016, 10
train,    111, 415.217290,  120, 0.00,    0, 0.000, 0.000, 0.016, 10
train,    117, 17.992730,   21, 1.00,    0, 0.000, 0.000, 0.016, 10
train,    115, 94.677768,   39, 1.00,    0, 0.000, 0.000, 0.016, 10
train,    118, -29.528289,    6, 1.00,    0, 0.000, 0.000, 0.016, 10
train,    120, 25.809067,   19, 1.00,    0, 0.000, 0.000, 0.016, 10
train,    122, 70.064033,   39, 1.00,    0, 0.000, 0.000, 0.016, 10
train,    123, -28.056024,    5, 1.00,    0, 0.000, 0.000, 0.016, 10
train,    116, 304.542388,  100, 1.00,    0, 0.000, 0.000, 0.016, 10
train,    121, 253.370344,   86, 1.00,    0, 0.000, 0.000, 0.016, 10
update,   126,   14,  512, 30.851767, 0.000000
train,    119, 296.238370,   98, 1.00,    0, 0.000, 0.000, 0.016, 10
train,    127, 57.927760,   32, 1.00,    0, 0.000, 0.000, 0.016, 10
train,    126, 126.221058,   49, 1.00,    0, 0.000, 0.000, 0.016, 10
train,    125, 188.119218,   69, 1.00,    0, 0.000, 0.000, 0.016, 10
train,    129, -9.365870,   10, 1.00,    0, 0.000, 0.000, 0.016, 10
train,    130, 34.827666,   24, 1.00,    0, 0.000, 0.000, 0.016, 10
train,    131, 2.867562,   30, 1.00,    0, 0.000, 0.000, 0.016, 10
train,    124, 420.195600,  120, 0.00,    0, 0.000, 0.000, 0.016, 10
val,      124, 409.777656, 0.0000, 120.0000,   0.0000, 0.0000,  20.0086
curriculum,standard_stability entropy 0.0162 -> 0.0146, actor_lr 0.000083 -> 0.000076, critic_lr 0.000122 -> 0.000115
train,    133, -15.591448,    9, 1.00,    0, 0.000, 0.000, 0.016, 10
train,    135, 9.099543,   15, 1.00,    0, 0.000, 0.000, 0.015, 10
train,    128, 216.753666,   76, 1.00,    0, 0.000, 0.000, 0.016, 10
update,   137,   15,  512, 26.259413, -0.000000
train,    134, 103.771624,   51, 1.00,    0, 0.000, 0.000, 0.016, 10
train,    137, 79.843689,   40, 1.00,    0, 0.000, 0.000, 0.015, 10
train,    138, 8.948805,   20, 1.00,    0, 0.000, 0.000, 0.015, 10
train,    139, 2.172706,   12, 1.00,    0, 0.000, 0.000, 0.015, 10
train,    140, 43.621531,   25, 1.00,    0, 0.000, 0.000, 0.015, 10
train,    132, 416.687149,  120, 0.00,    0, 0.000, 0.000, 0.016, 10
train,    136, 224.902017,   86, 1.00,    0, 0.000, 0.000, 0.015, 10
train,    141, 94.503540,   39, 1.00,    0, 0.000, 0.000, 0.015, 10
train,    142, 28.157434,   25, 1.00,    0, 0.000, 0.000, 0.015, 10
train,    145, 114.643501,   46, 1.00,    0, 0.000, 0.000, 0.015, 10
train,    144, 179.428870,   64, 1.00,    0, 0.000, 0.000, 0.015, 10
update,   148,   16,  512, 24.631575, -0.000000
train,    148, 38.337669,   22, 1.00,    0, 0.000, 0.000, 0.015, 10
train,    149, -25.057866,    4, 1.00,    0, 0.000, 0.000, 0.015, 10
val,      149, 409.932939, 0.0000, 120.0000,   0.0000, 0.0000,  20.0086
curriculum,standard_stability entropy 0.0146 -> 0.0131, actor_lr 0.000076 -> 0.000070, critic_lr 0.000115 -> 0.000108
train,    143, 315.540927,  101, 1.00,    0, 0.000, 0.000, 0.015, 10
train,    146, 295.010636,  107, 1.00,    0, 0.000, 0.000, 0.015, 10
train,    147, 304.097189,  104, 1.00,    0, 0.000, 0.000, 0.015, 10
train,    152, 15.330216,   44, 1.00,    0, 0.000, 0.000, 0.013, 10
train,    154, -27.000025,    5, 1.00,    0, 0.000, 0.000, 0.013, 10
train,    150, 234.508317,   87, 1.00,    0, 0.000, 0.000, 0.015, 10
train,    155, -2.042805,   13, 1.00,    0, 0.000, 0.000, 0.013, 10
update,   157,   17,  512, 25.218102, -0.000000
train,    151, 403.766798,  120, 0.00,    0, 0.000, 0.000, 0.013, 10
train,    153, 215.723699,   76, 1.00,    0, 0.000, 0.000, 0.013, 10
train,    156, 139.873995,   60, 1.00,    0, 0.000, 0.000, 0.013, 10
train,    158, 40.480375,   25, 1.00,    0, 0.000, 0.000, 0.013, 10
train,    161, 4.918679,   16, 1.00,    0, 0.000, 0.000, 0.013, 10
train,    160, 32.439948,   21, 1.00,    0, 0.000, 0.000, 0.013, 10
train,    157, 196.891564,   72, 1.00,    0, 0.000, 0.000, 0.013, 10
train,    163, 43.606817,   28, 1.00,    0, 0.000, 0.000, 0.013, 10
train,    159, 155.775869,   61, 1.00,    0, 0.000, 0.000, 0.013, 10
update,   166,   18,  512, 31.977455, 0.000000
train,    164, 301.784582,   99, 1.00,    0, 0.000, 0.000, 0.013, 10
train,    162, 359.972645,  117, 1.00,    0, 0.000, 0.000, 0.013, 10
train,    167, 22.098056,   20, 1.00,    0, 0.000, 0.000, 0.013, 10
train,    166, 225.002226,   85, 1.00,    0, 0.000, 0.000, 0.013, 10
train,    165, 423.091994,  120, 0.00,    0, 0.000, 0.000, 0.013, 10
train,    168, 12.620651,   33, 1.00,    0, 0.000, 0.000, 0.013, 10
train,    171, 7.110420,   13, 1.00,    0, 0.000, 0.000, 0.013, 10
train,    172, 26.112888,   20, 1.00,    0, 0.000, 0.000, 0.013, 10
train,    169, 129.314925,   57, 1.00,    0, 0.000, 0.000, 0.013, 10
update,   175,   19,  512, 28.175198, 0.000000
train,    174, 46.627205,   27, 1.00,    0, 0.000, 0.000, 0.013, 10
val,      174, 40.544985, 1.0000,  22.0000,   0.0000, 0.0000,  28.6759
curriculum,standard_reanchor_pending best_length 120.0000 current_length 22.0000 collision 1.0000
reanchor, 174, best_length 120.0000, current_length  22.0000, collision 1.0000
train,    173, -4.387815,   35, 1.00,    0, 0.000, 0.000, 0.013, 10
train,    176, 58.833487,   31, 1.00,    0, 0.000, 0.000, 0.013, 10
train,    170, 372.311133,  120, 0.00,    0, 0.000, 0.000, 0.013, 10
train,    177, 221.871529,   76, 1.00,    0, 0.000, 0.000, 0.013, 10
train,    179, 102.130873,   45, 1.00,    0, 0.000, 0.000, 0.013, 10
train,    175, 372.370254,  120, 0.00,    0, 0.000, 0.000, 0.013, 10
train,    180, 86.979330,   40, 1.00,    0, 0.000, 0.000, 0.013, 10
update,   183,   20,  512, 32.740631, -0.000000
train,    182, 114.287934,   45, 1.00,    0, 0.000, 0.000, 0.013, 10
train,    178, 343.839924,  120, 0.00,    0, 0.000, 0.000, 0.013, 10
train,    183, 82.879511,   39, 1.00,    0, 0.000, 0.000, 0.013, 10
train,    185, -25.465736,    7, 1.00,    0, 0.000, 0.000, 0.013, 10
train,    181, 168.576996,   66, 1.00,    0, 0.000, 0.000, 0.013, 10
train,    184, 1.141817,   13, 1.00,    0, 0.000, 0.000, 0.013, 10
train,    188, 35.389877,   24, 1.00,    0, 0.000, 0.000, 0.013, 10
train,    186, -100.353667,   39, 1.00,    0, 0.000, 0.000, 0.013, 10
train,    189, 77.304340,   36, 1.00,    0, 0.000, 0.000, 0.013, 10
train,    190, 117.402035,   46, 1.00,    0, 0.000, 0.000, 0.013, 10
update,   193,   21,  512, 26.331020, 0.000000
train,    193, 72.969487,   39, 1.00,    0, 0.000, 0.000, 0.013, 10
train,    187, 417.268888,  120, 0.00,    0, 0.000, 0.000, 0.013, 10
train,    191, 209.183636,   90, 1.00,    0, 0.000, 0.000, 0.013, 10
train,    194, 78.637908,   36, 1.00,    0, 0.000, 0.000, 0.013, 10
train,    192, 417.019273,  120, 0.00,    0, 0.000, 0.000, 0.013, 10
train,    198, -17.869693,    9, 1.00,    0, 0.000, 0.000, 0.013, 10
train,    199, -5.986155,   15, 1.00,    0, 0.000, 0.000, 0.013, 10
val,      199, 409.763562, 0.0000, 120.0000,   0.0000, 0.0000,  20.0086
curriculum,standard_stability entropy 0.0131 -> 0.0118, actor_lr 0.000070 -> 0.000064, critic_lr 0.000108 -> 0.000101
train,    195, 188.657920,   68, 1.00,    0, 0.000, 0.000, 0.013, 10
train,    196, 136.292735,   66, 1.00,    0, 0.000, 0.000, 0.013, 10
train,    200, 49.574799,   25, 1.00,    0, 0.000, 0.000, 0.013, 10
train,    201, 71.269362,   34, 1.00,    0, 0.000, 0.000, 0.012, 10
update,   204,   22,  512, 21.627178, -0.000000
train,    203, 24.801384,   26, 1.00,    0, 0.000, 0.000, 0.012, 10
train,    197, 392.507104,  120, 0.00,    0, 0.000, 0.000, 0.013, 10
train,    206, 49.581155,   28, 1.00,    0, 0.000, 0.000, 0.012, 10
train,    204, 237.065124,   85, 1.00,    0, 0.000, 0.000, 0.012, 10
train,    202, 412.532251,  120, 0.00,    0, 0.000, 0.000, 0.012, 10
train,    208, -22.140554,   26, 1.00,    0, 0.000, 0.000, 0.012, 10
train,    205, 422.990725,  120, 0.00,    0, 0.000, 0.000, 0.012, 10
update,   211,   23,  512, 32.706940, -0.000000
train,    207, 218.229425,   75, 1.00,    0, 0.000, 0.000, 0.012, 10
train,    211, 23.998306,   18, 1.00,    0, 0.000, 0.000, 0.012, 10
train,    210, 133.617421,   53, 1.00,    0, 0.000, 0.000, 0.012, 10
train,    214, 43.949481,   25, 1.00,    0, 0.000, 0.000, 0.012, 10
train,    209, 298.545596,   99, 1.00,    0, 0.000, 0.000, 0.012, 10
train,    216, 137.411383,   52, 1.00,    0, 0.000, 0.000, 0.012, 10
train,    213, 253.537638,  101, 1.00,    0, 0.000, 0.000, 0.012, 10
update,   218,   24,  512, 34.770691, -0.000000
train,    218, 13.067579,   16, 1.00,    0, 0.000, 0.000, 0.012, 10
train,    212, 422.701790,  120, 0.00,    0, 0.000, 0.000, 0.012, 10
train,    219, -1.265396,   11, 1.00,    0, 0.000, 0.000, 0.012, 10
train,    220, 11.452265,   19, 1.00,    0, 0.000, 0.000, 0.012, 10
train,    215, 389.394547,  120, 0.00,    0, 0.000, 0.000, 0.012, 10
train,    221, 148.434705,   56, 1.00,    0, 0.000, 0.000, 0.012, 10
train,    217, 254.939835,   92, 1.00,    0, 0.000, 0.000, 0.012, 10
train,    223, 81.404164,   36, 1.00,    0, 0.000, 0.000, 0.012, 10
train,    225, 58.934718,   30, 1.00,    0, 0.000, 0.000, 0.012, 10
train,    224, 125.616185,   51, 1.00,    0, 0.000, 0.000, 0.012, 10
val,      224, 409.822797, 0.0000, 120.0000,   0.0000, 0.0000,  20.0086
curriculum,standard_stability entropy 0.0118 -> 0.0106, actor_lr 0.000064 -> 0.000060, critic_lr 0.000101 -> 0.000095
update,   228,   25,  512, 28.256290, 0.000000
train,    222, 335.500027,  106, 1.00,    0, 0.000, 0.000, 0.012, 10
train,    227, 98.785263,   43, 1.00,    0, 0.000, 0.000, 0.012, 10
train,    230, -22.483583,    4, 1.00,    0, 0.000, 0.000, 0.011, 10
train,    226, 190.495640,   68, 1.00,    0, 0.000, 0.000, 0.012, 10
train,    232, 5.903942,   12, 1.00,    0, 0.000, 0.000, 0.011, 10
train,    229, 83.089259,   40, 1.00,    0, 0.000, 0.000, 0.011, 10
train,    231, 76.949805,   34, 1.00,    0, 0.000, 0.000, 0.011, 10
train,    234, 39.796597,   24, 1.00,    0, 0.000, 0.000, 0.011, 10
train,    233, 212.679326,   76, 1.00,    0, 0.000, 0.000, 0.011, 10
train,    228, 410.555131,  120, 0.00,    0, 0.000, 0.000, 0.012, 10
update,   238,   26,  512, 28.600525, -0.000000
train,    238, 46.362302,   27, 1.00,    0, 0.000, 0.000, 0.011, 10
train,    236, 229.501177,   78, 1.00,    0, 0.000, 0.000, 0.011, 10
train,    235, 385.528664,  120, 0.00,    0, 0.000, 0.000, 0.011, 10
train,    240, 65.691185,   42, 1.00,    0, 0.000, 0.000, 0.011, 10
train,    239, 150.057062,   59, 1.00,    0, 0.000, 0.000, 0.011, 10
train,    237, 264.824738,   89, 1.00,    0, 0.000, 0.000, 0.011, 10
train,    244, -31.662308,    5, 1.00,    0, 0.000, 0.000, 0.011, 10
train,    245, -38.709000,    8, 1.00,    0, 0.000, 0.000, 0.011, 10
train,    242, 50.788090,   28, 1.00,    0, 0.000, 0.000, 0.011, 10
train,    243, 25.799262,   22, 1.00,    0, 0.000, 0.000, 0.011, 10
train,    241, 129.296463,   51, 1.00,    0, 0.000, 0.000, 0.011, 10
train,    246, 40.844279,   26, 1.00,    0, 0.000, 0.000, 0.011, 10
update,   250,   27,  512, 22.788445, 0.000000
train,    248, 90.203866,   39, 1.00,    0, 0.000, 0.000, 0.011, 10
train,    247, 137.124795,   53, 1.00,    0, 0.000, 0.000, 0.011, 10
train,    252, -1.500859,   12, 1.00,    0, 0.000, 0.000, 0.011, 10
train,    250, 207.517312,   84, 1.00,    0, 0.000, 0.000, 0.011, 10
train,    254, -29.636241,    6, 1.00,    0, 0.000, 0.000, 0.011, 10
train,    253, 144.987057,   56, 1.00,    0, 0.000, 0.000, 0.011, 10
train,    251, 158.804210,   77, 1.00,    0, 0.000, 0.000, 0.011, 10
train,    249, 360.341723,  118, 1.00,    0, 0.000, 0.000, 0.011, 10
val,      249, 407.667036, 0.0000, 120.0000,   0.0000, 0.0000,  20.0086
curriculum,standard_stability entropy 0.0106 -> 0.0096, actor_lr 0.000060 -> 0.000060, critic_lr 0.000095 -> 0.000090
train,    257, 49.112348,   29, 1.00,    0, 0.000, 0.000, 0.011, 10
train,    256, 72.359825,   34, 1.00,    0, 0.000, 0.000, 0.011, 10
train,    258, 51.861421,   32, 1.00,    0, 0.000, 0.000, 0.011, 10
update,   261,   28,  512, 22.893335, 0.000000
train,    260, 38.767281,   22, 1.00,    0, 0.000, 0.000, 0.010, 10
train,    261, 211.883559,   73, 1.00,    0, 0.000, 0.000, 0.010, 10
train,    255, 410.050664,  120, 0.00,    0, 0.000, 0.000, 0.011, 10
train,    263, 42.529217,   25, 1.00,    0, 0.000, 0.000, 0.010, 10
train,    259, 351.606369,  109, 1.00,    0, 0.000, 0.000, 0.010, 10
train,    262, 259.051077,   86, 1.00,    0, 0.000, 0.000, 0.010, 10
train,    267, -23.705698,    4, 1.00,    0, 0.000, 0.000, 0.010, 10
train,    264, 112.081117,   47, 1.00,    0, 0.000, 0.000, 0.010, 10
train,    265, 84.287703,   34, 1.00,    0, 0.000, 0.000, 0.010, 10
update,   270,   29,  512, 34.588642, -0.000000
train,    268, 61.806392,   31, 1.00,    0, 0.000, 0.000, 0.010, 10
train,    266, 72.605761,   37, 1.00,    0, 0.000, 0.000, 0.010, 10
train,    272, -32.080981,    7, 1.00,    0, 0.000, 0.000, 0.010, 10
train,    273, 98.904711,   43, 1.00,    0, 0.000, 0.000, 0.010, 10
train,    271, 218.187296,   75, 1.00,    0, 0.000, 0.000, 0.010, 10
train,    269, 74.933568,   91, 1.00,    0, 0.000, 0.000, 0.010, 10
train,    276, -27.008510,    6, 1.00,    0, 0.000, 0.000, 0.010, 10
train,    274, 93.638028,   45, 1.00,    0, 0.000, 0.000, 0.010, 10
val_save, 274, 409.970431, 0.0000, 120.0000,   0.0000, 0.0000,  20.0086
val,      274, 409.970431, 0.0000, 120.0000,   0.0000, 0.0000,  20.0086
curriculum,standard_stability entropy 0.0096 -> 0.0086, actor_lr 0.000060 -> 0.000060, critic_lr 0.000090 -> 0.000084
train,    270, 304.541441,  101, 1.00,    0, 0.000, 0.000, 0.010, 10
train,    279, 18.682763,   17, 1.00,    0, 0.000, 0.000, 0.009, 10
update,   280,   30,  512, 24.882912, 0.000000
train,    275, 133.861324,   74, 1.00,    0, 0.000, 0.000, 0.010, 10
train,    277, 212.268160,   72, 1.00,    0, 0.000, 0.000, 0.010, 10
train,    278, 156.160543,   61, 1.00,    0, 0.000, 0.000, 0.010, 10
train,    280, 107.244199,   45, 1.00,    0, 0.000, 0.000, 0.009, 10
train,    281, -5.884334,   12, 1.00,    0, 0.000, 0.000, 0.009, 10
train,    282, 12.789136,   16, 1.00,    0, 0.000, 0.000, 0.009, 10
train,    284, 88.241591,   39, 1.00,    0, 0.000, 0.000, 0.009, 10
train,    286, 90.193907,   45, 1.00,    0, 0.000, 0.000, 0.009, 10
train,    285, 227.734217,   76, 1.00,    0, 0.000, 0.000, 0.009, 10
train,    288, 63.398691,   37, 1.00,    0, 0.000, 0.000, 0.009, 10
update,   290,   31,  512, 27.564125, 0.000000
train,    283, 406.399642,  120, 0.00,    0, 0.000, 0.000, 0.009, 10
train,    287, 230.667845,  102, 1.00,    0, 0.000, 0.000, 0.009, 10
train,    289, 212.131374,   74, 1.00,    0, 0.000, 0.000, 0.009, 10
train,    291, 79.897707,   36, 1.00,    0, 0.000, 0.000, 0.009, 10
train,    292, 73.430510,   33, 1.00,    0, 0.000, 0.000, 0.009, 10
train,    294, -9.309081,   31, 1.00,    0, 0.000, 0.000, 0.009, 10
train,    293, 78.027736,   35, 1.00,    0, 0.000, 0.000, 0.009, 10
train,    290, 287.789684,  107, 1.00,    0, 0.000, 0.000, 0.009, 10
train,    297, 16.865420,   19, 1.00,    0, 0.000, 0.000, 0.009, 10
update,   299,   32,  512, 24.218307, -0.000000
train,    298, 30.714880,   32, 1.00,    0, 0.000, 0.000, 0.009, 10
train,    295, 160.927720,   61, 1.00,    0, 0.000, 0.000, 0.009, 10
train,    296, 86.904384,   52, 1.00,    0, 0.000, 0.000, 0.009, 10
train,    299, 122.709250,   52, 1.00,    0, 0.000, 0.000, 0.009, 10
val,      299, 41.750376, 1.0000,  22.0000,   0.0000, 0.0000,  28.9171
curriculum,standard_reanchor_pending best_length 120.0000 current_length 22.0000 collision 1.0000
reanchor, 299, best_length 120.0000, current_length  22.0000, collision 1.0000
train,    300, 66.871728,   40, 1.00,    0, 0.000, 0.000, 0.009, 10
train,    301, 96.826647,   44, 1.00,    0, 0.000, 0.000, 0.009, 10
train,    302, 103.827123,   44, 1.00,    0, 0.000, 0.000, 0.009, 10
train,    304, 32.216709,   35, 1.00,    0, 0.000, 0.000, 0.009, 10
train,    305, -9.836857,   37, 1.00,    0, 0.000, 0.000, 0.009, 10
train,    306, 140.658540,   54, 1.00,    0, 0.000, 0.000, 0.009, 10
train,    307, 128.609108,   51, 1.00,    0, 0.000, 0.000, 0.009, 10
train,    309, 46.782222,   27, 1.00,    0, 0.000, 0.000, 0.009, 10
train,    303, 420.451173,  120, 0.00,    0, 0.000, 0.000, 0.009, 10
update,   312,   33,  512, 25.847794, 0.000000
train,    311, 152.121474,   66, 1.00,    0, 0.000, 0.000, 0.009, 10
train,    308, 419.739631,  120, 0.00,    0, 0.000, 0.000, 0.009, 10
train,    314, 14.109918,   15, 1.00,    0, 0.000, 0.000, 0.009, 10
train,    310, 283.015471,   96, 1.00,    0, 0.000, 0.000, 0.009, 10
train,    312, 163.042134,   90, 1.00,    0, 0.000, 0.000, 0.009, 10
train,    315, 85.561552,   37, 1.00,    0, 0.000, 0.000, 0.009, 10
train,    318, -25.753979,    4, 1.00,    0, 0.000, 0.000, 0.009, 10
train,    313, 105.184526,   65, 1.00,    0, 0.000, 0.000, 0.009, 10
train,    320, -3.135707,   11, 1.00,    0, 0.000, 0.000, 0.009, 10
update,   321,   34,  512, 26.311247, -0.000000
train,    316, 152.517709,   66, 1.00,    0, 0.000, 0.000, 0.009, 10
train,    319, 72.434212,   34, 1.00,    0, 0.000, 0.000, 0.009, 10
train,    321, 59.323633,   31, 1.00,    0, 0.000, 0.000, 0.009, 10
train,    322, 28.177426,   23, 1.00,    0, 0.000, 0.000, 0.009, 10
train,    323, 24.671087,   24, 1.00,    0, 0.000, 0.000, 0.009, 10
train,    317, 262.681634,   88, 1.00,    0, 0.000, 0.000, 0.009, 10
train,    324, 122.597034,   47, 1.00,    0, 0.000, 0.000, 0.009, 10
val,      324, 93.855369, 0.8333,  36.5000,   0.0000, 0.0000,  27.5640
curriculum,standard_reanchor_pending best_length 120.0000 current_length 36.5000 collision 0.8333
reanchor, 324, best_length 120.0000, current_length  36.5000, collision 0.8333
train,    325, 104.653353,   43, 1.00,    0, 0.000, 0.000, 0.009, 10
train,    329, -30.749698,    5, 1.00,    0, 0.000, 0.000, 0.009, 10
train,    326, 121.150976,   50, 1.00,    0, 0.000, 0.000, 0.009, 10
train,    331, 79.306587,   35, 1.00,    0, 0.000, 0.000, 0.009, 10
train,    328, 169.853176,   69, 1.00,    0, 0.000, 0.000, 0.009, 10
train,    330, 149.609117,   78, 1.00,    0, 0.000, 0.000, 0.009, 10
train,    327, 413.562297,  120, 0.00,    0, 0.000, 0.000, 0.009, 10
train,    334, 32.994406,   28, 1.00,    0, 0.000, 0.000, 0.009, 10
update,   336,   35,  512, 26.183117, -0.000000
train,    333, 121.352786,   61, 1.00,    0, 0.000, 0.000, 0.009, 10
train,    335, 111.416475,   50, 1.00,    0, 0.000, 0.000, 0.009, 10
train,    338, 5.296038,   17, 1.00,    0, 0.000, 0.000, 0.009, 10
train,    332, 386.801476,  120, 0.00,    0, 0.000, 0.000, 0.009, 10
train,    340, 28.224952,   24, 1.00,    0, 0.000, 0.000, 0.009, 10
train,    337, 192.454548,   69, 1.00,    0, 0.000, 0.000, 0.009, 10
train,    339, 22.250071,   43, 1.00,    0, 0.000, 0.000, 0.009, 10
train,    341, 25.932019,   22, 1.00,    0, 0.000, 0.000, 0.009, 10
train,    343, 41.586452,   26, 1.00,    0, 0.000, 0.000, 0.009, 10
train,    336, 416.234529,  120, 0.00,    0, 0.000, 0.000, 0.009, 10
train,    342, 88.080963,   47, 1.00,    0, 0.000, 0.000, 0.009, 10
update,   347,   36,  512, 22.341290, 0.000000
train,    345, 30.544511,   29, 1.00,    0, 0.000, 0.000, 0.009, 10
train,    346, 84.233947,   37, 1.00,    0, 0.000, 0.000, 0.009, 10
train,    344, 119.951383,   54, 1.00,    0, 0.000, 0.000, 0.009, 10
train,    348, 20.518142,   20, 1.00,    0, 0.000, 0.000, 0.009, 10
train,    349, 81.366588,   36, 1.00,    0, 0.000, 0.000, 0.009, 10
val,      349, 32.687648, 1.0000,  19.1667,   0.0000, 0.0000,  28.8659
curriculum,standard_reanchor_pending best_length 120.0000 current_length 19.1667 collision 1.0000
reanchor, 349, best_length 120.0000, current_length  19.1667, collision 1.0000
train,    352, -21.990738,    4, 1.00,    0, 0.000, 0.000, 0.009, 10
train,    353, -3.714193,   14, 1.00,    0, 0.000, 0.000, 0.009, 10
train,    347, 318.330631,  112, 1.00,    0, 0.000, 0.000, 0.009, 10
train,    355, 30.701302,   30, 1.00,    0, 0.000, 0.000, 0.009, 10
train,    350, 414.648574,  120, 0.00,    0, 0.000, 0.000, 0.009, 10
train,    351, 352.042928,  115, 1.00,    0, 0.000, 0.000, 0.009, 10
train,    358, 74.784718,   34, 1.00,    0, 0.000, 0.000, 0.009, 10
train,    356, 90.087451,   42, 1.00,    0, 0.000, 0.000, 0.009, 10
update,   360,   37,  512, 33.720303, 0.000000
train,    354, 367.929554,  119, 1.00,    0, 0.000, 0.000, 0.009, 10
train,    360, 78.244875,   36, 1.00,    0, 0.000, 0.000, 0.009, 10
train,    362, -3.996631,   10, 1.00,    0, 0.000, 0.000, 0.009, 10
train,    361, 151.928469,   58, 1.00,    0, 0.000, 0.000, 0.009, 10
train,    357, 351.768723,  120, 0.00,    0, 0.000, 0.000, 0.009, 10
train,    359, 399.730800,  120, 0.00,    0, 0.000, 0.000, 0.009, 10
update,   366,   38,  512, 31.730972, 0.000000
train,    366, -72.657041,   16, 1.00,    0, 0.000, 0.000, 0.009, 10
train,    363, 424.658273,  120, 0.00,    0, 0.000, 0.000, 0.009, 10
train,    365, 268.228861,   88, 1.00,    0, 0.000, 0.000, 0.009, 10
train,    367, 89.762327,   38, 1.00,    0, 0.000, 0.000, 0.009, 10
train,    364, 306.816401,  103, 1.00,    0, 0.000, 0.000, 0.009, 10
train,    370, -0.344053,   11, 1.00,    0, 0.000, 0.000, 0.009, 10
train,    372, -23.443747,    4, 1.00,    0, 0.000, 0.000, 0.009, 10
train,    369, 40.708564,   28, 1.00,    0, 0.000, 0.000, 0.009, 10
train,    368, 90.366501,   43, 1.00,    0, 0.000, 0.000, 0.009, 10
train,    371, 82.064339,   36, 1.00,    0, 0.000, 0.000, 0.009, 10
train,    376, 22.767102,   24, 1.00,    0, 0.000, 0.000, 0.009, 10
train,    373, 192.220841,   72, 1.00,    0, 0.000, 0.000, 0.009, 10
update,   378,   39,  512, 27.107117, 0.000000
train,    377, 95.253992,   42, 1.00,    0, 0.000, 0.000, 0.009, 10
train,    375, 201.851528,   77, 1.00,    0, 0.000, 0.000, 0.009, 10
train,    378, 120.981331,   54, 1.00,    0, 0.000, 0.000, 0.009, 10
train,    374, 412.685645,  120, 0.00,    0, 0.000, 0.000, 0.009, 10
val,      374, 341.241479, 0.1667, 102.1667,   0.0000, 0.0000,  21.9578
curriculum,standard_stability entropy 0.0086 -> 0.0077, actor_lr 0.000060 -> 0.000060, critic_lr 0.000084 -> 0.000080
train,    379, 133.709377,   51, 1.00,    0, 0.000, 0.000, 0.009, 10
train,    382, 30.827437,   21, 1.00,    0, 0.000, 0.000, 0.009, 10
train,    381, 27.324662,   33, 1.00,    0, 0.000, 0.000, 0.009, 10
train,    380, 209.267145,   74, 1.00,    0, 0.000, 0.000, 0.009, 10
train,    384, 32.730727,   20, 1.00,    0, 0.000, 0.000, 0.008, 10
train,    383, 57.273226,   34, 1.00,    0, 0.000, 0.000, 0.008, 10
train,    385, 47.300505,   26, 1.00,    0, 0.000, 0.000, 0.008, 10
train,    387, 15.211403,   18, 1.00,    0, 0.000, 0.000, 0.008, 10
update,   390,   40,  512, 21.810139, -0.000000
train,    388, 303.381355,  101, 1.00,    0, 0.000, 0.000, 0.008, 10
train,    386, 329.329425,  120, 0.00,    0, 0.000, 0.000, 0.008, 10
train,    391, 14.131292,   17, 1.00,    0, 0.000, 0.000, 0.008, 10
train,    389, 417.440097,  120, 0.00,    0, 0.000, 0.000, 0.008, 10
train,    390, 410.343068,  120, 0.00,    0, 0.000, 0.000, 0.008, 10
train,    395, 17.359999,   16, 1.00,    0, 0.000, 0.000, 0.008, 10
update,   396,   41,  512, 37.842342, 0.000000
train,    392, 56.713974,   44, 1.00,    0, 0.000, 0.000, 0.008, 10
train,    397, 157.813188,   60, 1.00,    0, 0.000, 0.000, 0.008, 10
train,    396, 202.487347,   70, 1.00,    0, 0.000, 0.000, 0.008, 10
train,    393, 415.774412,  120, 0.00,    0, 0.000, 0.000, 0.008, 10
train,    400, -29.232457,    5, 1.00,    0, 0.000, 0.000, 0.008, 10
train,    394, 412.526298,  120, 0.00,    0, 0.000, 0.000, 0.008, 10
train,    399, 57.591242,   32, 1.00,    0, 0.000, 0.000, 0.008, 10
val,      399, 55.781447, 1.0000,  24.8333,   0.0000, 0.0000,  28.9887
curriculum,standard_reanchor_pending best_length 120.0000 current_length 24.8333 collision 1.0000
reanchor, 399, best_length 120.0000, current_length  24.8333, collision 1.0000
train,    398, 158.491466,   58, 1.00,    0, 0.000, 0.000, 0.008, 10
train,    402, 67.765419,   37, 1.00,    0, 0.000, 0.000, 0.008, 10
train,    401, 143.885578,   53, 1.00,    0, 0.000, 0.000, 0.008, 10
train,    403, 108.673571,   47, 1.00,    0, 0.000, 0.000, 0.008, 10
train,    405, 62.755263,   30, 1.00,    0, 0.000, 0.000, 0.008, 10
train,    406, 93.093363,   55, 1.00,    0, 0.000, 0.000, 0.008, 10
train,    407, 153.960180,   54, 1.00,    0, 0.000, 0.000, 0.008, 10
train,    408, 122.348970,   49, 1.00,    0, 0.000, 0.000, 0.008, 10
train,    409, 19.953378,   20, 1.00,    0, 0.000, 0.000, 0.008, 10
update,   412,   42,  512, 25.153149, -0.000000
train,    411, -40.435984,   18, 1.00,    0, 0.000, 0.000, 0.008, 10
train,    413, -17.018349,   12, 1.00,    0, 0.000, 0.000, 0.008, 10
train,    404, 414.594354,  120, 0.00,    0, 0.000, 0.000, 0.008, 10
train,    412, 46.714406,   35, 1.00,    0, 0.000, 0.000, 0.008, 10
train,    410, 213.961143,   83, 1.00,    0, 0.000, 0.000, 0.008, 10
train,    416, 79.399987,   49, 1.00,    0, 0.000, 0.000, 0.008, 10
train,    418, 25.750904,   22, 1.00,    0, 0.000, 0.000, 0.008, 10
train,    415, 213.221498,   83, 1.00,    0, 0.000, 0.000, 0.008, 10
train,    419, 26.615348,   26, 1.00,    0, 0.000, 0.000, 0.008, 10
update,   421,   43,  512, 26.046963, -0.000000
train,    417, 214.286877,   74, 1.00,    0, 0.000, 0.000, 0.008, 10
train,    414, 410.912430,  120, 0.00,    0, 0.000, 0.000, 0.008, 10
train,    423, 10.326302,   15, 1.00,    0, 0.000, 0.000, 0.008, 10
train,    420, 121.936646,   49, 1.00,    0, 0.000, 0.000, 0.008, 10
train,    424, 67.660826,   32, 1.00,    0, 0.000, 0.000, 0.008, 10
val,      424, 409.764013, 0.0000, 120.0000,   0.0000, 0.0000,  20.0086
curriculum,standard_stability entropy 0.0077 -> 0.0070, actor_lr 0.000060 -> 0.000060, critic_lr 0.000080 -> 0.000080
train,    421, 158.141295,   61, 1.00,    0, 0.000, 0.000, 0.008, 10
train,    425, 135.956755,   54, 1.00,    0, 0.000, 0.000, 0.008, 10
train,    426, 37.380701,   35, 1.00,    0, 0.000, 0.000, 0.008, 10
train,    428, 76.877622,   41, 1.00,    0, 0.000, 0.000, 0.007, 10
train,    422, 362.454704,  120, 0.00,    0, 0.000, 0.000, 0.008, 10
update,   431,   44,  512, 28.485909, -0.000000
train,    427, 278.549680,  111, 1.00,    0, 0.000, 0.000, 0.007, 10
train,    430, 135.150749,   53, 1.00,    0, 0.000, 0.000, 0.007, 10
train,    429, 327.035262,  120, 0.00,    0, 0.000, 0.000, 0.007, 10
train,    432, 121.522161,   52, 1.00,    0, 0.000, 0.000, 0.007, 10
train,    434, -18.278273,   13, 1.00,    0, 0.000, 0.000, 0.007, 10
train,    435, -27.545091,    6, 1.00,    0, 0.000, 0.000, 0.007, 10
train,    436, -1.470580,   14, 1.00,    0, 0.000, 0.000, 0.007, 10
train,    431, 414.304463,  120, 0.00,    0, 0.000, 0.000, 0.007, 10
train,    437, 58.113909,   30, 1.00,    0, 0.000, 0.000, 0.007, 10
update,   440,   45,  512, 27.672150, -0.000000
train,    433, 266.075318,   88, 1.00,    0, 0.000, 0.000, 0.007, 10
train,    439, 123.918415,   51, 1.00,    0, 0.000, 0.000, 0.007, 10
train,    440, 49.137214,   40, 1.00,    0, 0.000, 0.000, 0.007, 10
train,    443, 23.529191,   19, 1.00,    0, 0.000, 0.000, 0.007, 10
train,    442, 37.730935,   26, 1.00,    0, 0.000, 0.000, 0.007, 10
train,    441, 218.908146,   77, 1.00,    0, 0.000, 0.000, 0.007, 10
train,    446, 9.267906,   17, 1.00,    0, 0.000, 0.000, 0.007, 10
train,    438, 414.966111,  120, 0.00,    0, 0.000, 0.000, 0.007, 10
update,   448,   46,  512, 32.233917, -0.000000
train,    445, 207.524568,   74, 1.00,    0, 0.000, 0.000, 0.007, 10
train,    448, 78.538766,   40, 1.00,    0, 0.000, 0.000, 0.007, 10
train,    449, -28.679389,    6, 1.00,    0, 0.000, 0.000, 0.007, 10
train,    447, 107.214595,   48, 1.00,    0, 0.000, 0.000, 0.007, 10
val,      449, 409.970431, 0.0000, 120.0000,   0.0000, 0.0000,  20.0086
curriculum,standard_stability entropy 0.0070 -> 0.0063, actor_lr 0.000060 -> 0.000060, critic_lr 0.000080 -> 0.000080
train,    451, -27.847438,    4, 1.00,    0, 0.000, 0.000, 0.007, 10
train,    444, 326.574163,  109, 1.00,    0, 0.000, 0.000, 0.007, 10
train,    452, 55.096730,   31, 1.00,    0, 0.000, 0.000, 0.007, 10
train,    453, 82.370002,   52, 1.00,    0, 0.000, 0.000, 0.006, 10
train,    454, 91.202839,   38, 1.00,    0, 0.000, 0.000, 0.006, 10
train,    455, 75.092649,   35, 1.00,    0, 0.000, 0.000, 0.006, 10
train,    457, 67.483641,   37, 1.00,    0, 0.000, 0.000, 0.006, 10
update,   459,   47,  512, 24.820564, 0.000000
train,    450, 423.846620,  120, 0.00,    0, 0.000, 0.000, 0.007, 10
train,    459, 94.805969,   38, 1.00,    0, 0.000, 0.000, 0.006, 10
train,    460, 111.297390,   44, 1.00,    0, 0.000, 0.000, 0.006, 10
train,    458, 312.346019,  101, 1.00,    0, 0.000, 0.000, 0.006, 10
train,    456, 380.756344,  120, 0.00,    0, 0.000, 0.000, 0.006, 10
train,    461, 54.178917,   48, 1.00,    0, 0.000, 0.000, 0.006, 10
train,    462, 58.337599,   43, 1.00,    0, 0.000, 0.000, 0.006, 10
train,    463, 170.970053,   60, 1.00,    0, 0.000, 0.000, 0.006, 10
train,    466, 25.143188,   32, 1.00,    0, 0.000, 0.000, 0.006, 10
update,   468,   48,  512, 27.368992, 0.000000
train,    465, 160.624423,   61, 1.00,    0, 0.000, 0.000, 0.006, 10
train,    469, 14.172374,   18, 1.00,    0, 0.000, 0.000, 0.006, 10
train,    464, 273.387452,   90, 1.00,    0, 0.000, 0.000, 0.006, 10
train,    468, 85.539776,   37, 1.00,    0, 0.000, 0.000, 0.006, 10
train,    470, 27.985159,   26, 1.00,    0, 0.000, 0.000, 0.006, 10
train,    467, 163.037815,   61, 1.00,    0, 0.000, 0.000, 0.006, 10
train,    473, 38.515919,   22, 1.00,    0, 0.000, 0.000, 0.006, 10
train,    471, 74.374148,   46, 1.00,    0, 0.000, 0.000, 0.006, 10
train,    475, 32.089821,   21, 1.00,    0, 0.000, 0.000, 0.006, 10
train,    477, 36.124070,   25, 1.00,    0, 0.000, 0.000, 0.006, 10
train,    476, 57.108782,   56, 1.00,    0, 0.000, 0.000, 0.006, 10
update,   479,   49,  512, 23.865660, 0.000000
train,    474, 244.511462,   89, 1.00,    0, 0.000, 0.000, 0.006, 10
val,      474, 409.883360, 0.0000, 120.0000,   0.0000, 0.0000,  20.0086
curriculum,standard_stability entropy 0.0063 -> 0.0056, actor_lr 0.000060 -> 0.000060, critic_lr 0.000080 -> 0.000080
train,    479, 26.783658,   21, 1.00,    0, 0.000, 0.000, 0.006, 10
train,    472, 412.721638,  120, 0.00,    0, 0.000, 0.000, 0.006, 10
train,    478, -108.070597,   43, 1.00,    0, 0.000, 0.000, 0.006, 10
train,    481, 52.599725,   27, 1.00,    0, 0.000, 0.000, 0.006, 10
train,    483, 58.636783,   35, 1.00,    0, 0.000, 0.000, 0.006, 10
train,    480, 195.293588,   74, 1.00,    0, 0.000, 0.000, 0.006, 10
train,    484, 72.935425,   38, 1.00,    0, 0.000, 0.000, 0.006, 10
train,    482, 189.197645,   64, 1.00,    0, 0.000, 0.000, 0.006, 10
train,    485, 48.903106,   31, 1.00,    0, 0.000, 0.000, 0.006, 10
update,   489,   50,  512, 23.500286, -0.000000
train,    488, 195.650868,   74, 1.00,    0, 0.000, 0.000, 0.006, 10
train,    487, 227.859646,   79, 1.00,    0, 0.000, 0.000, 0.006, 10
train,    490, 27.097089,   21, 1.00,    0, 0.000, 0.000, 0.006, 10
train,    486, 414.521942,  120, 0.00,    0, 0.000, 0.000, 0.006, 10
train,    489, 412.183241,  120, 0.00,    0, 0.000, 0.000, 0.006, 10
train,    493, 25.206487,   21, 1.00,    0, 0.000, 0.000, 0.006, 10
train,    492, 150.716532,   57, 1.00,    0, 0.000, 0.000, 0.006, 10
train,    495, 17.106391,   19, 1.00,    0, 0.000, 0.000, 0.006, 10
train,    497, -10.507309,   11, 1.00,    0, 0.000, 0.000, 0.006, 10
update,   498,   51,  512, 30.763321, 0.000000
train,    491, 362.050525,  114, 1.00,    0, 0.000, 0.000, 0.006, 10
train,    498, 54.278849,   36, 1.00,    0, 0.000, 0.000, 0.006, 10
train,    499, 8.183681,   15, 1.00,    0, 0.000, 0.000, 0.006, 10
val,      499, 401.830849, 0.0000, 120.0000,   0.0000, 0.0000,  20.0955
curriculum,standard_stability entropy 0.0056 -> 0.0051, actor_lr 0.000060 -> 0.000060, critic_lr 0.000080 -> 0.000080
train,    496, 225.249747,   79, 1.00,    0, 0.000, 0.000, 0.006, 10
train,    494, 323.793752,  106, 1.00,    0, 0.000, 0.000, 0.006, 10
update,   500,   52,  198, 24.883150, -0.000000
checkpoint_cleanup,promoted=0, kept=8, removed=8
finish,   2026-04-21 22:28:25.496730
