init,     2026-04-13 10:05:39.876489
arguments,Namespace(PPO_epochs=4, adv_norm=1, alg='ppo', cuda=0, curriculum_clean_ratio=0.9, curriculum_entropy_decay=0.94, curriculum_mode='adaptive', curriculum_noise_step=0.008, curriculum_patience=3, entropy=0.28, entropy_min=0.1, eps_clip=0.12, gae_lambda=0.98, gamma=0.996, grad_clip=0.4, gymip_train_xml='inverted_pendulum_ChangeThk_0.050000.xml', hid_group_num=8, hid_group_size=8, hidden_num=64, ignore_checkpoint=True, lane_profile='auto', lr=0.0004, max_noise=0.04, mini_batch_size=192, model='rwtaspk', monitor_time=False, optimizer='rmsprop', rep=11, response_window=40, reward_scale=0.9, road_scenario='highway', rollout_steps=768, rwta_del_connection='none', seed=14083, snn_num_steps=15, task='gymip', thread=-1, traffic_level='standard', train_num=5000, warm_start_kind='none', warm_start_prefix='')
seed,     14083
model_dir,/root/autodl-tmp/SVPG2023/LANE/training_runs/ours/highway_standard/models
log_dir,  /root/autodl-tmp/SVPG2023/LANE/training_runs/ours/highway_standard/logs
profile,  lane auto-stabilize: lr->0.0005, gamma->0.995, PPO_epochs->4, eps_clip->0.15, rollout_steps->512, mini_batch_size->128, gae_lambda->0.97, grad_clip->0.5, curriculum_clean_ratio->0.8, max_noise->0.08, curriculum_noise_step->0.02, lr->0.0004, gamma->0.996, entropy->0.28, eps_clip->0.12, rollout_steps->768, mini_batch_size->192, gae_lambda->0.98, reward_scale->0.9, grad_clip->0.4, curriculum_clean_ratio->0.9, max_noise->0.04, curriculum_noise_step->0.008, curriculum_patience->3, curriculum_entropy_decay->0.94
train,    1, 24.825039,   27, 1.00,   14, 0.000, 0.000, 0.280, 32
train,    2, 15.889979,   17, 1.00,    8, 0.000, 0.000, 0.280, 32
train,    3, 1.740319,    7, 1.00,    2, 0.000, 0.000, 0.280, 32
train,    4, -4.457318,    3, 1.00,    1, 0.000, 0.000, 0.280, 32
train,    5, -0.709937,    5, 1.00,    3, 0.000, 0.000, 0.280, 32
train,    6, -1.866721,    5, 1.00,    2, 0.000, 0.000, 0.280, 32
train,    7, 2.161402,    9, 1.00,    3, 0.000, 0.000, 0.280, 32
train,    8, -3.380358,    4, 1.00,    2, 0.000, 0.000, 0.280, 32
train,    9, -5.558810,    3, 1.00,    1, 0.000, 0.000, 0.280, 33
train,    10, 12.719433,   15, 1.00,    5, 0.000, 0.000, 0.280, 33
train,    11, 7.413225,    9, 1.00,    5, 0.000, 0.000, 0.280, 33
train,    12, 3.435765,   10, 1.00,    5, 0.000, 0.000, 0.280, 33
train,    13, 10.512463,   20, 1.00,   13, 0.000, 0.000, 0.280, 33
train,    14, -1.722816,    7, 1.00,    2, 0.000, 0.000, 0.280, 33
train,    15, -1.385906,    5, 1.00,    2, 0.000, 0.000, 0.280, 33
train,    16, 3.094412,    8, 1.00,    3, 0.000, 0.000, 0.280, 33
train,    17, 9.109355,    9, 1.00,    3, 0.000, 0.000, 0.280, 33
train,    18, 11.183388,   18, 1.00,    6, 0.000, 0.000, 0.280, 33
train,    19, 10.209967,   16, 1.00,    6, 0.000, 0.000, 0.280, 33
train,    20, -1.314565,    6, 1.00,    3, 0.000, 0.000, 0.280, 33
train,    21, 11.302687,   17, 1.00,    6, 0.000, 0.000, 0.280, 33
train,    22, 40.192449,   26, 1.00,   13, 0.000, 0.000, 0.280, 33
train,    23, -0.402479,    5, 1.00,    1, 0.000, 0.000, 0.280, 33
train,    24, 5.510865,   11, 1.00,    6, 0.000, 0.000, 0.280, 33
val_save, 24, 14.202290, 1.0000,  17.2000,  17.2000, 0.0000,  24.7426
val,      24, 14.202290, 1.0000,  17.2000,  17.2000, 0.0000,  24.7426
train,    25, 16.927067,   20, 1.00,    7, 0.000, 0.000, 0.280, 33
train,    26, 7.447330,   11, 1.00,    8, 0.000, 0.000, 0.280, 33
train,    27, 1.269875,    8, 1.00,    2, 0.000, 0.000, 0.280, 34
train,    28, -2.314458,    6, 1.00,    3, 0.000, 0.000, 0.280, 34
train,    29, 3.243048,    8, 1.00,    1, 0.000, 0.000, 0.280, 34
train,    30, 4.787076,    9, 1.00,    4, 0.000, 0.000, 0.280, 34
train,    31, -3.440944,    4, 1.00,    1, 0.000, 0.000, 0.280, 34
train,    32, -1.836230,    7, 1.00,    5, 0.000, 0.000, 0.280, 34
train,    33, -3.697730,    4, 1.00,    1, 0.000, 0.000, 0.280, 34
train,    34, 2.115689,    7, 1.00,    3, 0.000, 0.000, 0.280, 34
train,    35, -3.003743,    4, 1.00,    1, 0.000, 0.000, 0.280, 34
train,    36, 4.935822,   11, 1.00,    2, 0.000, 0.000, 0.280, 34
train,    37, 3.490883,    9, 1.00,    3, 0.000, 0.000, 0.280, 34
train,    38, 40.978719,   40, 1.00,   16, 0.000, 0.000, 0.280, 34
train,    39, 33.572715,   32, 1.00,   14, 0.000, 0.000, 0.280, 34
train,    40, 85.127588,   80, 1.00,   31, 0.000, 0.000, 0.280, 34
train,    41, 8.703697,   10, 1.00,    4, 0.000, 0.000, 0.280, 34
train,    42, -0.866890,    5, 1.00,    1, 0.000, 0.000, 0.280, 34
train,    43, 3.661037,   12, 1.00,    3, 0.000, 0.000, 0.280, 34
train,    44, 26.968393,   22, 1.00,    9, 0.000, 0.000, 0.280, 34
train,    45, 10.814214,   11, 1.00,    2, 0.000, 0.000, 0.280, 35
train,    46, 7.540656,   10, 1.00,    7, 0.000, 0.000, 0.280, 35
train,    47, -5.475518,    3, 1.00,    3, 0.000, 0.000, 0.280, 35
train,    48, 51.757526,   55, 1.00,   22, 0.000, 0.000, 0.280, 35
train,    49, 3.242179,    7, 1.00,    4, 0.000, 0.000, 0.280, 35
val_save, 49, 7.203816, 1.0000,  12.4000,  12.4000, 0.0000,  24.1185
val,      49, 7.203816, 1.0000,  12.4000,  12.4000, 0.0000,  24.1185
train,    50, -2.634330,    6, 1.00,    3, 0.000, 0.000, 0.280, 35
train,    51, -4.711714,    3, 1.00,    1, 0.000, 0.000, 0.280, 35
train,    52, 60.694530,   64, 1.00,   24, 0.000, 0.000, 0.280, 35
train,    53, 11.754012,   19, 1.00,    9, 0.000, 0.000, 0.280, 35
train,    54, 57.587000,   47, 1.00,   18, 0.000, 0.000, 0.280, 35
update,   54,    1,  796, 6.971009, -0.000000
train,    55, -4.823095,    3, 1.00,    1, 0.000, 0.000, 0.280, 35
train,    56, 11.685956,   12, 1.00,    2, 0.000, 0.000, 0.280, 35
train,    57, 1.712660,   10, 1.00,    4, 0.000, 0.000, 0.280, 35
train,    58, -4.619306,    3, 1.00,    1, 0.000, 0.000, 0.280, 35
train,    59, 11.271816,   12, 1.00,    4, 0.000, 0.000, 0.280, 35
train,    60, 20.728626,   25, 1.00,   13, 0.000, 0.000, 0.280, 35
train,    61, -5.367231,    3, 1.00,    2, 0.000, 0.000, 0.280, 35
train,    62, -1.247513,    5, 1.00,    1, 0.000, 0.000, 0.280, 35
train,    63, -0.995236,    5, 1.00,    1, 0.000, 0.000, 0.280, 36
train,    64, 12.589332,   18, 1.00,    7, 0.000, 0.000, 0.280, 36
train,    65, -5.198807,    3, 1.00,    2, 0.000, 0.000, 0.280, 36
train,    66, 14.794077,   16, 1.00,    4, 0.000, 0.000, 0.280, 36
train,    67, -4.362020,    5, 1.00,    2, 0.000, 0.000, 0.280, 36
train,    68, 6.832020,   10, 1.00,    4, 0.000, 0.000, 0.280, 36
train,    69, -0.720479,    7, 1.00,    5, 0.000, 0.000, 0.280, 36
train,    70, 3.924975,   11, 1.00,    7, 0.000, 0.000, 0.280, 36
train,    71, 27.409932,   31, 1.00,    8, 0.000, 0.000, 0.280, 36
train,    72, 0.040303,    6, 1.00,    4, 0.000, 0.000, 0.280, 36
train,    73, -3.270121,    4, 1.00,    1, 0.000, 0.000, 0.280, 36
train,    74, 10.249519,   12, 1.00,    5, 0.000, 0.000, 0.280, 36
val_save, 74, 152.675961, 0.0000, 150.0000,  66.4000, 0.0000,  20.0602
