init,     2026-04-15 01:32:48.363724
arguments,Namespace(PPO_epochs=4, adv_norm=1, alg='ppo', cuda=-1, curriculum_clean_ratio=0.9, curriculum_entropy_decay=0.94, curriculum_mode='adaptive', curriculum_noise_step=0.008, curriculum_patience=3, entropy=0.28, entropy_min=0.1, eps_clip=0.12, gae_lambda=0.99, gamma=0.998, grad_clip=0.4, gymip_train_xml='inverted_pendulum_ChangeThk_0.050000.xml', hid_group_num=8, hid_group_size=8, hidden_num=64, ignore_checkpoint=True, lane_profile='auto', lr=0.0004, max_noise=0.04, mini_batch_size=192, model='rwtaspk', monitor_time=False, optimizer='rmsprop', rep=37, response_window=40, reward_scale=0.9, road_scenario='highway', rollout_steps=768, rwta_del_connection='none', seed=-1, snn_num_steps=15, task='gymip', thread=4, traffic_level='standard', train_envs=1, train_num=2000, warm_start_kind='none', warm_start_prefix='')
seed,     37
model_dir,/root/autodl-tmp/SVPG2023/LANE/training_runs/ours/highway_standard/models
log_dir,  /root/autodl-tmp/SVPG2023/LANE/training_runs/ours/highway_standard/logs
profile,  lane auto-stabilize: lr->0.0005, gamma->0.995, PPO_epochs->4, eps_clip->0.15, rollout_steps->512, mini_batch_size->128, gae_lambda->0.97, grad_clip->0.5, curriculum_clean_ratio->0.8, max_noise->0.08, curriculum_noise_step->0.02, lr->0.0004, gamma->0.998, entropy->0.28, eps_clip->0.12, rollout_steps->768, mini_batch_size->192, gae_lambda->0.99, reward_scale->0.9, grad_clip->0.4, curriculum_clean_ratio->0.9, max_noise->0.04, curriculum_noise_step->0.008, curriculum_patience->3, curriculum_entropy_decay->0.94, train_num->2000
train,    1, 29.460453,   18, 1.00,    4, 0.000, 0.000, 0.280, 32
train,    2, 373.328942,  200, 0.00,   19, 0.000, 0.000, 0.280, 32
train,    3, 42.559778,   26, 1.00,    4, 0.000, 0.000, 0.280, 32
train,    4, 64.582396,   40, 1.00,    5, 0.000, 0.000, 0.280, 32
train,    5, 65.601090,   34, 1.00,    6, 0.000, 0.000, 0.280, 32
train,    6, 40.087389,   28, 1.00,    3, 0.000, 0.000, 0.280, 32
train,    7, 69.012037,   35, 1.00,    3, 0.000, 0.000, 0.280, 32
train,    8, 59.803117,   29, 1.00,    1, 0.000, 0.000, 0.280, 32
train,    9, 406.599184,  200, 0.00,   21, 0.000, 0.000, 0.280, 33
train,    10, 427.863446,  200, 0.00,   19, 0.000, 0.000, 0.280, 33
update,   10,    1,  810, 74.839737, 0.000000
train,    11, 13.531934,   11, 1.00,    1, 0.000, 0.000, 0.280, 33
train,    12, 163.377389,  110, 1.00,   11, 0.000, 0.000, 0.280, 33
train,    13, 62.089813,   30, 1.00,    5, 0.000, 0.000, 0.280, 33
train,    14, 16.581135,   12, 1.00,    3, 0.000, 0.000, 0.280, 33
train,    15, 8.779917,    9, 1.00,    1, 0.000, 0.000, 0.280, 33
train,    16, 67.466071,   51, 1.00,    4, 0.000, 0.000, 0.280, 33
train,    17, 349.308993,  200, 0.00,   20, 0.000, 0.000, 0.280, 33
train,    18, 391.209283,  200, 0.00,   19, 0.000, 0.000, 0.280, 33
train,    19, 400.893896,  200, 0.00,   17, 0.000, 0.000, 0.280, 33
update,   19,    2,  823, 75.939903, -0.000000
train,    20, 53.983427,   28, 1.00,    5, 0.000, 0.000, 0.280, 33
train,    21, 86.269487,   54, 1.00,    6, 0.000, 0.000, 0.280, 33
train,    22, 162.457158,  115, 1.00,    8, 0.000, 0.000, 0.280, 33
train,    23, 108.152509,   53, 1.00,    7, 0.000, 0.000, 0.280, 33
train,    24, 102.311741,   51, 1.00,    8, 0.000, 0.000, 0.280, 33
val_save, 24, 262.134010, 0.6000, 124.2000,  13.4000, 0.4000,  27.7504
val,      24, 262.134010, 0.6000, 124.2000,  13.4000, 0.4000,  27.7504
train,    25, 51.397047,   29, 1.00,    3, 0.000, 0.000, 0.280, 33
train,    26, 108.082311,   56, 1.00,    9, 0.000, 0.000, 0.280, 33
train,    27, 60.396194,   32, 1.00,    3, 0.000, 0.000, 0.280, 34
train,    28, 78.466722,   73, 1.00,    3, 0.000, 0.000, 0.280, 34
train,    29, 133.487131,   78, 1.00,   11, 0.000, 0.000, 0.280, 34
train,    30, 30.311643,   52, 1.00,    2, 0.000, 0.000, 0.280, 34
train,    31, 467.214447,  200, 0.00,   15, 0.000, 0.000, 0.280, 34
update,   31,    3,  821, 49.645786, 0.000000
train,    32, 74.106132,   38, 1.00,    9, 0.000, 0.000, 0.280, 34
train,    33, 141.785021,   66, 1.00,   12, 0.000, 0.000, 0.280, 34
train,    34, 41.964500,   34, 1.00,    2, 0.000, 0.000, 0.280, 34
train,    35, 80.220288,   44, 1.00,    5, 0.000, 0.000, 0.280, 34
train,    36, 12.585086,   10, 1.00,    1, 0.000, 0.000, 0.280, 34
train,    37, 455.413891,  200, 0.00,   19, 0.000, 0.000, 0.280, 34
train,    38, 26.118337,   23, 1.00,    3, 0.000, 0.000, 0.280, 34
train,    39, 11.890909,   12, 1.00,    3, 0.000, 0.000, 0.280, 34
train,    40, 57.495867,   37, 1.00,    5, 0.000, 0.000, 0.280, 34
train,    41, 80.408207,   67, 1.00,    3, 0.000, 0.000, 0.280, 34
train,    42, 299.720064,  200, 0.00,   21, 0.000, 0.000, 0.280, 34
train,    43, 28.464493,   21, 1.00,    1, 0.000, 0.000, 0.280, 34
train,    44, 125.021781,   74, 1.00,    9, 0.000, 0.000, 0.280, 35
update,   44,    4,  826, 57.669960, 0.000000
train,    45, 16.536054,   14, 1.00,    1, 0.000, 0.000, 0.280, 35
train,    46, 63.047283,   35, 1.00,    3, 0.000, 0.000, 0.280, 35
train,    47, 403.819839,  200, 0.00,   17, 0.000, 0.000, 0.280, 35
train,    48, 2.148862,    6, 1.00,    1, 0.000, 0.000, 0.280, 35
train,    49, 165.680455,  127, 1.00,   13, 0.000, 0.000, 0.280, 35
val,      49, 145.063425, 0.8000,  67.2000,   9.6000, 0.2000,  28.7924
train,    50, 426.355078,  200, 0.00,   21, 0.000, 0.000, 0.280, 35
train,    51, 135.011549,   72, 1.00,   11, 0.000, 0.000, 0.280, 35
train,    52, 79.030125,   37, 1.00,    5, 0.000, 0.000, 0.280, 35
train,    53, 33.846271,   23, 1.00,    3, 0.000, 0.000, 0.280, 35
train,    54, 89.084811,   52, 1.00,    7, 0.000, 0.000, 0.280, 35
train,    55, 58.178171,   48, 1.00,    4, 0.000, 0.000, 0.280, 35
update,   55,    5,  814, 66.256912, 0.000000
train,    56, 43.655393,   26, 1.00,    7, 0.000, 0.000, 0.280, 35
train,    57, 130.268927,   63, 1.00,    9, 0.000, 0.000, 0.280, 35
train,    58, 76.194594,   36, 1.00,    6, 0.000, 0.000, 0.280, 35
train,    59, 25.686764,   16, 1.00,    3, 0.000, 0.000, 0.280, 35
train,    60, 96.741096,   54, 1.00,    7, 0.000, 0.000, 0.280, 35
train,    61, 465.219082,  200, 0.00,   21, 0.000, 0.000, 0.280, 35
train,    62, 87.178350,   42, 1.00,    5, 0.000, 0.000, 0.280, 36
train,    63, 141.095129,   98, 1.00,    7, 0.000, 0.000, 0.280, 36
train,    64, 427.098900,  200, 0.00,   23, 0.000, 0.000, 0.280, 36
train,    65, 112.090602,   55, 1.00,    7, 0.000, 0.000, 0.280, 36
update,   65,    6,  790, 76.566658, -0.000000
train,    66, -0.101029,    5, 1.00,    1, 0.000, 0.000, 0.280, 36
train,    67, 410.887261,  200, 0.00,   23, 0.000, 0.000, 0.280, 36
train,    68, 476.365730,  200, 0.00,   21, 0.000, 0.000, 0.280, 36
train,    69, 232.577210,  102, 1.00,   15, 0.000, 0.000, 0.280, 36
train,    70, 42.757958,   32, 1.00,    5, 0.000, 0.000, 0.280, 36
train,    71, 59.730822,   29, 1.00,    5, 0.000, 0.000, 0.280, 36
train,    72, 187.128638,  133, 1.00,   11, 0.000, 0.000, 0.280, 36
train,    73, 442.600284,  200, 0.00,   23, 0.000, 0.000, 0.280, 36
update,   73,    7,  901, 96.442657, 0.000000
train,    74, 194.313216,  175, 1.00,    5, 0.000, 0.000, 0.280, 36
val,      74, 82.996633, 1.0000,  39.0000,   4.2000, 0.0000,  28.9834
train,    75, 144.547940,   73, 1.00,   10, 0.000, 0.000, 0.280, 36
train,    76, 143.765377,   86, 1.00,    9, 0.000, 0.000, 0.280, 36
train,    77, 11.126216,   11, 1.00,    2, 0.000, 0.000, 0.280, 36
train,    78, 101.215169,   52, 1.00,   12, 0.000, 0.000, 0.280, 36
train,    79, 112.013303,   55, 1.00,   10, 0.000, 0.000, 0.280, 37
train,    80, 432.630420,  200, 0.00,   17, 0.000, 0.000, 0.280, 37
train,    81, 26.723767,   27, 1.00,    1, 0.000, 0.000, 0.280, 37
train,    82, 179.207789,   88, 1.00,   10, 0.000, 0.000, 0.280, 37
train,    83, 69.063434,   43, 1.00,    4, 0.000, 0.000, 0.280, 37
update,   83,    8,  810, 66.697250, -0.000000
train,    84, 42.810574,   33, 1.00,    5, 0.000, 0.000, 0.280, 37
train,    85, 318.116647,  200, 0.00,   19, 0.000, 0.000, 0.280, 37
train,    86, 421.904759,  200, 0.00,   21, 0.000, 0.000, 0.280, 37
train,    87, 63.824070,   31, 1.00,    3, 0.000, 0.000, 0.280, 37
train,    88, 22.158708,   15, 1.00,    1, 0.000, 0.000, 0.280, 37
train,    89, 10.632117,    9, 1.00,    2, 0.000, 0.000, 0.280, 37
train,    90, 21.348351,   14, 1.00,    2, 0.000, 0.000, 0.280, 37
train,    91, 21.321804,   14, 1.00,    1, 0.000, 0.000, 0.280, 37
train,    92, 55.675529,   32, 1.00,    5, 0.000, 0.000, 0.280, 37
train,    93, 258.818478,  143, 1.00,   15, 0.000, 0.000, 0.280, 37
train,    94, 172.700776,  148, 1.00,   10, 0.000, 0.000, 0.280, 37
update,   94,    9,  839, 78.397240, 0.000000
train,    95, 33.639504,   20, 1.00,    4, 0.000, 0.000, 0.280, 37
train,    96, 80.528963,   40, 1.00,    6, 0.000, 0.000, 0.280, 37
train,    97, 114.377808,   78, 1.00,   10, 0.000, 0.000, 0.280, 38
train,    98, 382.528008,  200, 0.00,   14, 0.000, 0.000, 0.280, 38
train,    99, 100.406306,   61, 1.00,    9, 0.000, 0.000, 0.280, 38
val,      99, 195.031600, 0.8000,  90.4000,  12.0000, 0.2000,  28.8927
train,    100, 456.383193,  200, 0.00,   21, 0.000, 0.000, 0.280, 38
train,    101, 105.403736,   55, 1.00,    9, 0.000, 0.000, 0.280, 38
train,    102, 88.314033,   62, 1.00,    5, 0.000, 0.000, 0.280, 38
train,    103, 48.778980,   31, 1.00,    4, 0.000, 0.000, 0.280, 38
train,    104, 90.556722,   44, 1.00,    7, 0.000, 0.000, 0.280, 38
update,   104,   10,  791, 80.036942, 0.000000
train,    105, 145.645901,   68, 1.00,   11, 0.000, 0.000, 0.280, 38
train,    106, 152.903606,   82, 1.00,   10, 0.000, 0.000, 0.280, 38
train,    107, 43.278987,   23, 1.00,    3, 0.000, 0.000, 0.280, 38
train,    108, 8.430998,   11, 1.00,    2, 0.000, 0.000, 0.280, 38
train,    109, 27.235776,   16, 1.00,    1, 0.000, 0.000, 0.280, 38
train,    110, 364.688096,  200, 0.00,   19, 0.000, 0.000, 0.280, 38
train,    111, 32.165104,   19, 1.00,    1, 0.000, 0.000, 0.280, 38
train,    112, 239.854167,  123, 1.00,   18, 0.000, 0.000, 0.280, 38
train,    113, 34.315396,   22, 1.00,    1, 0.000, 0.000, 0.280, 38
train,    114, 477.483134,  200, 0.00,   19, 0.000, 0.000, 0.280, 39
train,    115, 465.554748,  200, 0.00,   15, 0.000, 0.000, 0.280, 39
update,   115,   11,  964, 101.504700, -0.000000
train,    116, 250.146307,  200, 0.00,   10, 0.000, 0.000, 0.280, 39
train,    117, 23.890774,   15, 1.00,    3, 0.000, 0.000, 0.280, 39
train,    118, 55.462247,   28, 1.00,    6, 0.000, 0.000, 0.280, 39
train,    119, 43.405479,   24, 1.00,    3, 0.000, 0.000, 0.280, 39
train,    120, 470.909507,  200, 0.00,   21, 0.000, 0.000, 0.280, 39
train,    121, 393.366749,  200, 0.00,   21, 0.000, 0.000, 0.280, 39
train,    122, 57.744609,   32, 1.00,    5, 0.000, 0.000, 0.280, 39
train,    123, 34.374962,   21, 1.00,    3, 0.000, 0.000, 0.280, 39
train,    124, 181.030512,  110, 1.00,   12, 0.000, 0.000, 0.280, 39
update,   124,   12,  830, 98.477844, 0.000000
val,      124, 92.768604, 1.0000,  41.8000,   7.8000, 0.0000,  29.1886
train,    125, 72.980053,   59, 1.00,    4, 0.000, 0.000, 0.280, 39
train,    126, 147.005030,   73, 1.00,   11, 0.000, 0.000, 0.280, 39
train,    127, 157.849975,  128, 1.00,    9, 0.000, 0.000, 0.280, 39
train,    128, 22.026248,   16, 1.00,    0, 0.000, 0.000, 0.280, 39
train,    129, 45.098313,   23, 1.00,    1, 0.000, 0.000, 0.280, 39
train,    130, 127.165146,   75, 1.00,    9, 0.000, 0.000, 0.280, 39
train,    131, 46.131695,   23, 1.00,    3, 0.000, 0.000, 0.280, 39
train,    132, 100.447925,   50, 1.00,    9, 0.000, 0.000, 0.280, 40
train,    133, 29.680635,   18, 1.00,    4, 0.000, 0.000, 0.280, 40
train,    134, 68.594125,   41, 1.00,    5, 0.000, 0.000, 0.280, 40
train,    135, 40.870463,   20, 1.00,    1, 0.000, 0.000, 0.280, 40
train,    136, 38.267470,   21, 1.00,    3, 0.000, 0.000, 0.280, 40
train,    137, 472.535882,  200, 0.00,   21, 0.000, 0.000, 0.280, 40
train,    138, 475.978540,  200, 0.00,   21, 0.000, 0.000, 0.280, 40
update,   138,   13,  947, 86.914757, 0.000000
train,    139, 103.276285,   51, 1.00,    8, 0.000, 0.000, 0.280, 40
train,    140, 454.008104,  200, 0.00,   23, 0.000, 0.000, 0.280, 40
train,    141, 103.918132,   61, 1.00,    7, 0.000, 0.000, 0.280, 40
train,    142, 187.655052,  139, 1.00,   14, 0.000, 0.000, 0.280, 40
train,    143, 65.651954,   48, 1.00,    4, 0.000, 0.000, 0.280, 40
train,    144, 475.045038,  200, 0.00,   21, 0.000, 0.000, 0.280, 40
train,    145, 384.688666,  200, 0.00,   19, 0.000, 0.000, 0.280, 40
update,   145,   14,  899, 110.496994, 0.000000
train,    146, 0.898183,    6, 1.00,    2, 0.000, 0.000, 0.280, 40
train,    147, 44.423660,   33, 1.00,    1, 0.000, 0.000, 0.280, 40
train,    148, 72.976866,   36, 1.00,    8, 0.000, 0.000, 0.280, 40
train,    149, 433.709920,  200, 0.00,   21, 0.000, 0.000, 0.280, 41
val,      149, 68.837634, 1.0000,  33.6000,   5.8000, 0.0000,  28.4892
train,    150, 61.963477,   39, 1.00,    3, 0.000, 0.000, 0.280, 41
train,    151, 88.205757,   44, 1.00,    8, 0.000, 0.000, 0.280, 41
train,    152, 32.426136,   27, 1.00,    1, 0.000, 0.000, 0.280, 41
train,    153, 31.091693,   28, 1.00,    1, 0.000, 0.000, 0.280, 41
train,    154, 46.849698,   25, 1.00,    3, 0.000, 0.000, 0.280, 41
train,    155, 330.845810,  200, 0.00,   19, 0.000, 0.000, 0.280, 41
train,    156, 447.552803,  200, 0.00,   20, 0.000, 0.000, 0.280, 41
update,   156,   15,  838, 103.646408, 0.000000
train,    157, 23.126069,   14, 1.00,    2, 0.000, 0.000, 0.280, 41
train,    158, 370.592570,  200, 0.00,   21, 0.000, 0.000, 0.280, 41
train,    159, 19.589578,   13, 1.00,    1, 0.000, 0.000, 0.280, 41
train,    160, 42.805625,   24, 1.00,    3, 0.000, 0.000, 0.280, 41
train,    161, -3.346069,    3, 1.00,    2, 0.000, 0.000, 0.280, 41
train,    162, 8.272937,    9, 1.00,    1, 0.000, 0.000, 0.280, 41
train,    163, 88.293493,   45, 1.00,    9, 0.000, 0.000, 0.280, 41
train,    164, 210.916495,  147, 1.00,   15, 0.000, 0.000, 0.280, 41
train,    165, 75.969745,   43, 1.00,    5, 0.000, 0.000, 0.280, 41
train,    166, 138.382333,   69, 1.00,   12, 0.000, 0.000, 0.280, 41
train,    167, 93.562074,   49, 1.00,    7, 0.000, 0.000, 0.280, 42
train,    168, 146.641808,   69, 1.00,   11, 0.000, 0.000, 0.280, 42
train,    169, 124.803975,   59, 1.00,   11, 0.000, 0.000, 0.280, 42
train,    170, 363.414997,  200, 0.00,   22, 0.000, 0.000, 0.280, 42
update,   170,   16,  944, 86.820374, 0.000000
train,    171, 81.835472,   41, 1.00,    7, 0.000, 0.000, 0.280, 42
train,    172, 446.283617,  200, 0.00,   23, 0.000, 0.000, 0.280, 42
train,    173, 144.980235,   75, 1.00,   11, 0.000, 0.000, 0.280, 42
train,    174, 23.153328,   19, 1.00,    1, 0.000, 0.000, 0.280, 42
val,      174, 156.921483, 0.8000,  87.2000,  10.2000, 0.0000,  27.7531
train,    175, 116.666939,   73, 1.00,    7, 0.000, 0.000, 0.280, 42
train,    176, 25.311500,   15, 1.00,    1, 0.000, 0.000, 0.280, 42
train,    177, 10.603287,   10, 1.00,    3, 0.000, 0.000, 0.280, 42
train,    178, 200.209452,  102, 1.00,   13, 0.000, 0.000, 0.280, 42
train,    179, 134.722345,   65, 1.00,   13, 0.000, 0.000, 0.280, 42
train,    180, 126.527213,   65, 1.00,   12, 0.000, 0.000, 0.280, 42
train,    181, 29.805047,   19, 1.00,    4, 0.000, 0.000, 0.280, 42
train,    182, 57.746908,   29, 1.00,    3, 0.000, 0.000, 0.280, 42
train,    183, 408.946161,  200, 0.00,   19, 0.000, 0.000, 0.280, 42
update,   183,   17,  913, 94.106339, -0.000000
train,    184, 440.198189,  200, 0.00,   25, 0.000, 0.000, 0.280, 43
train,    185, 162.640422,   84, 1.00,   10, 0.000, 0.000, 0.280, 43
train,    186, 10.917677,   10, 1.00,    2, 0.000, 0.000, 0.280, 43
train,    187, 96.500553,   50, 1.00,   11, 0.000, 0.000, 0.280, 43
train,    188, 94.142390,   50, 1.00,    7, 0.000, 0.000, 0.280, 43
train,    189, 82.123660,   43, 1.00,   10, 0.000, 0.000, 0.280, 43
train,    190, 471.655597,  200, 0.00,   21, 0.000, 0.000, 0.280, 43
train,    191, 365.495157,  200, 0.00,   23, 0.000, 0.000, 0.280, 43
update,   191,   18,  837, 115.717003, -0.000000
train,    192, 473.867824,  200, 0.00,   23, 0.000, 0.000, 0.280, 43
train,    193, 172.919227,  102, 1.00,   14, 0.000, 0.000, 0.280, 43
train,    194, 98.912972,   57, 1.00,    9, 0.000, 0.000, 0.280, 43
train,    195, 138.677254,   92, 1.00,    9, 0.000, 0.000, 0.280, 43
train,    196, 400.532606,  200, 0.00,   21, 0.000, 0.000, 0.280, 43
train,    197, 469.420524,  200, 0.00,   19, 0.000, 0.000, 0.280, 43
update,   197,   19,  851, 124.808975, 0.000000
train,    198, 405.059116,  200, 0.00,   19, 0.000, 0.000, 0.280, 43
train,    199, 5.418510,    6, 1.00,    2, 0.000, 0.000, 0.280, 43
val,      199, 246.869568, 0.6000, 104.4000,  11.8000, 0.2000,  28.8081
train,    200, 351.277210,  200, 0.00,   19, 0.000, 0.000, 0.280, 43
train,    201, 108.435254,   54, 1.00,    9, 0.000, 0.000, 0.280, 43
train,    202, 132.507378,   71, 1.00,   11, 0.000, 0.000, 0.280, 44
train,    203, 435.074118,  200, 0.00,   23, 0.000, 0.000, 0.280, 44
train,    204, 177.802485,  141, 1.00,   12, 0.000, 0.000, 0.280, 44
update,   204,   20,  872, 118.102173, -0.000000
train,    205, 24.325494,   15, 1.00,    1, 0.000, 0.000, 0.280, 44
train,    206, 17.007807,   15, 1.00,    1, 0.000, 0.000, 0.280, 44
train,    207, 57.225945,   51, 1.00,    2, 0.000, 0.000, 0.280, 44
train,    208, 16.923316,   13, 1.00,    4, 0.000, 0.000, 0.280, 44
train,    209, 109.762510,   71, 1.00,    6, 0.000, 0.000, 0.280, 44
train,    210, 435.241984,  200, 0.00,   20, 0.000, 0.000, 0.280, 44
train,    211, 427.799285,  200, 0.00,   18, 0.000, 0.000, 0.280, 44
train,    212, 53.918790,   27, 1.00,    3, 0.000, 0.000, 0.280, 44
train,    213, 72.887189,   36, 1.00,    8, 0.000, 0.000, 0.280, 44
train,    214, 142.987875,   84, 1.00,   11, 0.000, 0.000, 0.280, 44
train,    215, 16.106963,   24, 1.00,    2, 0.000, 0.000, 0.280, 44
train,    216, 42.735712,   24, 1.00,    1, 0.000, 0.000, 0.280, 44
train,    217, 71.757100,   44, 1.00,    6, 0.000, 0.000, 0.280, 44
update,   217,   21,  804, 95.910347, -0.000000
train,    218, 231.569085,  124, 1.00,   13, 0.000, 0.000, 0.280, 44
train,    219, 30.763515,   18, 1.00,    3, 0.000, 0.000, 0.280, 45
train,    220, 45.197283,   25, 1.00,    4, 0.000, 0.000, 0.280, 45
train,    221, 40.512119,   41, 1.00,    4, 0.000, 0.000, 0.280, 45
train,    222, 31.487431,   20, 1.00,    3, 0.000, 0.000, 0.280, 45
train,    223, 132.854140,   64, 1.00,   10, 0.000, 0.000, 0.280, 45
train,    224, 66.518048,   35, 1.00,    5, 0.000, 0.000, 0.280, 45
val,      224, 177.528481, 0.8000,  79.4000,  10.8000, 0.2000,  28.5471
train,    225, 7.686117,   10, 1.00,    3, 0.000, 0.000, 0.280, 45
train,    226, 311.007422,  200, 0.00,   18, 0.000, 0.000, 0.280, 45
train,    227, 105.919741,   70, 1.00,    7, 0.000, 0.000, 0.280, 45
train,    228, 119.825783,   93, 1.00,    5, 0.000, 0.000, 0.280, 45
train,    229, 188.322045,  124, 1.00,   12, 0.000, 0.000, 0.280, 45
update,   229,   22,  824, 76.880707, 0.000000
train,    230, 104.972433,   53, 1.00,    7, 0.000, 0.000, 0.280, 45
train,    231, 64.940207,   34, 1.00,    5, 0.000, 0.000, 0.280, 45
train,    232, 67.288926,   33, 1.00,    3, 0.000, 0.000, 0.280, 45
train,    233, 38.014816,   21, 1.00,    3, 0.000, 0.000, 0.280, 45
train,    234, 17.630674,   14, 1.00,    2, 0.000, 0.000, 0.280, 45
train,    235, 125.894159,   78, 1.00,    9, 0.000, 0.000, 0.280, 45
train,    236, 23.452217,   15, 1.00,    2, 0.000, 0.000, 0.280, 45
train,    237, 106.371476,   49, 1.00,   11, 0.000, 0.000, 0.280, 46
train,    238, 48.773610,   41, 1.00,    1, 0.000, 0.000, 0.280, 46
train,    239, 95.835260,   68, 1.00,    5, 0.000, 0.000, 0.280, 46
train,    240, 354.882257,  200, 0.00,   21, 0.000, 0.000, 0.280, 46
train,    241, 428.182339,  200, 0.00,   19, 0.000, 0.000, 0.280, 46
update,   241,   23,  806, 87.426140, -0.000000
train,    242, 93.318754,   47, 1.00,    7, 0.000, 0.000, 0.280, 46
train,    243, 88.569985,   44, 1.00,    7, 0.000, 0.000, 0.280, 46
train,    244, 84.162037,   63, 1.00,    7, 0.000, 0.000, 0.280, 46
train,    245, 14.174856,   12, 1.00,    1, 0.000, 0.000, 0.280, 46
train,    246, 45.270295,   24, 1.00,    6, 0.000, 0.000, 0.280, 46
train,    247, 54.145974,   33, 1.00,    3, 0.000, 0.000, 0.280, 46
train,    248, 124.850368,   83, 1.00,    7, 0.000, 0.000, 0.280, 46
train,    249, 112.924437,   53, 1.00,    7, 0.000, 0.000, 0.280, 46
val,      249, 127.880245, 0.8000,  81.6000,   6.8000, 0.0000,  27.2122
train,    250, 41.188855,   21, 1.00,    3, 0.000, 0.000, 0.280, 46
train,    251, 53.293423,   29, 1.00,    4, 0.000, 0.000, 0.280, 46
train,    252, 85.527041,   56, 1.00,    7, 0.000, 0.000, 0.280, 46
train,    253, 27.164371,   16, 1.00,    4, 0.000, 0.000, 0.280, 46
train,    254, 364.990144,  200, 0.00,   25, 0.000, 0.000, 0.280, 47
train,    255, 28.679958,   18, 1.00,    1, 0.000, 0.000, 0.280, 47
train,    256, 10.396355,   10, 1.00,    1, 0.000, 0.000, 0.280, 47
train,    257, 113.985351,   73, 1.00,    5, 0.000, 0.000, 0.280, 47
update,   257,   24,  782, 65.586441, 0.000000
train,    258, 98.080937,   54, 1.00,    7, 0.000, 0.000, 0.280, 47
train,    259, 14.137498,   11, 1.00,    3, 0.000, 0.000, 0.280, 47
train,    260, 10.020746,   15, 1.00,    2, 0.000, 0.000, 0.280, 47
train,    261, 108.729651,   69, 1.00,    7, 0.000, 0.000, 0.280, 47
train,    262, 78.772464,   39, 1.00,    7, 0.000, 0.000, 0.280, 47
train,    263, 338.564287,  200, 0.00,   21, 0.000, 0.000, 0.280, 47
train,    264, 6.903870,    8, 1.00,    1, 0.000, 0.000, 0.280, 47
train,    265, 43.583637,   34, 1.00,    2, 0.000, 0.000, 0.280, 47
train,    266, 245.415467,  175, 1.00,   14, 0.000, 0.000, 0.280, 47
train,    267, 159.536720,   98, 1.00,   13, 0.000, 0.000, 0.280, 47
train,    268, 23.739546,   14, 1.00,    2, 0.000, 0.000, 0.280, 47
train,    269, 294.352392,  200, 0.00,   21, 0.000, 0.000, 0.280, 47
update,   269,   25,  917, 85.501961, -0.000000
train,    270, 71.169661,   38, 1.00,    9, 0.000, 0.000, 0.280, 47
train,    271, 46.228950,   25, 1.00,    3, 0.000, 0.000, 0.280, 47
train,    272, 73.618593,   49, 1.00,    3, 0.000, 0.000, 0.280, 48
train,    273, 62.504560,   30, 1.00,    3, 0.000, 0.000, 0.280, 48
train,    274, 211.056475,   97, 1.00,   19, 0.000, 0.000, 0.280, 48
val,      274, 128.113272, 0.8000,  60.0000,   6.6000, 0.0000,  29.1964
train,    275, 212.411364,  113, 1.00,   11, 0.000, 0.000, 0.280, 48
train,    276, 339.109036,  200, 0.00,   20, 0.000, 0.000, 0.280, 48
train,    277, 127.405874,   67, 1.00,    7, 0.000, 0.000, 0.280, 48
train,    278, 60.072617,   52, 1.00,    3, 0.000, 0.000, 0.280, 48
train,    279, 85.798048,   48, 1.00,    5, 0.000, 0.000, 0.280, 48
train,    280, 153.818664,   82, 1.00,   15, 0.000, 0.000, 0.280, 48
update,   280,   26,  801, 75.371834, 0.000000
train,    281, 10.382343,   17, 1.00,    1, 0.000, 0.000, 0.280, 48
train,    282, 64.978294,   36, 1.00,    5, 0.000, 0.000, 0.280, 48
train,    283, 101.401648,   59, 1.00,   11, 0.000, 0.000, 0.280, 48
train,    284, 157.184690,   75, 1.00,    9, 0.000, 0.000, 0.280, 48
train,    285, 29.407686,   17, 1.00,    3, 0.000, 0.000, 0.280, 48
train,    286, 5.666061,    8, 1.00,    1, 0.000, 0.000, 0.280, 48
train,    287, 338.245597,  200, 0.00,   26, 0.000, 0.000, 0.280, 48
train,    288, 23.448588,   16, 1.00,    2, 0.000, 0.000, 0.280, 48
train,    289, 33.713014,   27, 1.00,    0, 0.000, 0.000, 0.280, 48
train,    290, 40.432745,   27, 1.00,    3, 0.000, 0.000, 0.280, 48
train,    291, 98.067678,   49, 1.00,    8, 0.000, 0.000, 0.280, 48
train,    292, 115.131936,   53, 1.00,    9, 0.000, 0.000, 0.280, 48
train,    293, 47.803801,   24, 1.00,    1, 0.000, 0.000, 0.280, 48
train,    294, 99.135824,   47, 1.00,    6, 0.000, 0.000, 0.280, 48
train,    295, 1.977640,    6, 1.00,    2, 0.000, 0.000, 0.280, 48
train,    296, 72.510080,   48, 1.00,    6, 0.000, 0.000, 0.280, 48
train,    297, 189.348849,  118, 1.00,   14, 0.000, 0.000, 0.280, 48
update,   297,   27,  827, 65.454834, -0.000000
train,    298, 462.759880,  200, 0.00,   29, 0.000, 0.000, 0.280, 48
train,    299, 230.635813,  160, 1.00,    7, 0.000, 0.000, 0.280, 48
val,      299, 134.683076, 1.0000,  65.8000,   9.2000, 0.0000,  28.7119
train,    300, 121.482510,   84, 1.00,    7, 0.000, 0.000, 0.280, 48
train,    301, 95.559071,   49, 1.00,    7, 0.000, 0.000, 0.280, 48
train,    302, 20.060578,   20, 1.00,    1, 0.000, 0.000, 0.280, 48
train,    303, 130.455993,   69, 1.00,    9, 0.000, 0.000, 0.280, 48
train,    304, 93.544587,   85, 1.00,    5, 0.000, 0.000, 0.280, 48
train,    305, 36.149487,   30, 1.00,    2, 0.000, 0.000, 0.280, 48
train,    306, 119.756766,   62, 1.00,    5, 0.000, 0.000, 0.280, 48
train,    307, 27.505549,   17, 1.00,    4, 0.000, 0.000, 0.280, 48
update,   307,   28,  776, 83.860420, 0.000000
train,    308, 179.080388,  124, 1.00,   12, 0.000, 0.000, 0.280, 48
train,    309, 389.000279,  200, 0.00,   27, 0.000, 0.000, 0.280, 48
train,    310, 66.627079,   33, 1.00,    7, 0.000, 0.000, 0.280, 48
train,    311, 74.723409,   40, 1.00,    5, 0.000, 0.000, 0.280, 48
train,    312, 228.298380,  196, 1.00,   10, 0.000, 0.000, 0.280, 48
train,    313, 396.251208,  200, 0.00,   22, 0.000, 0.000, 0.280, 48
update,   313,   29,  793, 107.594009, -0.000000
train,    314, 116.888328,   54, 1.00,    8, 0.000, 0.000, 0.280, 48
train,    315, 42.298567,   37, 1.00,    1, 0.000, 0.000, 0.280, 48
train,    316, 185.928244,   99, 1.00,    9, 0.000, 0.000, 0.280, 48
train,    317, 447.819530,  200, 0.00,   17, 0.000, 0.000, 0.280, 48
train,    318, 50.431244,   26, 1.00,    1, 0.000, 0.000, 0.280, 48
train,    319, 251.107789,  181, 1.00,   15, 0.000, 0.000, 0.280, 48
train,    320, 298.656516,  146, 1.00,   21, 0.000, 0.000, 0.280, 48
train,    321, 201.632160,  124, 1.00,   16, 0.000, 0.000, 0.280, 48
update,   321,   30,  867, 100.620674, 0.000000
train,    322, 111.810958,   53, 1.00,    9, 0.000, 0.000, 0.280, 48
train,    323, 14.204116,   11, 1.00,    1, 0.000, 0.000, 0.280, 48
train,    324, 151.357180,   89, 1.00,    9, 0.000, 0.000, 0.280, 48
val,      324, 160.197824, 1.0000,  90.8000,   9.8000, 0.0000,  27.5282
train,    325, 230.737288,  149, 1.00,   14, 0.000, 0.000, 0.280, 48
train,    326, 120.582984,   92, 1.00,    7, 0.000, 0.000, 0.280, 48
train,    327, 44.419418,   23, 1.00,    2, 0.000, 0.000, 0.280, 48
train,    328, 45.586164,   25, 1.00,    2, 0.000, 0.000, 0.280, 48
train,    329, 397.912613,  200, 0.00,   22, 0.000, 0.000, 0.280, 48
train,    330, 20.425798,   13, 1.00,    1, 0.000, 0.000, 0.280, 48
train,    331, 99.259594,   45, 1.00,    7, 0.000, 0.000, 0.280, 48
train,    332, 43.937323,   29, 1.00,    5, 0.000, 0.000, 0.280, 48
train,    333, 425.057884,  200, 0.00,   24, 0.000, 0.000, 0.280, 48
update,   333,   31,  929, 96.902817, -0.000000
train,    334, 35.901861,   20, 1.00,    3, 0.000, 0.000, 0.280, 48
train,    335, 166.913909,  112, 1.00,    9, 0.000, 0.000, 0.280, 48
train,    336, 72.331592,   35, 1.00,    7, 0.000, 0.000, 0.280, 48
train,    337, 332.854220,  200, 0.00,   23, 0.000, 0.000, 0.280, 48
train,    338, 80.270828,   45, 1.00,    5, 0.000, 0.000, 0.280, 48
train,    339, 39.861496,   27, 1.00,    5, 0.000, 0.000, 0.280, 48
train,    340, 49.115743,   25, 1.00,    6, 0.000, 0.000, 0.280, 48
train,    341, 184.468282,   98, 1.00,   14, 0.000, 0.000, 0.280, 48
train,    342, 40.394568,   21, 1.00,    7, 0.000, 0.000, 0.280, 48
train,    343, 101.785814,  128, 1.00,    3, 0.000, 0.000, 0.280, 48
train,    344, 206.422764,  102, 1.00,   15, 0.000, 0.000, 0.280, 48
update,   344,   32,  813, 78.470001, -0.000000
train,    345, 285.950848,  200, 0.00,   20, 0.000, 0.000, 0.280, 48
train,    346, 130.261984,   65, 1.00,    7, 0.000, 0.000, 0.280, 48
train,    347, 156.662290,  102, 1.00,   11, 0.000, 0.000, 0.280, 48
train,    348, 149.123927,   85, 1.00,   12, 0.000, 0.000, 0.280, 48
train,    349, 68.987448,   35, 1.00,    5, 0.000, 0.000, 0.280, 48
val,      349, 172.602402, 0.8000,  80.0000,  11.8000, 0.0000,  29.0560
train,    350, 416.277741,  200, 0.00,   25, 0.000, 0.000, 0.280, 48
train,    351, 7.617668,    9, 1.00,    1, 0.000, 0.000, 0.280, 48
train,    352, 7.029212,    8, 1.00,    1, 0.000, 0.000, 0.280, 48
train,    353, 61.172848,   29, 1.00,    6, 0.000, 0.000, 0.280, 48
train,    354, 68.036658,   37, 1.00,    4, 0.000, 0.000, 0.280, 48
update,   354,   33,  770, 92.963554, -0.000000
train,    355, 433.691010,  200, 0.00,   23, 0.000, 0.000, 0.280, 48
train,    356, 33.510604,   23, 1.00,    3, 0.000, 0.000, 0.280, 48
train,    357, 6.319789,    9, 1.00,    1, 0.000, 0.000, 0.280, 48
train,    358, 2.935811,    7, 1.00,    1, 0.000, 0.000, 0.280, 48
train,    359, 413.837838,  200, 0.00,   35, 0.000, 0.000, 0.280, 48
train,    360, 16.214502,   11, 1.00,    2, 0.000, 0.000, 0.280, 48
train,    361, 48.213828,   27, 1.00,    1, 0.000, 0.000, 0.280, 48
train,    362, 10.835241,   11, 1.00,    1, 0.000, 0.000, 0.280, 48
train,    363, 473.537908,  200, 0.00,   29, 0.000, 0.000, 0.280, 48
train,    364, 205.089825,  111, 1.00,   13, 0.000, 0.000, 0.280, 48
update,   364,   34,  799, 125.400627, 0.000000
train,    365, 83.091280,   63, 1.00,    5, 0.000, 0.000, 0.280, 48
train,    366, 136.681334,   68, 1.00,    7, 0.000, 0.000, 0.280, 48
train,    367, 383.037688,  200, 0.00,   22, 0.000, 0.000, 0.280, 48
train,    368, 56.454988,   29, 1.00,    6, 0.000, 0.000, 0.280, 48
train,    369, 443.656481,  200, 0.00,   27, 0.000, 0.000, 0.280, 48
train,    370, 37.014011,   31, 1.00,    3, 0.000, 0.000, 0.280, 48
train,    371, 93.434463,   67, 1.00,    5, 0.000, 0.000, 0.280, 48
train,    372, 202.795853,  151, 1.00,   10, 0.000, 0.000, 0.280, 48
update,   372,   35,  809, 103.387077, 0.000000
train,    373, 131.031197,   67, 1.00,   13, 0.000, 0.000, 0.280, 48
train,    374, 77.037476,   36, 1.00,    8, 0.000, 0.000, 0.280, 48
val,      374, 174.259847, 0.8000, 101.6000,   9.4000, 0.2000,  27.4178
train,    375, 117.910916,   60, 1.00,    9, 0.000, 0.000, 0.280, 48
train,    376, 39.587239,   21, 1.00,    2, 0.000, 0.000, 0.280, 48
train,    377, 34.555546,   24, 1.00,    2, 0.000, 0.000, 0.280, 48
train,    378, 16.063720,   14, 1.00,    1, 0.000, 0.000, 0.280, 48
train,    379, 354.795061,  200, 0.00,   23, 0.000, 0.000, 0.280, 48
train,    380, 11.054322,   11, 1.00,    2, 0.000, 0.000, 0.280, 48
train,    381, 4.978559,    8, 1.00,    1, 0.000, 0.000, 0.280, 48
train,    382, 54.245857,   35, 1.00,    3, 0.000, 0.000, 0.280, 48
train,    383, 436.091450,  200, 0.00,   27, 0.000, 0.000, 0.280, 48
train,    384, 196.617788,  109, 1.00,   15, 0.000, 0.000, 0.280, 48
update,   384,   36,  785, 102.540367, 0.000000
train,    385, 3.505372,    7, 1.00,    1, 0.000, 0.000, 0.280, 48
train,    386, 360.526028,  200, 0.00,   19, 0.000, 0.000, 0.280, 48
train,    387, 65.450384,   36, 1.00,    7, 0.000, 0.000, 0.280, 48
train,    388, 88.291271,   57, 1.00,    7, 0.000, 0.000, 0.280, 48
train,    389, 121.510024,   54, 1.00,    6, 0.000, 0.000, 0.280, 48
train,    390, 0.325023,    6, 1.00,    1, 0.000, 0.000, 0.280, 48
train,    391, 83.915915,   43, 1.00,    6, 0.000, 0.000, 0.280, 48
train,    392, 42.178855,   23, 1.00,    5, 0.000, 0.000, 0.280, 48
train,    393, 62.552277,   38, 1.00,    7, 0.000, 0.000, 0.280, 48
train,    394, 242.044664,  138, 1.00,   13, 0.000, 0.000, 0.280, 48
train,    395, 71.091395,   54, 1.00,    5, 0.000, 0.000, 0.280, 48
train,    396, 45.504802,   23, 1.00,    3, 0.000, 0.000, 0.280, 48
train,    397, 73.695081,   50, 1.00,    4, 0.000, 0.000, 0.280, 48
train,    398, 371.387664,  200, 0.00,   19, 0.000, 0.000, 0.280, 48
update,   398,   37,  929, 90.646034, -0.000000
train,    399, 350.355532,  200, 0.00,   25, 0.000, 0.000, 0.280, 48
val,      399, 203.471314, 0.8000,  89.6000,  12.2000, 0.2000,  29.1847
train,    400, 71.849608,   34, 1.00,    4, 0.000, 0.000, 0.280, 48
train,    401, 448.402276,  200, 0.00,   33, 0.000, 0.000, 0.280, 48
train,    402, 6.867412,   10, 1.00,    1, 0.000, 0.000, 0.280, 48
train,    403, 119.826168,   54, 1.00,    9, 0.000, 0.000, 0.280, 48
train,    404, 59.413924,   31, 1.00,    3, 0.000, 0.000, 0.280, 48
train,    405, 327.533886,  164, 1.00,   21, 0.000, 0.000, 0.280, 48
train,    406, 145.087996,   70, 1.00,    7, 0.000, 0.000, 0.280, 48
train,    407, 239.173673,  110, 1.00,   17, 0.000, 0.000, 0.280, 48
update,   407,   38,  873, 116.851715, -0.000000
train,    408, 185.692736,  113, 1.00,   19, 0.000, 0.000, 0.280, 48
train,    409, 9.328711,    9, 1.00,    2, 0.000, 0.000, 0.280, 48
train,    410, 317.262774,  200, 0.00,   21, 0.000, 0.000, 0.280, 48
train,    411, 43.302027,   24, 1.00,    3, 0.000, 0.000, 0.280, 48
train,    412, 9.727975,   12, 1.00,    1, 0.000, 0.000, 0.280, 48
train,    413, 57.327146,   28, 1.00,    1, 0.000, 0.000, 0.280, 48
train,    414, 108.304562,   59, 1.00,    5, 0.000, 0.000, 0.280, 48
train,    415, 53.234225,   42, 1.00,    3, 0.000, 0.000, 0.280, 48
train,    416, 116.464463,   78, 1.00,    5, 0.000, 0.000, 0.280, 48
train,    417, 24.181425,   16, 1.00,    3, 0.000, 0.000, 0.280, 48
train,    418, 283.073017,  200, 0.00,   17, 0.000, 0.000, 0.280, 48
update,   418,   39,  781, 88.993256, -0.000000
train,    419, 213.389125,  105, 1.00,   15, 0.000, 0.000, 0.280, 48
train,    420, 117.349133,   55, 1.00,    9, 0.000, 0.000, 0.280, 48
train,    421, 138.844769,   85, 1.00,    9, 0.000, 0.000, 0.280, 48
train,    422, 46.615421,   26, 1.00,    5, 0.000, 0.000, 0.280, 48
train,    423, 13.300430,   13, 1.00,    1, 0.000, 0.000, 0.280, 48
train,    424, 56.600165,   30, 1.00,    5, 0.000, 0.000, 0.280, 48
val,      424, 58.794593, 1.0000,  30.0000,   6.0000, 0.0000,  28.4475
train,    425, 38.918569,   23, 1.00,    5, 0.000, 0.000, 0.280, 48
train,    426, 48.152610,   28, 1.00,    2, 0.000, 0.000, 0.280, 48
train,    427, 21.582340,   15, 1.00,    1, 0.000, 0.000, 0.280, 48
train,    428, 35.135529,   31, 1.00,    1, 0.000, 0.000, 0.280, 48
train,    429, 456.977649,  200, 0.00,   25, 0.000, 0.000, 0.280, 48
train,    430, 98.555733,   48, 1.00,    9, 0.000, 0.000, 0.280, 48
train,    431, 37.291518,   22, 1.00,    4, 0.000, 0.000, 0.280, 48
train,    432, 24.214212,   18, 1.00,    1, 0.000, 0.000, 0.280, 48
train,    433, 179.432709,   99, 1.00,   12, 0.000, 0.000, 0.280, 48
update,   433,   40,  798, 82.817177, -0.000000
train,    434, 335.543541,  200, 0.00,   23, 0.000, 0.000, 0.280, 48
train,    435, 108.719721,   74, 1.00,    7, 0.000, 0.000, 0.280, 48
train,    436, 254.895172,  170, 1.00,   15, 0.000, 0.000, 0.280, 48
train,    437, 159.035027,   85, 1.00,    9, 0.000, 0.000, 0.280, 48
train,    438, 133.694738,   93, 1.00,    7, 0.000, 0.000, 0.280, 48
train,    439, 111.645166,   62, 1.00,    7, 0.000, 0.000, 0.280, 48
train,    440, 129.408633,   65, 1.00,    9, 0.000, 0.000, 0.280, 48
train,    441, 74.715178,   53, 1.00,    4, 0.000, 0.000, 0.280, 48
update,   441,   41,  802, 88.037941, -0.000000
train,    442, 170.672872,   89, 1.00,   13, 0.000, 0.000, 0.280, 48
train,    443, 130.603726,   67, 1.00,   13, 0.000, 0.000, 0.280, 48
train,    444, 4.762972,    9, 1.00,    1, 0.000, 0.000, 0.280, 48
train,    445, 75.540400,   39, 1.00,    5, 0.000, 0.000, 0.280, 48
train,    446, 144.885448,   75, 1.00,   13, 0.000, 0.000, 0.280, 48
train,    447, 6.337449,    8, 1.00,    1, 0.000, 0.000, 0.280, 48
train,    448, 268.633135,  145, 1.00,   23, 0.000, 0.000, 0.280, 48
train,    449, 48.949538,   27, 1.00,    1, 0.000, 0.000, 0.280, 48
val,      449, 91.177472, 1.0000,  47.8000,   6.2000, 0.0000,  28.4171
train,    450, 63.781914,   34, 1.00,    6, 0.000, 0.000, 0.280, 48
train,    451, 1.174994,    7, 1.00,    2, 0.000, 0.000, 0.280, 48
train,    452, 153.456010,  102, 1.00,   13, 0.000, 0.000, 0.280, 48
train,    453, 209.993089,  106, 1.00,   14, 0.000, 0.000, 0.280, 48
train,    454, 67.488610,   69, 1.00,    3, 0.000, 0.000, 0.280, 48
update,   454,   42,  777, 74.519485, -0.000000
train,    455, 112.341302,   53, 1.00,    6, 0.000, 0.000, 0.280, 48
train,    456, 149.117499,   79, 1.00,   10, 0.000, 0.000, 0.280, 48
train,    457, 22.797098,   15, 1.00,    1, 0.000, 0.000, 0.280, 48
train,    458, 83.173345,   47, 1.00,    5, 0.000, 0.000, 0.280, 48
train,    459, 198.104464,  120, 1.00,   11, 0.000, 0.000, 0.280, 48
train,    460, 28.027309,   17, 1.00,    3, 0.000, 0.000, 0.280, 48
train,    461, 51.505865,   26, 1.00,    5, 0.000, 0.000, 0.280, 48
train,    462, 133.271185,   87, 1.00,    9, 0.000, 0.000, 0.280, 48
train,    463, 212.345297,  128, 1.00,   14, 0.000, 0.000, 0.280, 48
train,    464, 359.132026,  200, 0.00,   15, 0.000, 0.000, 0.280, 48
update,   464,   43,  772, 87.447487, -0.000000
train,    465, 249.967409,  133, 1.00,   15, 0.000, 0.000, 0.280, 48
train,    466, 62.416844,   31, 1.00,    4, 0.000, 0.000, 0.280, 48
train,    467, 213.137536,  105, 1.00,   15, 0.000, 0.000, 0.280, 48
train,    468, 366.966664,  200, 0.00,   20, 0.000, 0.000, 0.280, 48
train,    469, 144.481954,   82, 1.00,   11, 0.000, 0.000, 0.280, 48
train,    470, 114.629063,   54, 1.00,   11, 0.000, 0.000, 0.280, 48
train,    471, 3.290912,    6, 1.00,    1, 0.000, 0.000, 0.280, 48
train,    472, 134.641568,  112, 1.00,    7, 0.000, 0.000, 0.280, 48
train,    473, 97.816221,   88, 1.00,    1, 0.000, 0.000, 0.280, 48
update,   473,   44,  811, 88.000732, 0.000000
train,    474, 127.558561,   60, 1.00,    7, 0.000, 0.000, 0.280, 48
val,      474, 120.039797, 0.8000,  70.6000,   6.4000, 0.2000,  27.4025
train,    475, 54.145878,   33, 1.00,    4, 0.000, 0.000, 0.280, 48
train,    476, 46.974841,   26, 1.00,    5, 0.000, 0.000, 0.280, 48
train,    477, 20.939223,   15, 1.00,    2, 0.000, 0.000, 0.280, 48
train,    478, 25.899738,   22, 1.00,    1, 0.000, 0.000, 0.280, 48
train,    479, 46.313461,   36, 1.00,    3, 0.000, 0.000, 0.280, 48
train,    480, 45.231556,   25, 1.00,    3, 0.000, 0.000, 0.280, 48
train,    481, 78.891048,   52, 1.00,    8, 0.000, 0.000, 0.280, 48
train,    482, 98.019346,   48, 1.00,    9, 0.000, 0.000, 0.280, 48
train,    483, 96.900639,   57, 1.00,    6, 0.000, 0.000, 0.280, 48
train,    484, 8.968864,    9, 1.00,    1, 0.000, 0.000, 0.280, 48
train,    485, 83.392014,   47, 1.00,    7, 0.000, 0.000, 0.280, 48
train,    486, 30.092350,   19, 1.00,    1, 0.000, 0.000, 0.280, 48
train,    487, 106.119151,   59, 1.00,    5, 0.000, 0.000, 0.280, 48
train,    488, 136.813871,   72, 1.00,   15, 0.000, 0.000, 0.280, 48
train,    489, 30.369423,   30, 1.00,    1, 0.000, 0.000, 0.280, 48
train,    490, 52.812250,   28, 1.00,    3, 0.000, 0.000, 0.280, 48
train,    491, 94.570628,   46, 1.00,    7, 0.000, 0.000, 0.280, 48
train,    492, 130.505758,   82, 1.00,    9, 0.000, 0.000, 0.280, 48
train,    493, 84.468032,   40, 1.00,    7, 0.000, 0.000, 0.280, 48
update,   493,   45,  806, 45.994144, -0.000000
train,    494, -6.201440,    3, 1.00,    2, 0.000, 0.000, 0.280, 48
train,    495, 257.393331,  129, 1.00,   18, 0.000, 0.000, 0.280, 48
train,    496, 7.181877,    8, 1.00,    1, 0.000, 0.000, 0.280, 48
train,    497, 9.649841,    9, 1.00,    1, 0.000, 0.000, 0.280, 48
train,    498, 70.476715,   33, 1.00,    7, 0.000, 0.000, 0.280, 48
train,    499, 197.455253,  123, 1.00,   12, 0.000, 0.000, 0.280, 48
val,      499, 141.431122, 0.8000,  61.2000,   8.2000, 0.0000,  29.0626
train,    500, 105.648882,   47, 1.00,    9, 0.000, 0.000, 0.280, 48
train,    501, 30.165748,   19, 1.00,    4, 0.000, 0.000, 0.280, 48
train,    502, 372.453452,  198, 1.00,   23, 0.000, 0.000, 0.280, 48
train,    503, 21.212807,   14, 1.00,    1, 0.000, 0.000, 0.280, 48
train,    504, 110.420929,   52, 1.00,    7, 0.000, 0.000, 0.280, 48
train,    505, 455.473770,  200, 0.00,   25, 0.000, 0.000, 0.280, 48
update,   505,   46,  835, 102.099052, 0.000000
train,    506, 88.239976,   49, 1.00,    6, 0.000, 0.000, 0.280, 48
train,    507, 26.164672,   16, 1.00,    2, 0.000, 0.000, 0.280, 48
train,    508, 340.965084,  192, 1.00,   21, 0.000, 0.000, 0.280, 48
train,    509, 276.938905,  170, 1.00,   22, 0.000, 0.000, 0.280, 48
train,    510, 16.789947,   12, 1.00,    1, 0.000, 0.000, 0.280, 48
train,    511, 79.810360,   56, 1.00,    6, 0.000, 0.000, 0.280, 48
train,    512, 13.652226,   10, 1.00,    1, 0.000, 0.000, 0.280, 48
train,    513, 82.031500,   52, 1.00,    5, 0.000, 0.000, 0.280, 48
train,    514, 21.634262,   14, 1.00,    2, 0.000, 0.000, 0.280, 48
train,    515, 133.273887,   61, 1.00,    8, 0.000, 0.000, 0.280, 48
train,    516, 40.301323,   35, 1.00,    2, 0.000, 0.000, 0.280, 48
train,    517, 137.833854,   70, 1.00,    9, 0.000, 0.000, 0.280, 48
train,    518, 106.536711,   75, 1.00,    3, 0.000, 0.000, 0.280, 48
update,   518,   47,  812, 77.473618, 0.000000
train,    519, 319.454027,  159, 1.00,   25, 0.000, 0.000, 0.280, 48
train,    520, 15.903965,   15, 1.00,    1, 0.000, 0.000, 0.280, 48
train,    521, 41.783341,   27, 1.00,    3, 0.000, 0.000, 0.280, 48
train,    522, 35.846404,   21, 1.00,    1, 0.000, 0.000, 0.280, 48
train,    523, 156.316719,   99, 1.00,   16, 0.000, 0.000, 0.280, 48
train,    524, 272.246003,  190, 1.00,   11, 0.000, 0.000, 0.280, 48
val,      524, 164.698449, 1.0000,  93.0000,  11.8000, 0.0000,  27.8377
train,    525, 247.885373,  146, 1.00,   22, 0.000, 0.000, 0.280, 48
train,    526, 59.316264,   35, 1.00,    1, 0.000, 0.000, 0.280, 48
train,    527, 59.974725,   36, 1.00,    3, 0.000, 0.000, 0.280, 48
train,    528, 184.476677,  118, 1.00,    7, 0.000, 0.000, 0.280, 48
update,   528,   48,  846, 86.471611, 0.000000
train,    529, 33.789356,   20, 1.00,    4, 0.000, 0.000, 0.280, 48
train,    530, 20.076947,   15, 1.00,    3, 0.000, 0.000, 0.280, 48
train,    531, 385.588650,  200, 0.00,   27, 0.000, 0.000, 0.280, 48
train,    532, 476.143000,  200, 0.00,   19, 0.000, 0.000, 0.280, 48
train,    533, 135.291588,   67, 1.00,   15, 0.000, 0.000, 0.280, 48
train,    534, 71.415618,   34, 1.00,    7, 0.000, 0.000, 0.280, 48
train,    535, 43.625720,   24, 1.00,    5, 0.000, 0.000, 0.280, 48
train,    536, 172.894707,  103, 1.00,   13, 0.000, 0.000, 0.280, 48
train,    537, 100.078842,   50, 1.00,    4, 0.000, 0.000, 0.280, 48
train,    538, 128.118252,   72, 1.00,    9, 0.000, 0.000, 0.280, 48
update,   538,   49,  785, 102.448822, -0.000000
train,    539, 54.512107,   44, 1.00,    5, 0.000, 0.000, 0.280, 48
train,    540, 93.907040,   65, 1.00,    5, 0.000, 0.000, 0.280, 48
train,    541, 103.591430,   53, 1.00,    9, 0.000, 0.000, 0.280, 48
train,    542, 48.261125,   29, 1.00,    4, 0.000, 0.000, 0.280, 48
train,    543, 126.078187,   69, 1.00,    8, 0.000, 0.000, 0.280, 48
train,    544, 477.055047,  200, 0.00,   27, 0.000, 0.000, 0.280, 48
train,    545, 43.069894,   27, 1.00,    6, 0.000, 0.000, 0.280, 48
train,    546, 464.198569,  200, 0.00,   25, 0.000, 0.000, 0.280, 48
train,    547, 41.892008,   40, 1.00,    5, 0.000, 0.000, 0.280, 48
train,    548, 135.245271,   63, 1.00,    9, 0.000, 0.000, 0.280, 48
update,   548,   50,  790, 102.360535, 0.000000
train,    549, 129.847096,   70, 1.00,    9, 0.000, 0.000, 0.280, 48
val,      549, 157.325684, 0.8000,  87.2000,  10.4000, 0.0000,  27.8639
train,    550, 452.617132,  200, 0.00,   27, 0.000, 0.000, 0.280, 48
train,    551, 41.680364,   22, 1.00,    2, 0.000, 0.000, 0.280, 48
train,    552, 91.257139,   43, 1.00,    5, 0.000, 0.000, 0.280, 48
train,    553, 20.597600,   13, 1.00,    1, 0.000, 0.000, 0.280, 48
train,    554, 34.071693,   31, 1.00,    4, 0.000, 0.000, 0.280, 48
train,    555, 69.625933,   53, 1.00,    3, 0.000, 0.000, 0.280, 48
train,    556, 131.309568,   62, 1.00,   11, 0.000, 0.000, 0.280, 48
train,    557, 448.358992,  200, 0.00,   29, 0.000, 0.000, 0.280, 48
train,    558, 185.721213,  162, 1.00,    8, 0.000, 0.000, 0.280, 48
update,   558,   51,  856, 103.972763, 0.000000
train,    559, 42.961536,   23, 1.00,    3, 0.000, 0.000, 0.280, 48
train,    560, 221.193251,  123, 1.00,   13, 0.000, 0.000, 0.280, 48
train,    561, 97.459594,   61, 1.00,    5, 0.000, 0.000, 0.280, 48
train,    562, 58.204325,   29, 1.00,    5, 0.000, 0.000, 0.280, 48
train,    563, 7.096078,    9, 1.00,    0, 0.000, 0.000, 0.280, 48
train,    564, 111.629911,   70, 1.00,    7, 0.000, 0.000, 0.280, 48
train,    565, 121.936131,  107, 1.00,    8, 0.000, 0.000, 0.280, 48
train,    566, 118.153506,   68, 1.00,   10, 0.000, 0.000, 0.280, 48
train,    567, 60.063819,   30, 1.00,    3, 0.000, 0.000, 0.280, 48
train,    568, 276.293006,  200, 0.00,   17, 0.000, 0.000, 0.280, 48
train,    569, 103.712227,   56, 1.00,   12, 0.000, 0.000, 0.280, 48
update,   569,   52,  776, 76.512894, -0.000000
train,    570, 14.560883,   11, 1.00,    2, 0.000, 0.000, 0.280, 48
train,    571, 87.684442,   40, 1.00,    5, 0.000, 0.000, 0.280, 48
train,    572, 120.951849,   61, 1.00,    9, 0.000, 0.000, 0.280, 48
train,    573, 150.863786,  137, 1.00,   11, 0.000, 0.000, 0.280, 48
train,    574, 60.757600,   32, 1.00,    4, 0.000, 0.000, 0.280, 48
val,      574, 129.435209, 0.8000,  73.4000,  10.0000, 0.2000,  27.5462
train,    575, 39.066953,   27, 1.00,    1, 0.000, 0.000, 0.280, 48
train,    576, 97.642883,   51, 1.00,    5, 0.000, 0.000, 0.280, 48
train,    577, 431.219915,  200, 0.00,   23, 0.000, 0.000, 0.280, 48
train,    578, 110.304163,   53, 1.00,    9, 0.000, 0.000, 0.280, 48
train,    579, 355.583609,  200, 0.00,   27, 0.000, 0.000, 0.280, 48
update,   579,   53,  812, 95.516502, -0.000000
train,    580, 180.618191,  105, 1.00,   13, 0.000, 0.000, 0.280, 48
train,    581, 101.290294,   71, 1.00,    7, 0.000, 0.000, 0.280, 48
train,    582, 45.963630,   32, 1.00,    3, 0.000, 0.000, 0.280, 48
train,    583, 43.668037,   23, 1.00,    4, 0.000, 0.000, 0.280, 48
train,    584, 80.621961,   49, 1.00,    4, 0.000, 0.000, 0.280, 48
train,    585, 396.045727,  200, 0.00,   25, 0.000, 0.000, 0.280, 48
train,    586, 302.047938,  200, 0.00,   17, 0.000, 0.000, 0.280, 48
train,    587, 432.826673,  200, 0.00,   19, 0.000, 0.000, 0.280, 48
update,   587,   54,  880, 111.581345, 0.000000
train,    588, 446.696407,  200, 0.00,   25, 0.000, 0.000, 0.280, 48
train,    589, 57.934088,   34, 1.00,    3, 0.000, 0.000, 0.280, 48
train,    590, 16.386825,   13, 1.00,    1, 0.000, 0.000, 0.280, 48
train,    591, 152.886950,  109, 1.00,   11, 0.000, 0.000, 0.280, 48
train,    592, 66.236060,   36, 1.00,    3, 0.000, 0.000, 0.280, 48
train,    593, 16.689562,   13, 1.00,    1, 0.000, 0.000, 0.280, 48
train,    594, 66.329219,   39, 1.00,    7, 0.000, 0.000, 0.280, 48
train,    595, 141.324587,   82, 1.00,   11, 0.000, 0.000, 0.280, 48
train,    596, 41.495799,   24, 1.00,    5, 0.000, 0.000, 0.280, 48
train,    597, 8.712641,   11, 1.00,    2, 0.000, 0.000, 0.280, 48
train,    598, 104.219046,   55, 1.00,    9, 0.000, 0.000, 0.280, 48
train,    599, 70.451974,   36, 1.00,    3, 0.000, 0.000, 0.280, 48
val,      599, 113.253112, 1.0000,  62.6000,   8.2000, 0.0000,  27.5233
train,    600, 440.484846,  200, 0.00,   26, 0.000, 0.000, 0.280, 48
update,   600,   55,  852, 98.560097, -0.000000
train,    601, 24.684038,   19, 1.00,    1, 0.000, 0.000, 0.280, 48
train,    602, 79.385771,   44, 1.00,    5, 0.000, 0.000, 0.280, 48
train,    603, 236.091895,  128, 1.00,   13, 0.000, 0.000, 0.280, 48
train,    604, 140.578531,   75, 1.00,    8, 0.000, 0.000, 0.280, 48
train,    605, 26.017317,   18, 1.00,    3, 0.000, 0.000, 0.280, 48
train,    606, 169.633247,   96, 1.00,    7, 0.000, 0.000, 0.280, 48
train,    607, 215.347298,  134, 1.00,   11, 0.000, 0.000, 0.280, 48
train,    608, 16.446271,   12, 1.00,    1, 0.000, 0.000, 0.280, 48
train,    609, 170.421692,   89, 1.00,   15, 0.000, 0.000, 0.280, 48
train,    610, 56.348568,   29, 1.00,    1, 0.000, 0.000, 0.280, 48
train,    611, 61.257654,   33, 1.00,    6, 0.000, 0.000, 0.280, 48
train,    612, 73.020402,   37, 1.00,    3, 0.000, 0.000, 0.280, 48
train,    613, 25.246616,   17, 1.00,    2, 0.000, 0.000, 0.280, 48
train,    614, 12.163256,   10, 1.00,    3, 0.000, 0.000, 0.280, 48
train,    615, 34.540937,   27, 1.00,    3, 0.000, 0.000, 0.280, 48
update,   615,   56,  768, 71.080574, 0.000000
train,    616, 105.418754,   48, 1.00,    3, 0.000, 0.000, 0.280, 48
train,    617, 105.283084,   67, 1.00,    7, 0.000, 0.000, 0.280, 48
train,    618, 36.496275,   31, 1.00,    1, 0.000, 0.000, 0.280, 48
train,    619, 137.290283,  100, 1.00,    9, 0.000, 0.000, 0.280, 48
train,    620, 104.821351,   48, 1.00,    9, 0.000, 0.000, 0.280, 48
train,    621, 143.424382,   80, 1.00,   11, 0.000, 0.000, 0.280, 48
train,    622, 22.316748,   25, 1.00,    1, 0.000, 0.000, 0.280, 48
train,    623, 58.857193,   31, 1.00,    3, 0.000, 0.000, 0.280, 48
train,    624, 99.808672,   66, 1.00,    5, 0.000, 0.000, 0.280, 48
val,      624, 113.628412, 0.8000,  55.4000,   8.0000, 0.2000,  28.4521
train,    625, 478.373918,  200, 0.00,   23, 0.000, 0.000, 0.280, 48
train,    626, 64.006586,   37, 1.00,    3, 0.000, 0.000, 0.280, 48
train,    627, 175.872699,   95, 1.00,   17, 0.000, 0.000, 0.280, 48
update,   627,   57,  828, 78.811035, 0.000000
train,    628, 31.090497,   20, 1.00,    5, 0.000, 0.000, 0.280, 48
train,    629, 63.263904,   34, 1.00,    5, 0.000, 0.000, 0.280, 48
train,    630, 23.262652,   32, 1.00,    1, 0.000, 0.000, 0.280, 48
train,    631, 398.803297,  200, 0.00,   19, 0.000, 0.000, 0.280, 48
train,    632, 96.473799,   73, 1.00,    5, 0.000, 0.000, 0.280, 48
train,    633, 209.666848,  147, 1.00,    8, 0.000, 0.000, 0.280, 48
train,    634, 63.110855,   44, 1.00,    7, 0.000, 0.000, 0.280, 48
train,    635, 81.484627,   87, 1.00,    1, 0.000, 0.000, 0.280, 48
train,    636, 200.337552,  101, 1.00,   16, 0.000, 0.000, 0.280, 48
train,    637, 24.455507,   18, 1.00,    4, 0.000, 0.000, 0.280, 48
train,    638, 85.151739,   42, 1.00,    5, 0.000, 0.000, 0.280, 48
update,   638,   58,  798, 78.921211, 0.000000
train,    639, 29.893308,   17, 1.00,    2, 0.000, 0.000, 0.280, 48
train,    640, 12.228939,   12, 1.00,    1, 0.000, 0.000, 0.280, 48
train,    641, 11.901269,   10, 1.00,    1, 0.000, 0.000, 0.280, 48
train,    642, 35.238675,   21, 1.00,    4, 0.000, 0.000, 0.280, 48
train,    643, 28.410090,   17, 1.00,    4, 0.000, 0.000, 0.280, 48
train,    644, 78.717539,   38, 1.00,    7, 0.000, 0.000, 0.280, 48
train,    645, 454.211699,  200, 0.00,   23, 0.000, 0.000, 0.280, 48
train,    646, 366.789238,  200, 0.00,   22, 0.000, 0.000, 0.280, 48
train,    647, 35.123632,   22, 1.00,    4, 0.000, 0.000, 0.280, 48
train,    648, 19.333532,   15, 1.00,    2, 0.000, 0.000, 0.280, 48
train,    649, 101.398225,   60, 1.00,    9, 0.000, 0.000, 0.280, 48
val,      649, 207.875266, 0.0000, 200.0000,   3.4000, 0.0000,  21.2145
train,    650, 27.505287,   16, 1.00,    1, 0.000, 0.000, 0.280, 48
train,    651, 79.749553,   66, 1.00,    3, 0.000, 0.000, 0.280, 48
train,    652, 132.995959,   68, 1.00,   13, 0.000, 0.000, 0.280, 48
train,    653, 343.759164,  200, 0.00,   21, 0.000, 0.000, 0.280, 48
update,   653,   59,  962, 97.036789, 0.000000
train,    654, 447.819300,  200, 0.00,   23, 0.000, 0.000, 0.280, 48
train,    655, 167.704564,   90, 1.00,   11, 0.000, 0.000, 0.280, 48
train,    656, 98.484153,   52, 1.00,    7, 0.000, 0.000, 0.280, 48
train,    657, 188.055094,   95, 1.00,   15, 0.000, 0.000, 0.280, 48
train,    658, 107.123365,   49, 1.00,    6, 0.000, 0.000, 0.280, 48
train,    659, 7.644112,   12, 1.00,    1, 0.000, 0.000, 0.280, 48
train,    660, 59.364293,   46, 1.00,    4, 0.000, 0.000, 0.280, 48
train,    661, 431.918664,  200, 0.00,   28, 0.000, 0.000, 0.280, 48
train,    662, 10.616800,   10, 1.00,    1, 0.000, 0.000, 0.280, 48
train,    663, 289.080693,  200, 0.00,   20, 0.000, 0.000, 0.280, 48
update,   663,   60,  954, 108.163239, 0.000000
train,    664, 86.819457,   51, 1.00,    7, 0.000, 0.000, 0.280, 48
train,    665, 66.233628,   37, 1.00,    8, 0.000, 0.000, 0.280, 48
train,    666, 85.542582,   64, 1.00,    6, 0.000, 0.000, 0.280, 48
train,    667, 115.108702,   64, 1.00,    9, 0.000, 0.000, 0.280, 48
train,    668, 72.917546,   37, 1.00,    5, 0.000, 0.000, 0.280, 48
train,    669, 27.811048,   18, 1.00,    2, 0.000, 0.000, 0.280, 48
train,    670, 92.365856,   55, 1.00,    7, 0.000, 0.000, 0.280, 48
train,    671, 104.682559,   63, 1.00,    5, 0.000, 0.000, 0.280, 48
train,    672, 358.979607,  200, 0.00,   19, 0.000, 0.000, 0.280, 48
train,    673, 43.546667,   25, 1.00,    4, 0.000, 0.000, 0.280, 48
train,    674, 157.987371,   84, 1.00,    9, 0.000, 0.000, 0.280, 48
val,      674, 78.282021, 1.0000,  36.4000,   6.8000, 0.0000,  28.9167
train,    675, 173.186842,   82, 1.00,   13, 0.000, 0.000, 0.280, 48
update,   675,   61,  780, 73.675270, -0.000000
train,    676, 163.407456,  108, 1.00,   13, 0.000, 0.000, 0.280, 48
train,    677, 100.971181,   66, 1.00,    7, 0.000, 0.000, 0.280, 48
train,    678, 96.829068,   53, 1.00,    8, 0.000, 0.000, 0.280, 48
train,    679, 50.003437,   28, 1.00,    6, 0.000, 0.000, 0.280, 48
train,    680, 90.945490,   69, 1.00,    6, 0.000, 0.000, 0.280, 48
train,    681, 127.745133,   84, 1.00,    9, 0.000, 0.000, 0.280, 48
train,    682, 38.971809,   22, 1.00,    3, 0.000, 0.000, 0.280, 48
train,    683, 123.448997,   56, 1.00,   11, 0.000, 0.000, 0.280, 48
train,    684, 23.104554,   25, 1.00,    1, 0.000, 0.000, 0.280, 48
train,    685, 101.523129,   60, 1.00,    5, 0.000, 0.000, 0.280, 48
train,    686, 35.373612,   24, 1.00,    3, 0.000, 0.000, 0.280, 48
train,    687, 134.265113,   66, 1.00,   13, 0.000, 0.000, 0.280, 48
train,    688, 36.251839,   20, 1.00,    3, 0.000, 0.000, 0.280, 48
train,    689, 87.013852,   43, 1.00,    5, 0.000, 0.000, 0.280, 48
train,    690, 12.264782,   12, 1.00,    0, 0.000, 0.000, 0.280, 48
train,    691, 13.770756,   22, 1.00,    2, 0.000, 0.000, 0.280, 48
train,    692, 6.245915,    9, 1.00,    2, 0.000, 0.000, 0.280, 48
train,    693, 11.111011,   10, 1.00,    2, 0.000, 0.000, 0.280, 48
update,   693,   62,  777, 47.815456, 0.000000
train,    694, 44.725632,   34, 1.00,    4, 0.000, 0.000, 0.280, 48
train,    695, 76.185715,   38, 1.00,    3, 0.000, 0.000, 0.280, 48
