init,     2026-04-13 18:20:08.028138
arguments,Namespace(PPO_epochs=4, adv_norm=1, alg='ppo', cuda=0, curriculum_clean_ratio=0.9, curriculum_entropy_decay=0.94, curriculum_mode='adaptive', curriculum_noise_step=0.008, curriculum_patience=3, entropy=0.28, entropy_min=0.1, eps_clip=0.12, gae_lambda=0.98, gamma=0.996, grad_clip=0.4, gymip_train_xml='inverted_pendulum_ChangeThk_0.050000.xml', hid_group_num=8, hid_group_size=8, hidden_num=64, ignore_checkpoint=True, lane_profile='auto', lr=0.0004, max_noise=0.04, mini_batch_size=192, model='rwtaspk', monitor_time=False, optimizer='rmsprop', rep=11, response_window=40, reward_scale=0.9, road_scenario='highway', rollout_steps=768, rwta_del_connection='none', seed=24183, snn_num_steps=15, task='gymip', thread=-1, traffic_level='standard', train_num=5000, warm_start_kind='none', warm_start_prefix='')
seed,     24183
model_dir,/root/autodl-tmp/SVPG2023/LANE/training_runs/ours/highway_standard/models
log_dir,  /root/autodl-tmp/SVPG2023/LANE/training_runs/ours/highway_standard/logs
train,    1, 9.150910,    9, 1.00,    1, 0.000, 0.000, 0.280, 40
train,    2, 57.385338,   34, 1.00,    4, 0.000, 0.000, 0.280, 40
train,    3, 23.621808,   15, 1.00,    4, 0.000, 0.000, 0.280, 40
train,    4, 16.306698,   11, 1.00,    0, 0.000, 0.000, 0.280, 40
train,    5, 45.165894,   43, 1.00,    1, 0.000, 0.000, 0.280, 40
train,    6, 20.628173,   16, 1.00,    2, 0.000, 0.000, 0.280, 40
train,    7, 33.614566,   20, 1.00,    3, 0.000, 0.000, 0.280, 40
train,    8, 55.563344,   27, 1.00,    9, 0.000, 0.000, 0.280, 40
train,    9, 102.381926,   67, 1.00,    9, 0.000, 0.000, 0.280, 40
train,    10, 160.078969,   99, 1.00,   13, 0.000, 0.000, 0.280, 41
train,    11, 18.891841,   13, 1.00,    2, 0.000, 0.000, 0.280, 41
train,    12, 51.688966,   25, 1.00,    5, 0.000, 0.000, 0.280, 41
train,    13, 88.255082,   40, 1.00,    8, 0.000, 0.000, 0.280, 41
train,    14, 42.906487,   22, 1.00,    3, 0.000, 0.000, 0.280, 41
train,    15, 68.488344,   46, 1.00,    4, 0.000, 0.000, 0.280, 41
train,    16, 15.004473,   16, 1.00,    1, 0.000, 0.000, 0.280, 41
train,    17, 147.586358,   66, 1.00,   16, 0.000, 0.000, 0.280, 41
train,    18, 67.156307,   47, 1.00,    6, 0.000, 0.000, 0.280, 41
train,    19, 49.424939,   30, 1.00,    3, 0.000, 0.000, 0.280, 41
train,    20, 25.345266,   28, 1.00,    1, 0.000, 0.000, 0.280, 41
train,    21, 84.202813,   48, 1.00,    7, 0.000, 0.000, 0.280, 41
train,    22, 83.919859,   58, 1.00,    5, 0.000, 0.000, 0.280, 41
update,   22,    1,  780, 20.651527, -0.000000
train,    23, 40.702095,   44, 1.00,    3, 0.000, 0.000, 0.280, 41
train,    24, 45.185354,   24, 1.00,    7, 0.000, 0.000, 0.280, 41
val_save, 24, 105.217784, 0.2000, 122.8000,   2.8000, 0.0000,  21.0120
val,      24, 105.217784, 0.2000, 122.8000,   2.8000, 0.0000,  21.0120
train,    25, 4.633918,    6, 1.00,    1, 0.000, 0.000, 0.280, 41
train,    26, 15.449509,   17, 1.00,    1, 0.000, 0.000, 0.280, 41
train,    27, 83.923067,   76, 1.00,    7, 0.000, 0.000, 0.280, 42
train,    28, 37.525832,   27, 1.00,    1, 0.000, 0.000, 0.280, 42
train,    29, 6.636949,    8, 1.00,    1, 0.000, 0.000, 0.280, 42
train,    30, 24.807942,   18, 1.00,    3, 0.000, 0.000, 0.280, 42
train,    31, 167.608129,   93, 1.00,   13, 0.000, 0.000, 0.280, 42
train,    32, 42.749785,   26, 1.00,    4, 0.000, 0.000, 0.280, 42
train,    33, 63.908146,   35, 1.00,    6, 0.000, 0.000, 0.280, 42
train,    34, 28.070996,   16, 1.00,    3, 0.000, 0.000, 0.280, 42
train,    35, 95.337091,   78, 1.00,    8, 0.000, 0.000, 0.280, 42
train,    36, 64.007876,   35, 1.00,    5, 0.000, 0.000, 0.280, 42
train,    37, -1.715531,    5, 1.00,    1, 0.000, 0.000, 0.280, 42
train,    38, 7.441850,   11, 1.00,    2, 0.000, 0.000, 0.280, 42
train,    39, 8.448970,    7, 1.00,    1, 0.000, 0.000, 0.280, 42
train,    40, 22.585774,   16, 1.00,    4, 0.000, 0.000, 0.280, 42
train,    41, 232.475675,  150, 0.00,   15, 0.000, 0.000, 0.280, 42
train,    42, 299.511802,  150, 0.00,   19, 0.000, 0.000, 0.280, 42
update,   42,    2,  842, 28.381784, -0.000000
train,    43, 37.564917,   23, 1.00,    3, 0.000, 0.000, 0.280, 42
train,    44, 25.273398,   17, 1.00,    1, 0.000, 0.000, 0.280, 42
train,    45, 61.113010,   49, 1.00,    8, 0.000, 0.000, 0.280, 42
train,    46, 50.115521,   27, 1.00,    6, 0.000, 0.000, 0.280, 43
train,    47, 15.434805,   13, 1.00,    1, 0.000, 0.000, 0.280, 43
train,    48, 37.107677,   25, 1.00,    3, 0.000, 0.000, 0.280, 43
train,    49, 22.471947,   15, 1.00,    2, 0.000, 0.000, 0.280, 43
val_save, 49, 147.726655, 0.0000, 150.0000,   3.2000, 0.0000,  21.0171
val,      49, 147.726655, 0.0000, 150.0000,   3.2000, 0.0000,  21.0171
train,    50, 32.571001,   19, 1.00,    3, 0.000, 0.000, 0.280, 43
train,    51, 250.580564,  150, 0.00,   16, 0.000, 0.000, 0.280, 43
train,    52, 78.596855,   53, 1.00,    6, 0.000, 0.000, 0.280, 43
train,    53, 30.577460,   21, 1.00,    3, 0.000, 0.000, 0.280, 43
train,    54, 45.848919,   25, 1.00,    6, 0.000, 0.000, 0.280, 43
train,    55, 29.139056,   18, 1.00,    3, 0.000, 0.000, 0.280, 43
train,    56, 8.707974,    9, 1.00,    1, 0.000, 0.000, 0.280, 43
train,    57, 5.202419,    6, 1.00,    1, 0.000, 0.000, 0.280, 43
train,    58, 51.345601,   25, 1.00,    7, 0.000, 0.000, 0.280, 43
train,    59, 51.574482,   30, 1.00,    7, 0.000, 0.000, 0.280, 43
train,    60, 176.680343,   92, 1.00,   18, 0.000, 0.000, 0.280, 43
train,    61, 10.771028,    9, 1.00,    2, 0.000, 0.000, 0.280, 43
train,    62, 32.381414,   31, 1.00,    2, 0.000, 0.000, 0.280, 43
train,    63, 11.002083,    9, 1.00,    1, 0.000, 0.000, 0.280, 44
train,    64, 60.157017,   32, 1.00,    5, 0.000, 0.000, 0.280, 44
train,    65, 40.538758,   24, 1.00,    1, 0.000, 0.000, 0.280, 44
train,    66, 22.912375,   17, 1.00,    1, 0.000, 0.000, 0.280, 44
train,    67, 33.807961,   20, 1.00,    3, 0.000, 0.000, 0.280, 44
train,    68, 15.720896,   11, 1.00,    2, 0.000, 0.000, 0.280, 44
update,   68,    3,  770, 22.224308, 0.000000
train,    69, 27.199336,   16, 1.00,    5, 0.000, 0.000, 0.280, 44
train,    70, 324.138894,  150, 0.00,   23, 0.000, 0.000, 0.280, 44
train,    71, 258.532000,  150, 0.00,   19, 0.000, 0.000, 0.280, 44
train,    72, 10.958442,    9, 1.00,    1, 0.000, 0.000, 0.280, 44
train,    73, 111.408883,   57, 1.00,   12, 0.000, 0.000, 0.280, 44
train,    74, 111.571791,   64, 1.00,   11, 0.000, 0.000, 0.280, 44
val,      74, 140.732668, 0.0000, 150.0000,   1.8000, 0.0000,  20.8051
train,    75, 57.349260,   29, 1.00,    7, 0.000, 0.000, 0.280, 44
train,    76, 90.919255,   77, 1.00,    7, 0.000, 0.000, 0.280, 44
train,    77, 6.046781,    7, 1.00,    1, 0.000, 0.000, 0.280, 44
train,    78, 231.307598,  125, 1.00,   19, 0.000, 0.000, 0.280, 44
train,    79, 43.385296,   24, 1.00,    1, 0.000, 0.000, 0.280, 44
train,    80, 80.584069,   73, 1.00,    4, 0.000, 0.000, 0.280, 44
update,   80,    4,  781, 40.049473, 0.000000
train,    81, 42.044708,   30, 1.00,    4, 0.000, 0.000, 0.280, 44
train,    82, 77.457592,   54, 1.00,    7, 0.000, 0.000, 0.280, 45
train,    83, 14.870951,   17, 1.00,    3, 0.000, 0.000, 0.280, 45
train,    84, 75.096669,   37, 1.00,    6, 0.000, 0.000, 0.280, 45
train,    85, 75.462955,   36, 1.00,    7, 0.000, 0.000, 0.280, 45
train,    86, 24.015270,   14, 1.00,    2, 0.000, 0.000, 0.280, 45
train,    87, 51.081391,   39, 1.00,    3, 0.000, 0.000, 0.280, 45
train,    88, 22.460373,   13, 1.00,    2, 0.000, 0.000, 0.280, 45
train,    89, 55.483218,   27, 1.00,    4, 0.000, 0.000, 0.280, 45
train,    90, -6.285199,    2, 1.00,    2, 0.000, 0.000, 0.280, 45
train,    91, 19.235460,   11, 1.00,    4, 0.000, 0.000, 0.280, 45
train,    92, 57.318503,   33, 1.00,    7, 0.000, 0.000, 0.280, 45
train,    93, 21.040763,   13, 1.00,    1, 0.000, 0.000, 0.280, 45
train,    94, 37.767824,   31, 1.00,    3, 0.000, 0.000, 0.280, 45
train,    95, 38.053955,   22, 1.00,    6, 0.000, 0.000, 0.280, 45
train,    96, 18.536900,   14, 1.00,    6, 0.000, 0.000, 0.280, 45
train,    97, 93.051744,   60, 1.00,    9, 0.000, 0.000, 0.280, 45
train,    98, 68.398274,   41, 1.00,    5, 0.000, 0.000, 0.280, 45
train,    99, 49.390151,   26, 1.00,    4, 0.000, 0.000, 0.280, 46
val,      99, 110.973622, 0.2000, 122.0000,   3.6000, 0.0000,  21.4570
train,    100, 27.532500,   16, 1.00,    3, 0.000, 0.000, 0.280, 46
train,    101, 34.655630,   22, 1.00,    1, 0.000, 0.000, 0.280, 46
train,    102, 63.774433,   38, 1.00,    7, 0.000, 0.000, 0.280, 46
train,    103, 87.057570,   54, 1.00,    9, 0.000, 0.000, 0.280, 46
train,    104, 106.778030,   58, 1.00,    6, 0.000, 0.000, 0.280, 46
train,    105, 227.072740,  150, 0.00,   15, 0.000, 0.000, 0.280, 46
update,   105,    5,  858, 23.719160, -0.000000
train,    106, 254.602596,  150, 0.00,   20, 0.000, 0.000, 0.280, 46
train,    107, 13.157837,   14, 1.00,    1, 0.000, 0.000, 0.280, 46
train,    108, 52.237923,   31, 1.00,    4, 0.000, 0.000, 0.280, 46
train,    109, 33.999366,   32, 1.00,    3, 0.000, 0.000, 0.280, 46
train,    110, 105.045813,   74, 1.00,    7, 0.000, 0.000, 0.280, 46
train,    111, 56.127343,   41, 1.00,    8, 0.000, 0.000, 0.280, 46
train,    112, 30.390303,   17, 1.00,    1, 0.000, 0.000, 0.280, 46
train,    113, 77.022888,   55, 1.00,    5, 0.000, 0.000, 0.280, 46
train,    114, 11.042211,    9, 1.00,    3, 0.000, 0.000, 0.280, 46
train,    115, 69.202267,   48, 1.00,    6, 0.000, 0.000, 0.280, 46
train,    116, 6.282061,    8, 1.00,    0, 0.000, 0.000, 0.280, 46
train,    117, 80.615727,   39, 1.00,    4, 0.000, 0.000, 0.280, 46
train,    118, 10.703143,   10, 1.00,    1, 0.000, 0.000, 0.280, 47
train,    119, 21.975951,   16, 1.00,    1, 0.000, 0.000, 0.280, 47
train,    120, 93.484734,   78, 1.00,   10, 0.000, 0.000, 0.280, 47
train,    121, 21.910201,   15, 1.00,    4, 0.000, 0.000, 0.280, 47
train,    122, 67.763878,   39, 1.00,    5, 0.000, 0.000, 0.280, 47
train,    123, 86.839731,   56, 1.00,    6, 0.000, 0.000, 0.280, 47
train,    124, 36.322267,   19, 1.00,    1, 0.000, 0.000, 0.280, 47
val,      124, 88.856964, 0.6000, 101.6000,   2.4000, 0.0000,  21.1488
train,    125, 60.666028,   57, 1.00,    7, 0.000, 0.000, 0.280, 47
update,   125,    6,  808, 26.207211, 0.000000
train,    126, 54.707706,   33, 1.00,    7, 0.000, 0.000, 0.280, 47
train,    127, 25.736313,   29, 1.00,    2, 0.000, 0.000, 0.280, 47
train,    128, 13.454654,   10, 1.00,    2, 0.000, 0.000, 0.280, 47
train,    129, 59.069217,   49, 1.00,    5, 0.000, 0.000, 0.280, 47
train,    130, 68.415402,   52, 1.00,    7, 0.000, 0.000, 0.280, 47
train,    131, 10.991678,   10, 1.00,    2, 0.000, 0.000, 0.280, 47
train,    132, 58.060326,   38, 1.00,    6, 0.000, 0.000, 0.280, 47
train,    133, 39.337520,   19, 1.00,    3, 0.000, 0.000, 0.280, 47
train,    134, 82.661443,   42, 1.00,    5, 0.000, 0.000, 0.280, 47
train,    135, 26.641055,   15, 1.00,    1, 0.000, 0.000, 0.280, 48
train,    136, 222.956335,  150, 0.00,   12, 0.000, 0.000, 0.280, 48
train,    137, -6.219957,    2, 1.00,    2, 0.000, 0.000, 0.280, 48
train,    138, 32.816040,   19, 1.00,    2, 0.000, 0.000, 0.280, 48
train,    139, 268.052618,  150, 0.00,   19, 0.000, 0.000, 0.280, 48
train,    140, 40.009699,   38, 1.00,    1, 0.000, 0.000, 0.280, 48
train,    141, 59.660431,   37, 1.00,    3, 0.000, 0.000, 0.280, 48
train,    142, 323.165882,  150, 0.00,   27, 0.000, 0.000, 0.280, 48
update,   142,    7,  843, 38.769024, -0.000000
train,    143, 74.937577,   39, 1.00,    5, 0.000, 0.000, 0.280, 48
train,    144, 23.278636,   13, 1.00,    1, 0.000, 0.000, 0.280, 48
train,    145, 142.558033,   77, 1.00,   11, 0.000, 0.000, 0.280, 48
train,    146, 23.046997,   14, 1.00,    1, 0.000, 0.000, 0.280, 48
train,    147, 17.731550,   13, 1.00,    1, 0.000, 0.000, 0.280, 48
train,    148, 112.434124,   61, 1.00,   11, 0.000, 0.000, 0.280, 48
train,    149, 86.160540,   52, 1.00,    7, 0.000, 0.000, 0.280, 48
val_save, 149, 155.054708, 0.0000, 150.0000,   5.2000, 0.0000,  21.3498
val,      149, 155.054708, 0.0000, 150.0000,   5.2000, 0.0000,  21.3498
train,    150, 1.879735,    6, 1.00,    1, 0.000, 0.000, 0.280, 48
train,    151, 104.992924,   58, 1.00,    9, 0.000, 0.000, 0.280, 48
train,    152, 3.499355,    6, 1.00,    1, 0.000, 0.000, 0.280, 48
train,    153, 6.197421,   10, 1.00,    1, 0.000, 0.000, 0.280, 48
train,    154, 110.650784,   55, 1.00,   13, 0.000, 0.000, 0.280, 49
train,    155, 45.180062,   23, 1.00,    6, 0.000, 0.000, 0.280, 49
train,    156, 29.863813,   22, 1.00,    1, 0.000, 0.000, 0.280, 49
train,    157, 80.744870,   48, 1.00,    5, 0.000, 0.000, 0.280, 49
train,    158, 61.061537,   52, 1.00,    5, 0.000, 0.000, 0.280, 49
train,    159, 54.416726,   32, 1.00,    3, 0.000, 0.000, 0.280, 49
train,    160, 74.874490,   39, 1.00,    5, 0.000, 0.000, 0.280, 49
train,    161, 74.808992,   40, 1.00,    9, 0.000, 0.000, 0.280, 49
train,    162, 7.301039,   18, 1.00,    1, 0.000, 0.000, 0.280, 49
train,    163, 3.199150,    6, 1.00,    1, 0.000, 0.000, 0.280, 49
train,    164, 66.487572,   35, 1.00,    8, 0.000, 0.000, 0.280, 49
train,    165, 42.983448,   31, 1.00,    6, 0.000, 0.000, 0.280, 49
train,    166, 168.611730,   84, 1.00,   17, 0.000, 0.000, 0.280, 49
update,   166,    8,  834, 28.897421, -0.000000
train,    167, 27.890419,   17, 1.00,    4, 0.000, 0.000, 0.280, 49
train,    168, 40.993595,   19, 1.00,    4, 0.000, 0.000, 0.280, 49
train,    169, 64.529549,   40, 1.00,    6, 0.000, 0.000, 0.280, 49
train,    170, 19.928562,   16, 1.00,    1, 0.000, 0.000, 0.280, 49
train,    171, 9.080418,   10, 1.00,    3, 0.000, 0.000, 0.280, 50
train,    172, 112.474940,   89, 1.00,    8, 0.000, 0.000, 0.280, 50
train,    173, 52.410000,   32, 1.00,    3, 0.000, 0.000, 0.280, 50
train,    174, 50.821751,   44, 1.00,    4, 0.000, 0.000, 0.280, 50
val,      174, 142.507274, 0.0000, 150.0000,   3.2000, 0.0000,  20.7368
train,    175, 4.415397,    8, 1.00,    2, 0.000, 0.000, 0.280, 50
train,    176, 57.057390,   44, 1.00,    8, 0.000, 0.000, 0.280, 50
train,    177, 287.606321,  150, 0.00,   21, 0.000, 0.000, 0.280, 50
train,    178, 81.370902,   44, 1.00,    9, 0.000, 0.000, 0.280, 50
train,    179, 73.617000,   41, 1.00,    8, 0.000, 0.000, 0.280, 50
train,    180, 8.734065,    9, 1.00,    3, 0.000, 0.000, 0.280, 50
train,    181, 26.573421,   15, 1.00,    3, 0.000, 0.000, 0.280, 50
train,    182, 83.851398,   50, 1.00,    6, 0.000, 0.000, 0.280, 50
train,    183, 29.742055,   27, 1.00,    1, 0.000, 0.000, 0.280, 50
train,    184, 13.098007,   12, 1.00,    2, 0.000, 0.000, 0.280, 50
train,    185, 56.624149,   35, 1.00,    4, 0.000, 0.000, 0.280, 50
train,    186, 2.800826,   11, 1.00,    1, 0.000, 0.000, 0.280, 50
train,    187, 86.901076,   59, 1.00,    9, 0.000, 0.000, 0.280, 50
update,   187,    9,  772, 29.905708, -0.000000
train,    188, 5.344246,    8, 1.00,    2, 0.000, 0.000, 0.280, 50
train,    189, 38.249915,   30, 1.00,    1, 0.000, 0.000, 0.280, 50
train,    190, 133.354710,  123, 1.00,    8, 0.000, 0.000, 0.280, 51
train,    191, 47.523406,   36, 1.00,    3, 0.000, 0.000, 0.280, 51
train,    192, 74.847936,   41, 1.00,    7, 0.000, 0.000, 0.280, 51
train,    193, 15.498761,   16, 1.00,    1, 0.000, 0.000, 0.280, 51
train,    194, 9.727688,   11, 1.00,    3, 0.000, 0.000, 0.280, 51
train,    195, 106.819903,   56, 1.00,    7, 0.000, 0.000, 0.280, 51
train,    196, 80.860416,   51, 1.00,    4, 0.000, 0.000, 0.280, 51
train,    197, 34.657066,   19, 1.00,    4, 0.000, 0.000, 0.280, 51
train,    198, 101.146707,   61, 1.00,   10, 0.000, 0.000, 0.280, 51
train,    199, 10.312962,   10, 1.00,    2, 0.000, 0.000, 0.280, 51
val,      199, 115.953791, 0.2000, 127.8000,   2.4000, 0.0000,  20.7667
train,    200, 32.602800,   26, 1.00,    2, 0.000, 0.000, 0.280, 51
train,    201, 8.810569,    9, 1.00,    2, 0.000, 0.000, 0.280, 51
train,    202, 228.472947,  150, 0.00,   17, 0.000, 0.000, 0.280, 51
train,    203, 228.703492,  150, 0.00,   14, 0.000, 0.000, 0.280, 51
update,   203,   10,  797, 36.328873, 0.000000
train,    204, 76.263738,   41, 1.00,    7, 0.000, 0.000, 0.280, 51
train,    205, 34.694108,   19, 1.00,    3, 0.000, 0.000, 0.280, 51
train,    206, 44.071959,   23, 1.00,    4, 0.000, 0.000, 0.280, 51
train,    207, 31.557403,   20, 1.00,    3, 0.000, 0.000, 0.280, 52
train,    208, 8.695638,    9, 1.00,    1, 0.000, 0.000, 0.280, 52
train,    209, 81.186672,   60, 1.00,    5, 0.000, 0.000, 0.280, 52
train,    210, 22.165949,   15, 1.00,    2, 0.000, 0.000, 0.280, 52
train,    211, 54.861882,   53, 1.00,    6, 0.000, 0.000, 0.280, 52
train,    212, 2.781360,    5, 1.00,    1, 0.000, 0.000, 0.280, 52
train,    213, 183.962524,  119, 1.00,   15, 0.000, 0.000, 0.280, 52
train,    214, 284.154856,  150, 0.00,   22, 0.000, 0.000, 0.280, 52
train,    215, 24.318261,   30, 1.00,    1, 0.000, 0.000, 0.280, 52
train,    216, 67.551716,   46, 1.00,    7, 0.000, 0.000, 0.280, 52
train,    217, 68.675335,   45, 1.00,    9, 0.000, 0.000, 0.280, 52
train,    218, 15.049841,   18, 1.00,    1, 0.000, 0.000, 0.280, 52
train,    219, 29.332468,   23, 1.00,    3, 0.000, 0.000, 0.280, 52
train,    220, 180.372887,  111, 1.00,   13, 0.000, 0.000, 0.280, 52
update,   220,   11,  787, 37.020363, 0.000000
train,    221, 119.324342,  100, 1.00,    9, 0.000, 0.000, 0.280, 52
train,    222, 230.980097,  150, 0.00,   17, 0.000, 0.000, 0.280, 52
train,    223, 86.026461,   45, 1.00,    6, 0.000, 0.000, 0.280, 52
resume,   2026-04-13 23:08:01.480874
train,    224, 191.573245,  150, 0.00,    5, 0.000, 0.000, 0.280, 45
val_save, 224, 158.154729, 0.0000, 150.0000,   3.2000, 0.0000,  21.3594
val,      224, 158.154729, 0.0000, 150.0000,   3.2000, 0.0000,  21.3594
train,    225, 115.267351,   64, 1.00,    5, 0.000, 0.000, 0.280, 45
train,    226, 236.123802,  150, 0.00,   15, 0.000, 0.000, 0.280, 45
train,    227, 237.103227,  150, 0.00,   13, 0.000, 0.000, 0.280, 45
train,    228, 97.920662,   84, 1.00,    7, 0.000, 0.000, 0.280, 45
train,    229, 72.155010,   40, 1.00,    6, 0.000, 0.000, 0.280, 45
train,    230, 26.304181,   17, 1.00,    1, 0.000, 0.000, 0.280, 45
train,    231, 240.766165,  150, 0.00,   19, 0.000, 0.000, 0.280, 45
update,   231,    1,  805, 49.326511, 0.000000
train,    232, 185.964782,  129, 1.00,   12, 0.000, 0.000, 0.280, 45
train,    233, 31.120620,   18, 1.00,    3, 0.000, 0.000, 0.280, 45
train,    234, 105.087602,   53, 1.00,    9, 0.000, 0.000, 0.280, 45
train,    235, 230.766151,  123, 1.00,   13, 0.000, 0.000, 0.280, 45
train,    236, 147.040972,   70, 1.00,    8, 0.000, 0.000, 0.280, 45
train,    237, 204.966726,  116, 1.00,   13, 0.000, 0.000, 0.280, 46
train,    238, 174.932541,   98, 1.00,   13, 0.000, 0.000, 0.280, 46
train,    239, 85.817745,   48, 1.00,    6, 0.000, 0.000, 0.280, 46
train,    240, 270.213897,  150, 0.00,   17, 0.000, 0.000, 0.280, 46
update,   240,    2,  805, 53.588886, 0.000000
train,    241, 123.278203,  111, 1.00,    4, 0.000, 0.000, 0.280, 46
train,    242, 127.592244,   77, 1.00,    9, 0.000, 0.000, 0.280, 46
train,    243, 165.848823,  103, 1.00,   12, 0.000, 0.000, 0.280, 46
train,    244, 16.822796,   14, 1.00,    1, 0.000, 0.000, 0.280, 46
train,    245, 29.448534,   27, 1.00,    2, 0.000, 0.000, 0.280, 46
train,    246, 38.021601,   30, 1.00,    5, 0.000, 0.000, 0.280, 46
